34 20 119 -0.487
16 25 64 2.747
40 11 128 -0.826
17 29 149 0.145
11 43 146 -0.144
16 33 38 -1.027
43 13 124 -0.537
30 14 117 1.128
10 19 31 -0.336
23 37 78 -0.857
16 32 105 0.403
11 36 68 -0.611
37 13 54 -0.616
39 11 49 -0.498
15 36 29 0.074
40 6 16 -0.613
22 24 4 -0.979
16 36 104 -0.552
34 9 47 -0.779
19 36 138 -0.455
14 37 111 -0.929
35 12 48 -0.136
32 25 43 -0.429
30 22 22 0.644
25 26 4 -1.006
42 11 124 0.081
19 21 75 1.982
16 30 148 0.346
38 19 91 -0.602
30 22 61 2.391
29 29 98 -0.564
20 23 1 1.396
34 12 119 -0.423
23 25 78 0.365
36 9 7 -0.442
22 29 37 -0.449
25 33 77 0.729
24 30 99 -0.562
14 37 110 -0.998
41 14 124 -0.896
33 21 6 0.155
37 8 50 -0.251
25 16 116 -0.009
26 16 117 -0.921
36 23 20 -0.402
38 10 53 0.715
20 27 28 0.317
23 37 77 0.001
16 21 28 -0.335
38 15 89 0.188
13 37 72 -0.333
27 19 97 -0.881
17 23 28 0.560
35 14 82 -0.863
12 36 32 0.257
25 29 23 2.350
32 13 118 0.514
36 12 12 0.420
17 29 147 -0.908
41 11 54 -0.658
12 28 105 2.396
23 18 3 -0.066
34 15 47 -0.110
38 9 12 2.503
33 21 21 -0.125
28 22 23 -0.656
21 26 37 2.896
39 11 51 0.827
34 14 96 0.222
37 14 83 0.302
42 12 49 -0.523
20 36 64 0.728
31 23 94 -1.004
13 37 139 -0.994
41 12 15 -0.676
12 28 142 -0.712
22 29 2 -0.832
33 20 95 -1.030
13 28 106 2.852
27 21 115 -0.887
33 18 21 -0.128
25 26 79 -0.777
38 15 8 0.173
39 10 90 -0.366
42 13 124 -0.915
11 27 105 4.329
13 26 106 1.529
19 23 0 -0.318
14 38 33 0.591
16 32 106 -0.431
35 8 118 1.368
36 21 56 -0.068
36 18 122 -0.357
13 36 71 0.498
38 14 47 -0.480
27 29 135 0.699
28 15 115 -0.553
17 23 34 0.549
16 26 113 -0.865
29 20 115 0.001
17 30 104 1.341
36 20 121 -0.633
27 24 44 -0.809
31 20 94 -1.041
22 22 3 -0.222
31 16 21 0.818
27 23 42 -0.037
15 23 140 1.307
21 31 149 -0.752
42 8 127 1.018
10 34 145 -0.821
11 34 106 -0.477
38 16 10 0.444
44 11 127 -0.726
16 35 74 1.888
38 11 53 -0.597
19 28 37 -0.382
19 26 75 2.304
34 21 80 -0.045
18 25 141 -0.110
36 17 10 0.203
30 17 10 -1.016
17 37 68 -0.787
23 24 24 1.047
22 27 4 -0.968
19 28 76 -0.128
11 32 29 0.212
41 9 90 0.219
33 19 119 0.089
38 14 56 0.571
27 11 4 -0.399
33 1 82 -0.886
28 27 115 -1.026
19 35 65 -0.014
32 20 58 0.654
15 28 148 1.253
39 17 121 -0.432
39 15 9 -0.260
30 12 7 0.482
24 14 38 -0.084
16 33 69 -0.603
24 28 27 -0.619
30 20 98 0.565
19 31 28 -0.715
41 7 15 -0.364
23 19 3 -0.828
24 21 135 0.051
11 25 33 1.150
31 17 22 0.180
13 36 32 -0.887
15 27 72 0.009
31 21 98 0.591
11 36 30 0.331
36 14 134 0.236
33 14 80 -0.576
14 35 112 -0.542
20 25 2 -0.011
30 26 21 -0.674
12 31 106 -0.187
31 25 96 -0.585
32 13 42 0.490
36 16 83 -0.878
19 29 139 -0.514
35 17 82 -0.494
43 11 17 0.570
9 40 35 -0.883
11 32 30 -0.521
22 26 0 -0.871
32 26 21 0.949
13 32 69 0.705
32 9 81 -0.554
18 28 1 -0.271
14 31 71 -0.493
24 24 78 -0.275
42 2 17 0.677
13 30 110 -0.818
16 32 142 -0.263
20 25 76 -0.281
38 14 13 -0.666
18 33 102 0.167
17 23 33 0.857
31 13 5 -0.371
29 22 42 -0.160
36 12 132 -0.909
35 12 8 0.129
25 31 60 -0.885
41 10 83 0.221
9 44 102 -0.659
16 19 74 1.186
20 31 64 0.432
38 11 93 -0.927
40 16 10 0.389
42 10 50 1.501
16 28 148 1.534
18 23 76 0.221
24 38 62 -0.696
11 40 65 -1.045
42 8 16 0.179
40 10 84 -0.320
35 23 95 -0.661
22 33 100 -0.391
26 26 135 -0.426
39 9 129 -0.867
28 15 116 -0.183
38 12 45 0.470
16 32 70 -0.911
34 19 93 -1.000
20 31 37 -0.427
34 6 119 0.521
14 36 112 -0.864
31 22 118 -0.887
27 25 44 -0.787
30 13 40 0.757
28 37 60 -1.054
39 11 83 0.629
24 26 99 -0.637
6 29 108 -1.010
16 28 37 3.655
16 33 140 -0.914
36 10 89 -0.626
13 24 29 -0.915
34 24 95 -0.681
45 3 46 -0.800
38 14 121 -0.555
17 14 2 0.672
39 18 88 -0.126
21 32 101 1.282
34 17 6 -0.184
27 22 39 1.897
15 28 37 0.067
24 24 82 -0.617
30 21 77 -0.268
23 34 24 -0.328
39 14 129 -0.782
30 25 22 1.474
14 33 30 -0.750
38 10 8 0.429
37 12 54 -0.700
25 27 5 0.630
40 11 13 0.635
14 26 31 -0.201
23 25 3 -0.217
18 33 27 0.078
31 16 22 -0.063
26 19 61 1.534
38 16 55 -0.646
39 11 130 -0.207
20 31 137 -0.534
28 17 40 2.310
14 28 31 0.110
30 23 58 -0.076
42 10 124 -0.534
36 22 20 -0.586
40 8 17 0.781
20 22 4 -0.890
27 19 116 -0.296
36 18 133 0.723
35 11 126 -0.601
19 34 63 -0.327
12 37 30 1.689
32 11 8 -0.566
38 20 56 0.092
36 21 95 0.204
30 24 60 2.933
35 18 41 0.454
9 36 143 -0.759
12 32 143 0.476
29 18 116 0.121
19 31 104 0.210
17 27 112 -0.253
38 13 128 -0.762
4 39 108 -0.942
32 21 120 -0.809
15 22 28 1.269
16 28 141 2.096
16 27 29 -0.935
30 27 60 2.872
39 14 89 0.681
27 14 82 -0.774
17 28 29 -0.962
38 10 123 -0.258
25 25 25 1.221
24 25 3 0.387
34 10 85 -0.834
39 13 54 -0.292
34 19 18 -0.996
42 17 130 -0.337
43 13 126 -0.902
19 36 63 -0.532
25 29 25 -0.625
37 17 17 0.548
40 12 131 -0.659
36 5 82 0.880
36 9 10 0.595
16 23 103 -0.981
36 10 83 -0.216
40 12 83 0.140
5 44 108 -0.960
34 17 117 -0.710
14 33 75 -0.754
36 15 6 -0.926
16 23 73 0.620
14 24 106 1.859
18 24 75 1.739
33 12 46 -0.302
22 21 112 3.137
17 31 75 -0.806
40 15 125 0.045
12 30 27 -0.996
19 23 2 -0.521
11 34 30 0.118
41 9 84 0.209
35 22 82 -0.777
13 36 68 -1.046
13 32 32 0.152
30 9 79 0.343
39 12 93 -0.936
32 23 40 -0.754
28 15 117 -0.524
43 8 15 -0.442
16 29 1 0.407
17 25 37 2.161
15 29 141 -0.140
37 19 95 -0.475
40 15 46 0.435
23 29 63 0.391
37 18 48 -0.591
13 23 146 3.908
26 13 4 -0.468
20 27 137 -0.292
20 20 75 -0.251
16 39 137 -1.057
40 6 11 -0.325
28 21 97 -0.972
24 30 23 -0.332
32 23 6 -0.152
17 27 3 -1.070
29 27 97 -1.005
34 17 93 -0.896
40 12 130 -0.533
15 35 33 0.802
42 7 17 0.800
37 22 83 -0.841
18 24 65 1.512
6 41 108 -0.969
26 29 39 -0.581
26 30 137 -0.451
38 18 57 -0.965
22 19 3 -0.303
38 20 91 -0.128
12 40 70 1.089
14 26 74 -0.394
29 21 61 1.158
42 11 56 -0.572
13 32 110 -1.045
39 9 122 0.419
39 9 89 0.518
21 37 101 1.113
30 21 42 -0.470
14 31 146 0.127
23 37 62 -0.771
20 28 28 0.598
24 19 99 -0.963
25 24 24 0.037
14 22 73 -0.632
35 22 7 -0.237
39 13 45 0.395
15 31 149 -0.047
32 16 9 0.668
42 3 17 0.513
15 27 103 -0.979
32 22 81 -0.812
40 16 17 -0.239
42 14 49 -0.645
24 12 0 1.732
19 35 148 -0.014
19 34 73 -0.411
44 12 51 0.398
23 24 100 -0.454
32 21 133 0.135
13 35 33 -0.491
22 32 137 -0.956
31 28 97 0.267
30 24 94 -1.048
34 15 80 -0.438
34 7 131 -1.041
36 21 80 -0.293
22 32 23 -0.928
18 30 64 0.633
37 16 87 -0.136
12 42 109 -0.965
35 17 9 0.799
15 37 67 -0.545
34 15 9 0.464
19 25 64 -0.407
26 14 44 -0.818
29 19 22 0.679
37 7 48 -0.571
38 13 121 -0.730
24 31 26 0.260
44 9 90 0.076
31 26 59 -0.334
11 40 106 0.475
17 23 64 2.994
33 15 7 0.415
20 26 73 -0.741
41 5 12 0.684
12 33 147 -0.119
41 12 46 0.421
26 19 22 0.464
23 25 114 0.955
15 42 75 -1.045
28 22 41 -0.465
34 15 118 0.370
21 18 0 -0.302
18 27 31 -0.464
14 30 31 0.362
14 30 29 -0.703
36 18 20 -0.810
29 16 115 0.482
16 27 31 0.193
11 33 29 -0.584
34 14 124 -0.085
41 11 52 -0.800
12 35 35 0.070
12 42 112 -0.872
35 7 85 -0.962
32 26 95 -0.004
20 23 2 0.114
35 15 85 -0.931
37 5 18 0.045
6 35 108 -0.975
40 10 91 -0.889
41 11 49 -1.047
21 33 23 -0.436
15 34 102 -0.208
35 21 19 0.008
19 30 73 -0.883
29 20 61 2.685
41 3 15 0.449
20 27 1 1.829
16 32 27 -0.772
9 41 107 -0.987
37 12 90 -0.616
10 42 102 -0.661
14 32 36 4.619
12 38 104 -0.359
20 34 63 -0.237
30 13 44 0.047
31 16 79 -0.136
12 27 107 -0.226
38 9 9 0.412
14 32 146 1.292
12 37 147 -0.791
22 30 25 0.967
30 18 42 0.171
32 20 119 -0.648
39 17 10 0.602
18 22 69 0.447
37 10 124 -0.213
34 10 7 0.035
29 23 23 -0.343
8 41 108 0.196
22 28 38 -0.867
15 24 72 -0.400
40 14 92 -0.896
15 28 33 0.624
23 16 1 3.047
32 19 97 -0.369
32 20 6 -0.003
14 35 141 -0.427
39 10 50 1.833
13 29 66 -0.460
30 28 98 -0.897
31 19 44 -0.310
20 23 25 0.267
35 9 126 -0.735
41 8 51 -0.589
27 22 44 -0.702
15 26 34 0.605
35 18 121 -0.227
27 12 4 -0.391
16 29 102 -0.306
17 22 73 0.704
19 24 37 -0.208
39 10 47 -0.402
36 8 45 -0.376
30 22 59 -0.571
20 7 0 0.341
25 23 38 -0.835
28 14 4 -0.342
13 33 74 -0.844
23 23 4 -0.920
28 14 117 -0.904
29 22 97 -1.055
18 32 100 -0.370
18 26 37 2.202
41 11 47 -0.163
31 13 116 0.245
30 11 79 -0.559
14 36 144 -0.906
39 19 131 -0.884
17 25 144 -0.857
37 13 7 -0.723
40 16 46 0.010
32 27 97 -0.764
7 36 109 -0.442
39 10 15 -0.398
19 37 63 -0.067
10 43 109 -0.921
41 7 123 -0.816
37 20 19 0.123
10 28 102 0.325
16 21 113 0.097
27 16 114 2.004
42 11 17 -0.157
26 30 63 -0.244
14 19 73 0.003
14 32 147 -0.430
33 15 42 0.731
16 36 72 -0.906
40 10 127 0.070
38 10 54 0.054
31 24 21 1.172
32 23 61 2.537
16 23 140 1.083
34 14 43 0.291
31 24 60 3.739
33 22 58 -0.241
17 34 33 -0.950
16 24 65 1.405
9 37 108 0.488
37 9 49 0.313
36 12 121 -0.930
28 25 116 -0.842
32 20 117 -0.222
12 30 69 0.104
12 39 35 1.563
17 29 26 -1.049
22 24 2 0.497
29 21 97 -0.832
28 20 77 -0.965
40 10 87 0.829
23 32 78 -0.885
32 16 41 1.508
22 21 63 -0.896
25 27 23 0.535
11 30 143 3.209
35 18 58 0.531
18 30 38 0.964
24 22 149 -0.955
38 10 83 0.373
37 15 132 -0.795
13 38 111 -0.951
11 34 143 0.245
17 25 38 0.043
41 6 15 -0.428
32 6 119 -0.658
14 33 36 2.903
38 11 10 0.497
27 27 136 0.152
38 9 51 0.248
36 17 92 -0.715
37 9 56 -0.687
31 14 120 -0.720
40 13 56 -0.571
31 16 115 -0.620
10 35 109 0.183
31 23 42 -0.316
36 20 133 0.669
24 25 136 -0.771
26 12 4 -0.135
31 22 80 -0.221
34 21 119 -0.892
39 16 17 0.273
32 5 119 -0.777
42 15 128 0.320
26 26 136 -0.904
36 23 120 0.176
31 4 79 0.256
13 32 140 -0.091
19 32 101 -0.165
39 11 47 -0.557
31 24 80 -0.263
32 16 20 -0.595
17 29 65 0.647
37 18 133 1.034
20 31 1 -0.688
12 36 143 -0.736
37 12 10 -0.180
36 26 120 -0.081
25 29 24 -0.729
36 17 56 -0.544
25 27 62 0.319
35 19 55 -0.701
33 19 20 0.088
31 16 7 -0.405
30 21 61 2.604
39 10 45 0.115
13 31 141 -0.349
41 13 122 -0.106
37 8 16 0.141
21 26 149 -0.717
42 12 16 -0.074
33 20 97 3.087
24 30 25 -0.382
33 16 95 0.002
17 29 28 -0.750
18 24 37 0.362
41 12 49 -0.497
12 29 31 0.376
39 14 88 -0.115
17 26 68 -0.626
11 31 35 0.644
32 16 44 -0.079
24 30 24 -0.493
32 17 117 -0.555
14 26 71 1.345
18 27 69 0.405
27 19 120 -0.556
27 30 79 -0.727
38 16 131 -0.574
27 26 62 1.020
32 14 44 -0.069
21 25 2 -0.180
30 17 118 -0.866
37 20 130 -0.996
43 5 51 -0.850
13 36 36 2.529
42 13 127 -0.897
25 27 59 -0.810
26 9 0 1.224
26 25 149 -1.004
29 19 44 -0.893
11 43 102 -0.743
42 6 17 -0.524
43 10 129 0.037
15 28 103 1.036
26 28 58 -0.223
16 30 37 -0.448
31 22 136 2.124
26 18 4 -0.582
37 5 123 -0.724
38 15 56 0.637
32 21 59 -0.217
29 27 21 -0.976
26 20 61 1.817
15 36 112 -0.684
14 31 140 -0.447
15 35 0 -0.599
14 33 31 1.065
31 8 117 -0.091
15 33 141 -0.818
34 14 9 -0.089
43 11 49 -0.064
35 21 94 -0.671
42 8 51 -0.819
9 33 32 -0.592
17 32 69 0.135
14 29 66 0.251
29 24 136 0.348
26 8 4 -0.126
26 24 114 0.170
18 31 64 2.469
17 34 141 -0.529
12 21 69 0.676
17 24 64 0.877
41 13 16 0.197
22 20 3 -0.149
24 21 62 -0.358
38 12 57 0.896
43 13 129 0.076
15 33 69 -0.787
30 26 98 -0.706
38 4 87 -0.878
24 23 5 -0.065
44 14 51 -0.175
39 7 90 -0.575
16 26 27 -0.648
42 9 17 -0.213
33 26 95 0.490
27 23 135 0.273
37 12 49 -0.922
13 33 33 -0.753
37 8 12 0.909
42 19 130 -0.467
37 15 129 -0.918
35 10 8 -0.525
24 19 2 0.249
30 14 40 1.769
16 32 71 0.415
29 25 59 0.060
33 25 133 -0.224
12 35 147 0.202
42 16 17 -0.966
8 28 108 -0.639
32 23 22 2.818
24 24 3 -0.977
40 8 46 -0.891
11 28 144 6.021
24 23 136 -0.503
42 11 91 0.599
12 35 34 -0.779
36 13 12 0.263
18 32 38 0.294
36 11 120 -0.924
20 22 0 0.939
25 30 62 0.411
40 11 47 -0.183
25 25 3 0.190
35 13 43 0.457
17 29 148 -0.779
41 13 54 -0.822
15 24 73 0.950
35 13 84 -0.384
27 27 134 -0.386
29 17 40 2.387
27 19 60 -0.835
29 25 40 -0.825
29 13 118 -0.379
15 36 75 -1.047
40 4 12 -0.910
20 32 63 -0.338
8 26 107 -0.748
36 13 92 -0.917
28 24 23 -0.636
31 19 80 -0.441
23 18 61 0.290
31 24 59 -0.496
15 28 71 0.826
36 15 45 -0.220
38 14 88 -0.261
29 27 135 1.890
10 40 105 -0.415
30 25 96 -0.674
21 36 78 -0.845
21 14 138 2.699
20 29 64 -0.542
39 11 88 -0.615
25 15 5 1.329
17 33 113 -0.984
31 12 45 -0.883
17 27 144 0.743
34 10 121 -0.808
42 11 127 -0.173
34 19 119 -0.553
16 32 74 1.990
35 21 20 -0.076
39 5 121 -0.964
40 18 53 -0.365
31 18 77 -0.330
29 31 96 -0.661
19 23 76 0.187
40 6 124 -0.246
25 26 25 2.913
28 27 60 -0.161
24 32 24 -0.662
37 10 15 -0.554
36 7 11 0.700
22 18 3 -0.338
39 11 54 -0.013
17 24 27 -0.906
40 16 88 -0.225
13 32 31 -0.859
37 20 122 -0.747
32 24 43 -0.338
22 20 24 0.598
30 17 61 2.526
23 28 0 -0.813
16 31 148 0.288
13 31 105 1.338
19 28 112 0.646
35 16 122 -0.326
12 30 106 1.460
11 23 65 -0.979
34 25 95 0.173
38 17 87 -0.893
19 22 1 0.655
23 22 24 1.605
16 32 37 5.805
17 36 38 -0.674
28 20 21 -0.609
33 12 119 -0.744
36 16 133 0.259
15 42 147 -0.597
11 34 72 0.406
28 32 59 -0.784
33 5 82 -0.118
11 30 144 5.773
33 8 117 -0.060
34 15 134 1.101
36 22 80 -0.135
11 36 65 -0.442
16 35 137 -0.657
14 42 147 -0.676
16 37 142 -0.436
34 17 49 -0.694
19 33 26 -1.035
29 21 135 0.829
38 9 11 0.262
38 14 53 0.643
23 27 78 -0.246
19 25 27 1.963
14 39 112 -0.728
14 38 32 -0.641
18 30 1 -0.337
28 28 136 0.178
22 29 25 0.401
40 6 15 -0.398
34 18 119 -0.509
33 19 42 0.596
40 18 18 -0.851
14 33 142 1.634
39 16 85 -0.864
42 9 16 -0.457
41 10 18 -0.666
21 25 138 -0.035
21 30 37 5.336
15 40 148 1.695
13 35 34 -0.748
20 21 73 0.152
26 13 3 0.056
29 16 43 -0.792
21 17 138 2.353
34 22 7 0.283
17 24 74 -0.039
11 33 70 2.872
39 12 123 -0.171
41 2 11 -0.755
17 24 149 -0.119
16 32 104 -0.636
12 39 145 -0.568
32 30 22 -0.137
25 26 61 -0.884
21 28 37 3.052
38 6 46 -0.828
15 28 142 4.617
34 20 6 -0.031
34 25 58 0.210
40 9 50 1.595
37 14 47 -0.729
21 26 113 -0.918
34 18 57 0.004
13 38 72 0.887
28 23 76 -0.529
43 2 12 -0.754
14 28 144 2.939
33 14 56 -0.919
27 32 62 -0.264
35 14 120 -0.826
20 28 73 -0.794
31 12 7 -0.330
18 38 148 0.037
35 14 134 0.724
32 3 82 -0.814
35 23 19 -0.121
31 15 120 -0.427
37 14 46 -0.528
33 14 97 -0.929
14 22 28 -0.065
17 29 64 2.212
21 30 77 -0.541
37 13 132 -0.750
38 10 121 -0.851
19 33 137 0.331
21 24 63 -0.118
36 12 20 -0.729
23 24 112 1.176
34 13 119 -0.730
21 25 28 -0.782
35 26 20 0.319
41 17 125 0.220
26 20 82 -0.606
14 31 69 -0.692
18 22 64 2.546
32 16 134 1.240
37 10 85 -0.305
36 8 84 -0.178
38 8 9 0.546
36 10 121 -0.442
34 14 8 0.320
13 38 145 -0.355
18 25 69 0.323
26 10 4 0.333
15 24 149 -0.187
42 2 46 -0.603
16 38 68 -0.822
27 30 24 -0.063
40 14 13 0.456
38 21 19 0.299
36 12 49 -0.433
22 25 139 0.267
39 13 53 -0.529
24 27 26 -0.021
35 18 56 0.130
23 12 0 1.778
14 30 146 -0.124
13 25 107 0.883
22 25 26 -0.915
27 19 23 -0.723
41 12 50 0.675
12 34 69 0.039
24 31 99 -0.643
27 25 135 -0.031
22 28 113 -0.089
35 19 45 -0.253
15 27 104 -1.042
37 13 93 -1.021
27 29 59 -0.686
42 7 15 0.288
36 22 19 -0.295
35 20 58 0.221
29 18 41 -0.749
21 28 79 -0.977
30 24 134 -0.261
40 13 128 -0.089
20 28 27 1.206
27 26 60 -0.496
33 21 133 -0.414
39 0 12 -0.934
21 18 3 -0.297
43 4 126 0.105
35 10 132 -0.965
37 12 89 -0.386
24 23 4 -0.577
38 10 14 -0.029
12 31 109 0.075
28 23 59 0.344
12 37 71 -0.881
29 12 40 0.724
40 12 90 -0.594
16 26 110 -0.137
25 21 3 0.260
17 39 137 -0.605
42 20 125 -0.016
12 34 145 -0.676
21 24 0 0.726
26 25 100 -0.632
18 27 110 -0.641
16 22 1 -0.596
17 26 141 0.541
11 38 107 -0.936
14 23 71 1.294
33 20 43 0.498
31 27 59 -0.575
14 37 149 -0.907
14 19 34 0.622
14 32 75 -0.684
32 19 118 0.131
26 33 59 -0.807
16 27 142 4.543
13 27 33 0.451
39 21 130 -0.922
20 35 101 0.777
28 24 60 -0.580
41 15 125 0.239
13 35 149 -0.385
30 23 61 2.064
37 11 85 -0.654
11 30 30 1.214
17 33 149 -0.917
33 22 134 -0.304
29 16 117 -0.615
26 24 135 -0.944
20 18 138 1.501
27 29 39 -0.920
32 16 6 -0.037
40 12 53 -0.247
17 29 112 -0.489
16 35 148 -0.778
38 15 91 -0.202
14 23 107 -0.684
16 25 27 -0.914
12 30 71 0.111
7 28 108 -0.611
33 20 58 0.191
20 31 149 -0.679
29 19 40 2.680
24 33 23 0.119
42 0 12 -0.909
23 25 135 -0.650
12 32 108 -0.903
41 10 53 1.136
14 28 106 3.447
29 23 79 0.717
33 19 95 -0.922
13 32 72 -0.644
18 21 33 1.482
39 13 87 -0.746
22 29 64 -0.520
19 34 101 0.693
13 34 69 0.809
24 27 78 -0.363
17 25 27 -0.889
30 17 43 -0.403
24 21 24 0.867
24 25 139 0.767
22 28 138 -0.106
12 24 31 -0.002
36 21 6 1.287
42 11 51 -0.375
16 36 143 -0.514
30 21 5 -0.982
16 30 102 -0.151
39 18 122 -0.510
28 12 4 -0.309
40 3 123 -0.916
30 27 42 0.724
15 28 141 -0.051
28 28 135 0.502
13 36 30 -0.503
16 35 106 -0.268
43 7 14 -0.567
43 12 49 -0.108
16 29 27 -0.839
43 16 128 -0.390
42 14 88 0.436
38 7 87 -0.846
31 22 120 -0.812
14 34 103 1.086
23 26 99 -0.707
38 17 120 -0.261
38 16 47 -0.596
36 12 126 -0.765
38 2 12 -0.197
25 20 4 -0.456
35 12 80 0.091
12 28 143 1.781
29 11 115 1.021
41 15 124 -0.882
33 20 19 -0.334
42 12 90 -0.136
33 16 119 -0.418
9 29 35 0.149
16 37 147 -0.980
18 34 36 2.554
39 11 123 -0.897
12 40 109 -0.935
15 37 102 -0.524
20 26 75 2.113
40 10 130 -0.312
18 37 137 -0.446
35 15 49 -0.456
15 37 144 2.255
31 20 40 -0.185
11 35 106 -0.501
40 12 125 -0.028
20 31 26 -0.995
39 12 121 0.013
38 6 123 -0.719
13 30 31 0.535
32 14 42 0.533
28 16 43 -0.682
14 33 103 2.551
38 10 45 -0.078
39 14 91 -0.416
24 14 0 1.713
36 17 8 -0.427
40 12 52 -0.629
27 22 63 -0.399
31 19 58 -0.049
26 21 59 -0.085
44 7 17 -0.767
19 29 137 0.389
14 27 74 -0.050
27 24 135 0.547
31 18 120 -0.593
38 8 15 0.442
14 38 71 -0.976
26 32 114 -0.228
14 36 110 -0.836
23 24 3 -0.991
30 24 41 0.357
23 29 61 -0.504
23 37 63 -0.996
34 12 85 -1.020
36 16 94 -0.915
42 14 18 -0.608
36 15 57 -0.591
10 32 109 0.304
18 26 113 -0.351
19 24 76 -0.241
21 23 27 -0.371
33 18 91 -0.743
19 22 3 1.025
16 26 73 -0.683
30 25 136 0.474
35 16 94 -0.788
16 36 36 1.378
36 13 80 0.347
13 32 149 -0.643
40 14 86 -0.682
36 2 85 -1.018
33 22 43 0.327
27 21 99 -0.577
12 32 105 2.631
30 16 5 -0.552
16 30 1 -0.454
40 15 126 0.052
32 24 133 -0.961
7 33 102 -0.507
14 22 106 1.710
41 17 18 -0.665
12 36 34 -0.839
16 21 141 -0.214
13 35 65 -0.814
15 30 36 1.591
16 29 104 -0.222
23 19 138 1.499
28 31 99 -0.327
41 17 88 -0.344
32 17 118 0.025
43 10 126 0.774
37 15 17 -0.320
30 18 21 1.154
40 9 11 -0.342
30 30 60 1.232
14 29 105 2.602
34 19 57 -0.257
19 20 34 -0.136
35 14 57 -0.956
18 34 101 -0.128
11 35 30 1.086
27 25 116 -0.450
42 8 15 -0.217
34 18 19 -0.877
36 24 95 0.590
36 13 48 -0.555
39 18 91 0.267
43 9 15 -0.375
21 19 112 0.679
28 29 59 -0.661
15 32 75 0.574
29 30 135 -0.076
36 18 92 -0.938
43 6 88 0.398
43 15 129 0.087
39 5 126 -0.608
39 8 15 -0.540
16 23 141 0.757
38 20 133 0.968
38 15 123 -0.126
40 9 85 0.349
15 36 105 -0.192
18 32 104 0.418
36 14 45 -0.370
11 37 109 -0.240
30 19 44 -0.943
13 30 72 0.361
28 16 42 0.162
29 23 136 -0.360
26 21 4 -0.363
13 32 36 1.493
11 31 106 1.375
21 38 64 -0.783
44 10 52 -0.133
41 11 18 -0.473
38 10 12 3.023
29 15 21 2.416
24 29 99 -0.909
15 37 148 1.546
30 9 4 -0.616
43 12 125 -0.006
32 5 82 -0.902
27 27 79 1.169
18 23 73 3.259
34 16 46 0.072
38 16 84 -0.726
37 18 43 0.493
35 22 58 0.416
13 34 0 -1.056
37 10 12 0.358
17 34 36 2.656
36 15 48 -0.542
31 24 118 -0.110
19 22 64 3.348
18 27 139 -0.346
38 8 49 0.268
41 4 15 -0.061
37 12 120 -0.521
13 37 145 0.973
40 12 88 -0.146
28 33 134 -0.964
23 25 1 2.209
39 15 17 0.454
9 39 35 -1.025
38 18 80 0.121
32 22 59 -0.373
40 6 13 -0.092
25 30 24 -0.613
23 23 5 -0.043
11 40 32 -0.479
39 9 11 -0.450
17 33 72 -0.859
36 14 9 -0.293
13 42 32 -0.815
25 26 76 1.437
25 23 61 -0.789
15 30 67 -0.409
14 25 149 0.003
29 25 97 -1.029
39 8 86 -0.341
35 9 84 -0.247
17 30 111 -0.839
26 15 114 1.159
30 17 77 0.734
23 23 26 -0.061
19 20 2 -0.404
27 30 59 -0.769
40 11 124 -0.092
37 4 131 -1.041
17 19 110 1.107
33 14 81 -0.272
36 18 18 -0.809
35 12 121 -0.874
19 34 26 -0.948
38 13 51 0.700
39 13 10 0.426
36 15 18 -1.021
17 21 31 -0.513
14 37 72 -0.737
15 33 103 2.781
39 8 84 0.221
25 36 77 0.611
11 33 30 -0.252
9 38 109 -0.111
40 11 89 -0.191
40 11 48 0.431
20 28 2 0.020
35 8 50 -0.466
45 3 88 -0.559
26 28 39 -1.022
32 13 117 -0.661
22 37 114 -0.737
28 33 96 -0.571
39 17 120 -0.233
16 30 34 -0.491
24 26 76 1.864
33 18 19 -0.263
36 7 50 -0.402
37 6 7 0.327
40 5 13 -0.066
35 21 57 0.129
21 20 0 0.381
34 14 81 -0.542
15 25 104 1.688
23 24 76 0.266
29 21 115 -0.985
23 22 113 -0.428
14 26 142 1.402
21 21 3 -0.303
19 30 26 -1.022
36 14 47 -0.637
31 26 133 -0.850
17 22 145 -0.259
12 37 35 1.816
5 29 108 -0.965
27 20 114 1.729
25 28 23 0.776
25 27 25 0.012
28 23 116 -0.933
23 28 79 -0.959
42 15 91 0.218
39 11 124 -0.916
32 21 21 0.445
28 31 115 -0.990
19 21 34 -0.159
39 13 89 0.796
22 22 2 0.926
33 19 97 1.676
41 9 16 0.151
31 21 57 -0.863
19 35 26 -0.955
14 34 106 -0.500
33 26 58 -0.181
21 27 37 3.372
30 23 43 -0.589
26 21 99 -0.657
35 15 8 0.480
28 20 114 1.813
14 39 33 -0.152
13 33 143 -0.539
30 21 43 -0.736
41 11 14 -0.068
36 15 93 -0.862
36 21 91 -0.293
40 9 52 -0.815
31 26 135 -0.010
21 30 26 -0.783
18 24 34 -0.201
16 32 141 -0.517
12 29 35 1.680
14 32 74 0.799
39 6 48 0.001
15 33 74 -0.951
37 13 131 -0.188
13 27 31 0.030
15 35 32 0.089
36 23 7 0.060
19 27 31 -0.328
30 20 43 -0.667
41 7 51 -0.984
13 27 149 -0.028
33 14 115 1.595
6 37 108 -0.247
40 10 125 -0.375
34 14 6 0.058
41 11 124 -0.104
11 38 32 0.148
12 28 107 -0.173
33 17 134 -0.448
41 13 46 -0.118
31 23 97 -0.804
23 33 115 -0.891
13 37 36 1.657
38 10 11 -0.018
18 30 139 -0.345
36 22 18 -0.773
32 24 21 1.200
39 16 126 0.306
36 24 19 -0.409
41 2 12 -0.789
24 31 77 0.488
14 28 104 0.130
27 24 114 0.226
36 14 43 0.188
39 10 51 0.501
9 38 35 -0.729
31 13 81 0.355
40 13 55 0.277
39 9 125 -0.612
41 14 49 -0.833
34 14 80 -0.580
36 11 130 -0.192
34 19 7 0.467
36 9 126 -0.569
27 21 82 -0.537
42 18 128 -0.057
13 28 74 -0.587
15 28 74 0.145
27 19 115 -1.035
10 29 65 -0.632
42 15 10 0.666
38 16 122 0.586
39 15 131 -0.889
19 36 73 -0.364
42 10 52 0.483
13 39 105 0.624
31 24 97 1.696
23 27 101 1.948
26 24 63 -0.454
16 33 68 -0.956
27 23 41 -0.674
26 30 62 0.859
27 15 61 2.539
13 24 31 -0.212
38 15 86 -0.911
22 23 114 0.848
31 27 133 -0.781
23 11 1 -0.610
16 29 37 1.599
40 8 90 -0.126
14 40 147 -0.579
37 11 54 -0.770
37 18 122 -0.696
32 20 43 0.970
14 36 71 0.031
22 11 1 2.924
15 33 36 1.197
33 20 93 -0.858
13 39 106 -0.363
31 14 81 -0.439
16 29 70 -0.723
33 20 134 1.581
15 32 70 -0.213
41 14 125 0.225
20 40 64 -0.656
39 9 16 -0.429
13 41 105 0.682
15 36 144 1.959
38 11 56 -0.411
24 10 0 1.711
36 25 19 -0.435
16 29 75 -1.038
41 7 46 -0.712
8 33 102 -0.906
36 22 6 1.855
15 28 144 0.014
41 11 46 0.185
31 17 44 -0.276
39 9 15 -0.669
11 24 105 5.946
40 9 14 -0.290
35 19 10 -0.776
26 28 24 0.184
18 29 102 -0.087
16 30 142 2.031
19 26 63 -0.552
34 8 8 -0.338
27 27 61 -0.684
21 13 138 2.096
34 15 83 -0.777
37 13 53 -0.608
35 14 46 0.061
11 32 147 -0.488
26 30 60 -0.880
37 14 45 -0.020
29 14 39 1.905
36 14 57 -0.765
20 35 138 -0.726
36 10 87 0.774
21 23 63 -0.020
41 21 55 -0.868
25 31 62 0.233
37 11 13 0.674
18 28 38 0.417
40 21 55 -0.539
16 35 104 -0.524
29 22 60 3.069
34 21 57 -0.403
44 5 14 -0.853
35 20 95 -0.173
33 20 6 0.725
15 37 33 1.235
13 24 74 -0.406
12 29 67 -0.694
32 7 119 -0.807
29 23 41 -0.113
36 25 132 0.107
14 40 29 -0.488
22 32 78 -0.868
37 6 86 0.899
37 13 122 -0.089
20 22 75 2.032
31 16 116 0.262
31 21 42 0.443
34 24 133 -0.545
31 25 97 1.376
7 33 32 -0.761
40 13 48 -0.366
38 9 89 0.072
20 24 76 0.001
15 36 36 1.032
37 22 56 0.050
28 12 118 -0.433
42 12 88 -0.168
14 35 144 0.720
36 21 57 -0.137
21 18 31 -0.618
23 23 24 1.426
16 38 72 -0.790
39 15 48 -0.566
38 12 49 -0.168
14 35 71 -0.196
10 25 66 -0.822
17 33 37 -0.823
42 11 90 0.096
12 23 34 0.848
34 25 57 -0.902
31 16 120 -0.900
39 17 130 -0.929
25 28 62 0.495
44 13 52 -0.190
13 32 27 -1.029
12 30 68 -1.082
26 14 5 1.562
31 5 79 -0.038
34 15 56 -0.904
31 9 45 -0.958
35 15 133 0.412
10 40 145 -0.821
38 8 16 -0.649
36 18 56 0.125
25 33 24 -0.762
40 12 10 0.332
18 24 69 -0.361
39 8 90 0.090
12 37 112 -0.804
14 36 111 -0.959
35 5 44 -0.742
41 7 90 -0.099
14 40 112 -0.731
37 7 18 -0.320
27 16 42 -0.028
13 41 140 -0.927
33 18 6 -0.130
24 29 139 -0.641
39 10 126 -1.090
15 31 144 1.127
43 11 129 0.363
40 10 90 0.068
19 24 72 -0.630
39 14 131 -0.665
37 11 132 -0.498
28 18 97 -0.976
37 13 120 -0.276
17 21 141 0.603
35 10 121 -0.978
14 36 68 1.348
40 11 16 0.164
13 34 29 -0.209
10 35 32 -0.819
26 29 62 0.866
21 36 64 -0.855
33 20 119 -0.727
35 9 11 0.606
16 29 111 -0.169
26 30 23 -0.639
33 17 43 0.585
23 33 99 -1.040
14 30 141 0.106
20 37 137 -0.753
40 11 55 -0.055
28 18 61 3.394
12 34 109 0.522
13 33 36 0.033
16 35 109 -0.998
39 13 131 -0.723
35 24 57 -0.861
41 14 46 0.219
35 20 45 -0.332
25 19 2 0.097
36 3 7 -0.344
16 24 64 4.637
37 19 131 -0.962
32 21 43 -0.311
38 16 121 -0.554
34 19 81 0.471
30 25 43 -0.407
18 35 140 0.124
41 13 11 -0.651
36 23 121 -0.437
38 9 48 -0.153
37 16 45 0.069
36 6 45 -0.200
23 14 0 2.062
27 20 40 2.018
11 36 110 -1.062
28 15 114 0.887
39 17 55 -0.861
12 30 34 -0.863
29 28 62 -0.088
37 15 18 -0.994
28 16 116 0.764
11 35 105 -0.420
35 13 133 0.986
29 23 21 -0.944
37 3 13 -0.649
16 37 33 0.470
31 24 136 2.145
28 17 80 -0.278
23 19 136 -0.301
18 34 37 1.818
19 17 31 -0.478
14 35 111 -0.951
44 6 17 -0.662
17 30 29 -0.901
39 15 122 -0.063
26 25 78 -0.313
35 16 45 -0.450
43 5 12 -0.757
38 23 56 0.194
30 27 136 -0.188
42 1 46 -0.743
19 25 31 -0.635
43 8 53 0.811
34 12 44 -0.008
31 23 58 -0.326
16 23 33 1.519
34 13 132 -0.975
32 19 80 -0.616
27 24 136 0.411
14 31 27 -0.813
31 14 7 -0.195
37 20 95 -0.014
39 8 51 0.320
39 8 52 -0.759
20 19 63 -0.609
13 41 71 -0.978
37 18 131 -0.444
42 11 47 -0.435
29 23 61 1.490
31 28 134 -0.806
24 25 24 1.332
36 7 118 0.434
31 22 44 -0.126
9 40 108 0.706
14 29 110 -1.036
40 6 14 -0.493
20 27 63 -0.441
31 21 134 0.350
37 16 133 0.390
29 24 133 -0.997
12 30 143 0.913
45 8 17 -0.723
10 41 72 -0.815
12 32 29 -0.253
35 14 9 1.159
14 24 69 0.994
35 15 10 -0.273
27 31 25 -0.360
15 32 68 0.020
11 30 69 -0.588
22 31 149 -0.757
18 26 140 -0.043
26 16 39 0.015
25 21 38 -0.806
15 34 33 -1.034
41 9 126 -0.676
34 20 82 -0.832
38 19 92 -0.368
23 33 78 -0.739
27 26 99 -0.433
12 38 71 -0.717
36 16 93 -0.653
27 22 41 -0.341
22 37 23 -0.902
32 25 58 -0.154
39 11 14 0.546
20 28 137 -0.639
27 15 4 -0.115
40 11 11 -0.676
28 22 96 -0.759
13 36 149 -0.184
30 28 41 -0.317
21 24 139 -0.659
16 35 68 -0.941
12 32 30 -0.093
16 34 66 -0.569
15 32 142 3.921
16 27 37 2.129
39 6 50 1.152
25 30 100 -0.099
25 27 99 -0.370
32 10 8 -0.729
14 32 31 0.685
29 22 80 -0.119
26 29 61 -0.576
35 16 8 -0.123
18 29 64 -0.399
15 29 144 0.617
20 25 1 0.847
19 18 149 0.368
25 26 60 -0.590
10 28 65 -0.731
17 30 31 -0.320
18 28 139 -0.530
11 42 102 -0.768
31 24 98 -0.983
12 35 102 2.974
41 8 124 0.109
45 6 16 1.242
12 36 72 -0.257
41 8 88 -0.700
36 17 83 -0.395
11 29 67 -0.423
26 23 24 2.467
37 16 18 -0.697
29 24 61 1.361
35 7 127 -0.783
34 19 19 -0.282
12 39 72 -0.011
13 41 112 -0.719
15 35 103 2.575
9 32 35 0.598
16 38 33 0.036
23 22 138 1.522
18 28 112 -0.774
35 25 133 -0.503
42 12 91 0.386
21 27 138 -0.092
13 22 33 2.077
14 38 36 0.005
40 12 55 0.194
25 35 77 0.458
36 11 89 -0.701
36 20 20 -0.082
20 32 148 -0.537
15 29 68 -0.816
29 19 79 -0.569
20 31 101 0.276
34 20 7 0.402
32 7 7 -0.636
42 17 128 -0.254
18 36 38 -0.919
4 42 108 -0.786
16 31 113 -1.049
38 13 48 -0.245
28 28 25 -0.890
23 34 99 -1.038
28 25 39 -0.410
35 17 6 -0.277
30 19 21 1.781
15 36 103 1.658
16 32 75 0.185
38 14 7 -0.429
43 12 17 -0.002
11 35 143 2.566
13 25 31 0.351
39 11 50 2.178
40 13 50 0.999
31 16 40 -0.851
26 31 23 -0.732
37 14 93 -0.924
33 28 133 -0.966
33 17 97 2.395
12 21 71 1.250
32 11 132 -0.861
31 23 40 1.141
27 30 62 -0.067
39 13 18 -0.929
32 23 98 -0.916
28 30 59 -0.612
42 8 53 0.599
13 28 31 1.297
23 27 26 -0.086
39 12 13 0.477
10 34 69 -0.266
26 20 116 -0.426
40 12 91 0.012
43 11 16 0.125
42 14 50 1.397
17 34 140 -0.206
10 29 35 0.112
17 24 103 -1.026
11 28 65 -0.911
34 0 82 -0.423
42 14 83 -0.139
18 26 26 -1.021
39 11 86 -0.102
26 30 77 0.469
28 23 136 0.022
40 13 45 0.448
18 24 73 -0.441
28 20 59 -0.055
39 13 51 0.669
13 36 102 0.679
33 10 124 -0.497
37 16 56 0.199
25 33 60 -0.968
36 20 120 0.142
40 11 83 0.278
31 24 44 -0.487
18 20 31 -0.504
23 22 4 -0.912
20 37 62 -0.977
16 30 32 0.066
17 29 141 -0.435
16 21 31 0.338
22 22 26 -0.729
16 37 148 -0.869
11 31 146 -0.838
38 13 132 -0.990
40 10 18 -0.586
43 15 124 -0.975
25 26 98 -0.027
41 14 50 1.139
31 17 79 -0.021
15 34 110 -0.732
27 27 116 -0.019
39 10 89 0.855
35 17 43 0.242
14 29 67 -0.126
36 7 85 -0.770
40 5 16 -0.584
29 24 135 2.725
26 30 25 -0.811
23 29 62 -0.149
24 29 1 2.380
13 33 107 -0.349
30 8 117 0.037
18 31 100 -0.738
36 11 119 0.564
26 12 44 -0.812
38 21 120 0.067
33 23 57 -0.478
15 33 142 4.644
32 18 43 0.439
40 13 14 -0.539
29 25 136 0.671
23 27 113 -0.229
42 15 86 -0.852
14 36 140 -0.357
35 3 7 -0.374
18 30 112 0.355
12 42 147 -0.742
32 27 95 0.315
20 26 138 1.702
42 4 12 -0.727
31 21 6 -0.565
19 29 33 -0.739
41 9 88 -0.555
15 18 1 -0.722
28 25 44 -0.873
15 32 109 -0.977
41 16 125 0.469
30 20 115 -0.691
39 18 131 -0.728
37 9 50 -0.307
34 17 57 -0.244
34 23 20 0.032
41 15 17 -0.653
34 17 82 -0.802
31 19 59 -0.724
12 22 34 0.552
34 15 54 -0.740
12 26 107 -0.011
30 27 98 -0.615
19 32 65 2.299
20 21 2 0.714
13 32 34 -0.445
14 37 32 -0.771
7 39 105 -0.613
21 24 101 -0.258
16 24 31 0.760
31 25 22 1.106
31 29 60 2.506
34 13 8 0.421
40 13 18 -0.622
28 20 42 0.213
15 30 104 -0.491
30 14 77 0.995
28 17 4 -0.538
44 5 15 -0.779
29 21 76 -0.563
23 29 24 -0.545
23 35 24 -0.031
40 9 9 0.430
40 12 128 -0.259
28 21 117 -0.903
17 31 69 -0.172
31 7 7 -0.237
19 19 110 1.660
28 22 136 0.480
33 19 134 1.657
23 23 114 2.437
21 25 101 1.418
39 6 11 -0.596
34 15 121 -0.461
38 13 122 0.014
39 5 14 -0.932
17 30 1 -0.983
11 26 66 1.416
35 12 89 -0.710
36 11 54 -0.818
34 23 58 0.309
15 19 73 0.415
36 8 82 0.729
38 13 123 -0.217
34 14 91 -0.966
27 25 40 -0.793
37 17 96 -0.648
41 13 55 0.641
16 29 71 0.010
13 39 72 1.372
21 31 64 -0.121
12 31 33 0.592
16 24 34 1.110
36 20 83 -0.625
12 32 147 -0.195
22 26 113 0.015
40 14 125 0.162
25 17 38 0.251
40 13 54 -0.472
23 34 25 0.700
35 16 56 -0.302
37 21 19 0.329
20 30 64 0.769
27 25 114 0.508
29 17 117 -0.731
16 29 105 -0.176
22 23 112 1.321
18 32 27 0.579
28 22 44 -0.687
15 30 68 0.258
37 18 57 -0.062
38 11 121 -0.363
35 18 82 -0.663
13 36 72 0.883
14 31 111 -0.660
37 14 131 -0.782
18 32 102 -0.052
35 4 82 0.058
11 27 66 -0.869
18 34 149 -0.862
15 35 144 -0.713
38 17 80 0.344
13 32 148 -1.063
14 26 145 -0.370
15 30 141 -0.895
38 13 129 -0.271
20 25 113 -0.507
14 35 33 1.359
32 23 42 2.027
40 15 49 -0.754
33 12 117 0.225
34 23 19 -0.306
18 33 37 -0.898
22 28 26 -0.063
13 32 105 2.848
12 33 109 -0.621
13 39 140 -0.926
36 11 48 -0.641
36 14 82 -0.503
20 23 112 3.794
12 35 106 3.271
28 22 79 0.424
19 14 149 0.068
12 31 35 0.567
36 18 93 -0.701
26 16 3 0.516
33 13 121 -0.299
23 19 112 0.776
12 35 71 -0.488
14 30 74 0.773
38 14 89 0.205
35 8 48 0.112
23 21 112 1.067
37 17 10 0.457
27 16 59 -0.635
23 27 149 -0.848
20 36 63 -0.222
21 27 1 0.579
36 23 56 0.010
25 34 25 -0.558
36 19 94 -0.631
22 16 0 1.003
35 15 122 -0.340
34 16 54 -0.759
30 20 96 -0.943
42 13 128 -0.055
27 31 99 -0.323
31 29 97 0.528
39 10 88 -0.705
17 32 148 -0.206
17 22 74 -0.263
12 31 146 -0.592
14 35 106 -0.052
24 33 77 -0.309
13 35 35 0.429
26 22 137 0.389
23 23 62 -0.825
13 31 67 -0.422
33 25 57 -0.553
13 38 105 -0.189
42 5 15 0.440
28 26 134 -0.849
34 17 43 0.445
13 40 102 -0.480
32 21 116 -0.786
11 45 139 -1.030
25 28 99 -0.233
24 28 63 -0.695
9 35 146 -0.703
45 6 15 -0.809
37 8 131 -0.913
20 31 73 -0.630
30 22 23 -0.191
36 5 85 -0.837
42 7 52 -0.116
25 19 97 -1.052
15 28 112 -0.645
41 16 17 -0.852
19 32 149 -0.796
17 29 143 -0.297
35 19 93 -0.742
29 16 22 0.818
19 16 75 -0.329
19 31 65 1.388
12 24 107 0.431
35 14 132 -0.959
30 19 79 -0.746
37 11 122 0.201
17 30 144 -0.406
41 13 92 -0.645
17 24 73 2.885
34 15 7 0.599
37 17 81 0.440
13 36 147 0.210
36 15 8 -0.243
42 8 50 0.322
19 30 1 -0.955
44 7 16 0.973
28 21 41 -0.085
17 27 28 0.347
37 18 8 0.366
29 15 44 0.025
13 31 30 1.542
19 28 149 -0.782
16 24 33 1.051
17 33 111 -0.533
16 29 68 -0.260
32 22 116 -0.889
22 28 2 -0.736
36 11 10 1.466
20 27 5 -0.670
38 12 86 0.009
33 11 48 -0.443
38 22 132 0.036
34 19 10 -0.808
30 25 23 -0.165
38 9 85 -0.957
18 28 113 -0.261
29 26 96 -0.742
16 21 74 0.638
36 19 134 0.507
36 15 10 -0.161
19 33 73 -0.292
30 19 59 -0.493
25 22 59 -0.101
40 13 17 -0.731
36 20 132 0.045
38 10 13 -0.233
36 24 130 -0.998
42 17 52 0.367
38 12 18 -0.580
24 30 62 -0.273
30 22 118 -0.802
23 30 39 -0.414
14 24 37 1.463
15 25 1 -0.632
39 16 54 -0.423
34 14 57 -0.627
27 26 39 0.877
11 21 107 -0.079
7 32 108 -0.704
13 33 72 0.468
18 19 73 2.064
27 24 25 0.125
39 15 85 -0.130
12 39 65 -0.852
32 22 118 -0.064
30 22 96 -0.683
31 25 58 -0.423
23 22 3 -0.972
13 37 104 -1.051
15 30 33 0.529
16 34 148 0.119
27 30 39 0.909
29 24 115 -0.877
15 39 66 -0.800
35 10 46 -0.294
14 32 69 -0.275
41 8 90 0.056
23 23 101 1.345
36 17 6 1.984
37 16 46 -0.474
43 5 14 -0.761
42 9 128 0.383
37 8 129 -0.431
25 25 24 -0.194
16 28 73 -0.688
28 19 120 -0.669
33 21 43 0.099
18 35 37 -0.903
15 32 74 -0.551
29 13 39 1.951
39 12 87 -0.845
14 22 107 -0.854
38 11 51 0.414
38 13 56 -0.318
25 27 4 -0.998
35 22 94 -0.498
35 8 47 -0.907
20 23 139 0.156
20 29 137 -0.646
22 24 139 -0.593
30 21 58 0.082
17 30 143 -0.073
37 10 132 -0.689
8 39 102 -0.822
31 32 96 -0.286
35 12 118 1.539
22 37 100 -0.509
42 6 12 -0.818
14 37 66 -0.870
29 23 22 -0.883
22 22 4 -0.987
18 27 148 0.360
13 38 30 0.661
34 15 96 0.112
11 32 144 5.096
31 21 97 2.266
13 34 34 -1.072
34 21 19 -0.358
27 21 98 -0.269
23 24 28 -0.568
41 14 13 0.768
17 32 75 0.617
21 25 38 1.214
12 39 32 -0.277
17 26 27 -0.216
11 40 145 -0.282
18 19 110 0.952
38 9 18 -0.747
38 7 13 0.031
40 16 18 -0.637
35 23 132 -0.630
40 11 10 0.759
42 4 17 0.621
32 21 42 -0.430
38 10 49 0.347
39 10 85 -0.142
17 26 143 -0.724
16 26 140 2.805
37 6 123 -0.960
30 28 21 -0.989
20 36 101 1.219
23 29 113 -0.046
31 25 43 -0.662
41 10 129 -0.668
26 32 61 -0.552
30 13 117 0.734
17 21 110 -0.068
27 29 60 -0.655
17 37 67 -0.632
30 29 94 -1.009
19 22 110 1.769
10 21 67 -0.438
24 16 114 3.723
9 36 108 1.161
13 29 65 -0.864
20 28 149 -1.027
37 3 7 -0.406
14 27 142 1.122
13 32 143 0.966
17 30 113 -0.821
26 24 39 -0.634
12 24 29 -0.956
24 26 139 -0.597
24 23 149 -0.948
24 21 76 1.261
33 11 44 -0.543
17 15 73 1.867
21 20 114 0.570
36 5 45 -0.573
21 26 28 0.013
35 14 58 0.182
15 33 70 0.402
17 26 73 2.549
30 17 42 -0.055
25 34 24 -0.568
12 40 30 -0.765
39 5 84 -0.389
20 24 0 -0.002
12 40 68 1.146
21 29 26 -0.703
35 24 7 -0.301
27 25 42 -0.285
31 23 21 -0.238
11 39 109 -0.520
40 11 86 1.145
31 17 80 -0.405
23 31 100 0.390
12 25 69 0.905
41 12 48 -0.765
28 23 41 0.154
14 32 71 0.462
30 14 5 -0.055
34 17 47 -0.254
13 33 105 2.152
19 26 111 -1.029
13 38 102 -0.287
42 12 53 0.425
37 7 11 0.317
40 9 124 -0.265
15 26 75 -1.068
17 21 34 0.768
36 9 18 -0.293
16 41 36 0.385
13 33 69 -0.331
15 31 38 -0.591
38 10 15 -0.344
34 19 9 0.760
30 18 80 -0.082
41 14 52 -0.530
39 14 93 -0.822
37 8 87 0.423
40 17 17 -0.189
21 29 37 3.198
32 18 41 1.343
45 7 88 -0.466
23 22 76 -0.726
26 26 25 3.033
23 21 63 -1.041
17 22 110 -0.737
19 26 73 0.534
17 29 74 -0.977
22 20 27 0.095
41 13 128 -0.387
38 17 92 -0.409
15 31 103 -0.262
44 12 16 0.078
33 17 119 -0.176
20 30 149 -1.013
34 21 97 2.879
31 26 43 -0.391
39 16 92 -0.616
24 36 23 -0.871
9 32 70 -0.621
21 28 28 0.045
18 20 33 0.544
28 27 62 -0.565
34 11 47 -0.684
39 17 132 -0.832
35 13 82 -0.608
19 33 1 -0.639
37 17 120 -0.063
15 22 69 1.438
26 30 135 -0.854
38 12 90 -0.324
26 27 100 2.374
38 12 56 -0.530
13 24 146 2.568
19 27 2 -1.011
22 23 3 -0.233
28 30 40 -0.795
15 25 28 -0.422
32 25 57 -0.553
16 21 1 -0.614
20 29 2 -0.158
19 23 111 -0.955
18 31 37 -0.756
33 17 10 -0.242
41 6 12 0.386
13 23 69 1.768
31 18 22 0.584
13 31 145 1.005
35 15 95 0.315
19 31 101 0.249
30 20 22 0.206
15 31 142 2.413
27 29 25 -0.960
17 32 36 2.530
26 28 79 -0.735
40 9 92 -0.866
37 12 84 -0.862
30 21 135 -0.483
17 23 27 -0.940
39 2 12 1.744
35 17 10 -0.270
30 24 61 1.852
42 7 51 -0.860
26 24 5 0.604
30 30 22 1.423
24 23 82 -0.632
33 26 120 -0.326
24 22 139 1.090
13 40 70 0.282
20 30 101 0.456
17 35 68 0.931
29 28 116 -0.850
21 22 139 1.639
44 9 52 -0.818
31 14 96 -0.948
38 20 84 -0.673
35 0 82 -0.621
28 25 77 -0.864
16 22 75 1.262
39 10 86 -0.164
25 24 76 0.306
12 33 70 0.887
45 16 51 -0.213
34 17 7 0.454
21 14 0 -0.308
15 30 71 0.580
26 24 44 -0.651
40 13 123 -0.500
43 13 52 0.601
40 15 130 -0.596
42 20 130 -0.078
13 36 33 -0.490
13 30 144 -0.960
15 31 74 0.668
28 14 5 -0.164
42 14 52 0.360
31 25 135 -0.299
26 20 5 1.267
36 17 57 -0.153
31 20 96 -0.947
16 29 66 -0.385
34 5 8 -0.399
32 28 134 -0.785
41 12 13 0.669
15 18 74 0.793
15 32 104 1.015
38 8 123 -0.735
16 18 1 -0.560
30 18 116 0.069
21 27 2 -0.061
16 37 72 -0.156
38 4 12 0.393
11 31 34 -0.707
33 21 42 0.414
23 25 28 -0.369
19 20 73 0.339
32 17 10 -0.224
15 24 74 1.095
43 3 12 -0.949
19 23 69 -0.073
37 16 57 -0.952
21 28 64 -0.691
41 14 130 -0.791
30 20 118 -0.892
42 8 11 -0.323
14 25 106 2.104
16 22 70 -0.136
15 31 146 1.342
18 26 64 1.069
31 25 6 -0.305
42 7 50 -0.331
17 31 68 -0.599
37 13 129 -0.914
37 15 84 -0.261
28 20 23 -0.451
38 21 91 -0.729
26 31 79 -0.749
12 26 106 0.848
15 34 105 -0.124
27 28 23 -0.233
18 27 142 1.734
28 21 60 -0.391
38 10 16 -0.637
42 10 49 -0.436
41 18 125 0.222
5 43 108 -0.981
19 21 73 0.526
22 15 138 2.578
36 19 56 0.078
31 11 118 0.561
25 31 79 -0.739
29 22 98 -0.892
14 30 103 -1.012
14 40 111 -0.993
22 23 38 1.343
21 24 76 -0.477
10 33 145 -0.797
13 36 109 -1.040
26 16 5 1.241
20 23 0 -0.452
41 10 11 -0.285
20 17 0 0.822
18 25 111 -0.818
36 16 8 -0.151
26 27 114 0.483
14 22 103 5.306
28 26 79 1.262
12 34 34 -0.745
26 27 42 -0.301
31 21 44 -0.126
43 16 52 0.409
24 29 135 -0.654
12 34 106 -0.381
14 26 29 -0.830
22 25 39 -0.406
36 12 82 -0.904
11 40 30 1.360
26 11 4 -0.069
35 23 20 0.215
16 29 32 0.134
13 34 67 -0.135
12 37 145 -0.727
37 12 15 -0.534
42 13 49 -0.839
32 18 79 -0.830
33 8 45 -0.215
36 12 133 0.713
37 4 84 -0.442
33 19 80 -0.584
41 8 14 -0.598
30 13 116 -0.503
16 28 28 0.806
11 36 72 -0.855
22 20 112 2.915
36 21 121 -0.371
30 23 41 1.205
19 33 37 -0.452
38 12 10 0.696
13 38 104 -0.690
9 35 107 -0.951
28 18 39 -0.073
31 16 119 -0.550
12 40 35 1.504
37 13 56 -0.652
36 7 7 0.698
34 15 43 0.334
30 23 115 -0.860
30 24 43 -0.871
13 28 111 -0.059
15 31 36 1.413
32 22 42 1.511
25 27 79 1.241
38 14 8 -0.299
37 1 46 -0.824
12 28 65 -0.996
37 10 45 0.036
37 8 13 -0.185
18 34 138 0.995
10 40 30 -0.940
29 20 21 -0.706
39 13 122 0.064
19 30 2 0.152
28 26 41 -0.314
30 10 117 0.345
12 37 68 -0.157
31 27 43 -0.372
13 26 66 -0.336
41 14 18 -0.347
35 18 20 0.639
35 2 82 -0.183
41 15 54 -0.844
36 13 46 -0.617
24 34 60 -0.972
19 21 63 -1.078
33 1 7 -0.824
22 33 137 -0.761
38 3 123 -0.915
29 24 22 -0.218
27 19 40 2.257
36 12 89 -0.571
32 21 118 0.152
9 35 35 -0.354
37 13 20 -0.598
27 26 77 -0.774
36 4 7 -0.544
27 21 120 -0.545
40 10 126 -0.671
30 22 41 0.353
33 26 43 -0.381
19 19 31 -0.456
13 32 141 -0.418
11 37 70 -0.044
37 16 54 -0.700
38 17 128 -0.522
15 34 142 -0.586
33 26 133 -0.123
37 16 9 -0.877
20 24 27 2.270
40 10 89 -0.300
15 40 0 -1.039
13 35 29 -0.343
34 26 57 -0.909
21 24 26 0.300
28 18 42 0.182
39 12 129 -0.263
14 34 112 -0.689
14 37 106 0.616
36 17 19 -0.365
30 22 40 0.428
19 26 26 -0.890
32 13 10 -0.379
37 9 15 -0.600
37 9 53 -0.747
13 28 32 0.733
41 10 47 -0.267
34 22 6 0.141
38 15 122 0.635
40 7 11 -0.864
22 21 3 -0.210
10 38 110 -1.042
18 23 28 0.829
38 16 91 -0.505
33 27 22 -0.063
42 11 50 1.542
39 9 83 0.157
20 25 37 5.028
22 37 62 -0.796
31 19 136 1.811
15 31 104 0.308
17 32 64 0.402
16 19 73 2.401
38 16 48 -0.549
44 13 127 0.296
27 21 24 1.860
30 27 41 0.224
16 23 31 0.513
16 24 148 2.352
13 37 142 -0.741
13 32 67 0.062
40 8 54 -0.682
13 39 35 0.520
17 28 27 -0.517
22 28 25 0.625
12 24 105 5.558
14 32 34 -0.869
32 16 5 -0.132
31 25 98 2.369
15 34 104 0.272
33 12 20 0.048
11 36 106 -0.637
32 23 58 0.383
34 9 119 -0.454
15 38 143 -0.412
24 24 149 -1.002
37 19 92 -0.435
42 16 47 -0.485
10 32 102 2.191
30 25 98 0.782
40 13 129 -0.703
31 28 43 -0.544
13 40 143 -0.300
15 27 29 -0.847
11 41 71 -0.870
23 29 37 -0.650
38 15 124 -0.963
14 39 74 -0.857
43 13 46 0.153
33 15 80 0.001
12 33 142 -0.886
25 22 79 1.064
37 21 6 1.378
11 26 71 -0.056
27 25 78 -0.381
36 12 15 -0.656
24 32 99 -0.610
43 5 13 -0.274
40 18 11 0.144
38 16 56 0.408
27 19 39 0.644
17 33 100 -0.842
13 21 71 1.883
14 18 74 0.526
39 13 124 -0.958
25 16 3 0.507
40 16 13 0.212
31 21 21 1.786
19 28 139 0.353
36 16 18 -0.999
28 24 136 0.774
17 24 34 0.373
41 7 52 1.162
19 22 148 0.319
38 17 132 -0.655
24 26 61 -0.558
30 18 41 0.290
30 21 136 2.607
28 35 77 0.460
30 19 5 -0.921
11 33 146 0.794
29 35 96 -0.459
39 3 123 -0.926
20 24 3 1.401
34 16 96 0.295
39 9 47 -0.936
34 16 79 0.056
23 29 100 1.087
31 15 115 -0.695
13 25 147 0.511
13 37 105 0.675
20 12 3 -0.820
35 9 7 -0.303
19 27 76 0.354
28 21 22 -0.555
31 17 118 -0.508
39 12 10 0.473
26 13 44 -0.778
17 30 74 -0.968
24 29 62 -0.973
38 11 131 -0.876
42 10 18 -0.748
12 36 140 -0.965
17 31 27 -0.686
15 29 71 0.744
32 16 81 -0.295
7 32 102 -0.700
22 22 113 -0.590
36 17 20 -0.321
24 14 1 2.842
35 18 132 -0.689
12 34 72 0.870
35 13 85 -0.880
12 38 70 1.208
22 32 79 -0.959
18 18 2 -0.434
28 20 115 -0.880
18 29 27 -0.360
40 14 83 0.222
12 35 30 -0.311
16 32 72 0.865
26 23 100 -0.590
23 33 137 -0.676
16 27 27 -0.650
20 25 38 1.537
19 29 38 0.324
37 15 120 -0.334
40 18 17 -0.470
12 31 67 -0.524
27 29 26 -0.749
17 27 149 -0.410
30 22 133 -0.531
19 20 1 0.590
40 9 54 -0.905
35 14 133 -0.106
35 11 82 -0.842
22 36 100 0.608
17 37 113 -0.985
33 22 98 -0.898
14 33 70 0.249
24 28 99 -0.863
17 40 137 -0.555
29 31 135 -0.102
17 22 33 1.160
16 24 111 -1.007
22 27 37 -0.558
39 15 120 -0.886
14 32 143 -0.618
32 14 121 -0.960
35 22 96 -0.387
15 37 140 -0.282
31 18 44 -0.357
40 18 130 -0.846
12 23 69 1.012
19 18 1 0.687
18 20 27 -0.923
42 16 129 -0.348
13 36 139 -1.007
25 11 82 -0.807
12 29 66 1.214
17 20 31 -0.129
21 35 64 0.449
38 11 54 -0.756
25 25 62 0.732
18 34 148 -0.070
23 20 26 -0.177
39 14 10 0.332
30 29 22 1.905
15 33 71 -0.244
39 15 126 0.290
15 25 146 0.917
13 33 35 1.764
35 7 47 -0.956
16 27 28 3.720
30 25 135 -0.305
22 19 0 1.856
40 12 124 -0.273
35 18 19 -0.552
9 43 105 -0.501
40 16 84 -0.684
39 12 12 1.655
12 42 72 -0.677
21 25 75 0.782
24 15 76 1.732
40 12 122 0.425
10 31 68 -0.811
17 29 103 -0.638
6 32 108 -0.671
35 24 95 -0.232
30 27 94 -1.042
38 9 15 0.257
14 34 104 -0.720
28 26 59 -0.118
25 21 61 0.677
16 31 112 -0.629
29 22 23 -0.529
15 32 36 2.498
36 16 9 -0.927
34 18 21 -0.009
13 31 111 -0.790
32 14 9 0.230
28 21 61 0.246
26 15 4 -0.458
21 18 75 -0.415
31 20 116 -0.822
27 17 118 -0.097
39 12 55 0.434
41 7 17 0.029
26 25 136 -0.954
12 30 142 3.309
27 27 60 0.708
13 33 106 2.163
26 20 76 -0.237
21 24 113 -0.350
22 35 115 -0.837
10 38 107 -0.996
31 11 4 0.618
22 31 26 -0.295
43 7 53 0.887
15 25 34 0.233
29 19 117 -0.798
19 24 65 -0.493
40 14 18 -0.730
5 46 108 -0.930
42 13 92 -0.698
14 39 67 0.295
39 14 11 -0.301
26 29 136 -0.926
31 18 7 -0.502
20 29 113 -0.486
36 22 57 -0.217
37 10 50 -0.246
10 33 33 -0.565
28 17 42 0.279
36 19 7 -0.503
41 12 91 -0.234
22 12 3 -0.143
34 12 121 -0.883
25 33 39 -0.983
28 20 76 -0.633
18 18 73 2.447
17 33 65 1.585
13 29 105 1.938
30 25 41 -0.202
13 34 30 0.442
29 12 118 -0.468
32 20 9 0.661
22 31 63 -0.985
14 32 149 -0.982
29 26 23 -0.385
24 34 77 -0.846
16 19 31 -0.442
41 9 86 0.042
15 36 0 -0.710
39 20 131 -0.948
33 11 84 -0.404
13 17 34 0.326
23 33 62 -0.428
15 36 149 -1.002
32 19 96 -0.795
30 20 21 0.176
16 26 65 1.583
42 8 126 -0.965
30 12 79 -0.515
16 25 31 -0.324
22 34 100 0.545
42 9 49 -0.912
41 9 14 -0.576
35 19 7 -0.066
39 15 53 -0.031
12 40 72 -0.613
24 25 25 0.439
37 13 45 -0.022
39 10 14 0.932
37 17 131 -0.984
24 24 61 -0.043
32 29 22 0.283
12 30 149 -0.047
43 14 49 -0.059
34 23 21 -0.022
38 11 126 0.315
35 7 44 -0.678
28 31 25 -0.668
35 17 20 0.106
13 33 66 -0.637
9 36 102 -0.472
33 21 95 0.120
15 28 145 -0.546
24 11 116 -0.359
43 15 53 -0.896
29 20 79 -0.600
32 20 40 -0.611
21 29 149 -0.694
13 32 147 -0.276
40 6 91 -0.930
38 5 7 -0.569
11 40 72 -0.311
37 9 18 -0.115
38 14 90 -0.745
44 13 51 0.286
25 29 115 -1.030
16 21 73 1.510
10 33 143 -0.189
30 22 44 -0.379
33 0 82 -0.724
20 26 28 -0.744
0 44 108 -1.044
37 14 18 -0.140
10 35 146 -0.745
38 12 87 -0.382
15 27 66 0.784
33 11 117 0.112
16 40 36 0.002
25 26 100 0.005
12 33 146 1.024
26 25 62 1.143
22 32 26 -0.746
36 1 131 -1.052
42 4 15 -0.362
15 37 74 -0.791
41 15 53 0.012
41 14 15 0.178
23 23 3 -0.309
31 23 22 1.469
19 28 28 -0.638
24 20 114 2.706
29 22 41 0.352
27 30 60 -0.765
37 10 87 0.325
24 32 62 -1.063
32 13 81 -0.522
34 4 82 0.150
35 20 118 0.103
16 32 103 1.192
17 29 72 0.071
20 25 138 1.759
30 24 98 0.554
7 35 145 -0.918
12 38 145 0.165
13 35 146 -0.530
11 34 32 -0.363
22 24 38 0.305
39 8 50 1.543
13 33 104 -0.753
30 26 97 -1.002
9 31 106 -0.815
40 14 91 -0.660
39 7 13 -0.094
38 16 11 -0.496
30 21 117 -0.456
41 17 55 0.352
40 11 14 0.307
15 23 141 1.076
23 32 100 0.754
12 37 109 0.507
19 21 28 0.559
13 28 29 -0.841
40 11 91 -0.030
24 25 0 -0.851
12 24 146 2.225
21 27 113 -0.715
32 14 45 -0.889
39 13 17 -0.175
14 31 102 2.835
38 16 85 -0.843
41 7 12 0.600
16 27 104 1.912
33 13 84 -0.146
35 14 117 -0.844
31 27 22 2.874
40 13 11 -0.739
18 23 74 -0.023
13 27 140 0.529
14 27 106 2.872
37 20 57 -0.241
38 13 15 -0.114
13 35 143 0.393
13 30 102 1.417
35 19 95 -0.039
42 6 127 0.153
7 37 71 -0.854
28 29 21 -0.984
20 30 28 -0.699
26 29 135 -0.984
15 32 34 -0.546
41 8 49 0.762
37 18 17 0.604
28 24 44 -0.882
32 25 95 -0.356
15 27 27 -0.737
42 4 50 -0.866
13 36 29 -0.866
20 19 2 -0.375
14 28 74 -0.587
31 12 118 0.486
24 29 60 -1.042
41 14 17 -0.831
40 10 124 0.026
25 18 39 0.425
33 20 7 -0.412
29 28 134 -1.004
41 11 87 0.932
8 38 35 -0.853
40 12 54 -0.664
41 13 47 -0.204
42 12 17 -0.448
27 18 61 2.225
43 18 128 -0.360
37 17 20 -0.405
28 15 97 -1.061
34 9 44 -0.688
42 2 12 -0.948
38 7 85 -0.912
19 19 138 -0.143
20 23 110 1.596
21 16 75 -0.539
27 16 78 -0.448
29 36 60 -1.059
32 12 45 -0.922
16 26 75 -0.111
24 27 23 -0.099
28 13 116 0.490
29 19 39 1.780
26 21 76 0.567
35 18 118 0.085
30 20 40 0.561
9 42 109 -0.221
21 20 2 -0.241
28 23 79 1.075
27 25 98 0.479
11 37 146 -0.590
33 18 96 -0.075
37 19 18 -0.493
29 26 100 1.611
34 19 20 -0.466
18 28 0 -0.518
42 8 12 -0.833
39 18 94 -0.947
29 19 23 -0.363
16 23 145 -0.777
36 8 118 1.561
41 4 11 -0.602
42 11 121 0.147
27 20 61 0.245
13 35 67 -0.220
24 18 114 3.269
43 10 46 -0.194
30 21 41 1.128
25 31 23 1.760
26 19 4 -0.750
11 38 72 -0.001
34 24 58 0.287
25 25 114 0.553
18 15 2 1.013
37 17 56 0.181
42 15 49 -0.095
10 33 30 -0.265
34 17 54 -0.872
35 10 127 -0.569
33 18 134 0.684
40 8 16 -0.420
15 19 69 1.499
36 19 19 -0.423
15 31 72 -0.942
16 34 72 -0.687
18 30 73 -0.776
31 13 7 -0.407
38 11 83 -0.108
11 36 32 -0.185
41 9 127 -0.495
41 15 92 0.175
35 17 19 -0.230
28 23 23 -0.433
35 14 53 -1.012
41 11 48 -0.760
42 3 12 -0.834
25 29 39 -0.618
12 34 107 -0.687
38 18 132 -0.785
38 16 8 -0.138
36 19 57 -0.337
14 25 141 -0.535
16 27 65 2.517
40 13 87 1.002
37 14 55 -0.307
11 39 104 -0.448
18 25 37 0.959
35 12 43 0.351
32 24 58 -0.042
30 23 97 -0.911
16 38 137 -1.038
36 19 83 -0.675
14 32 112 -0.705
27 20 116 -0.485
20 34 101 0.624
41 16 55 0.362
28 22 77 0.662
16 33 144 3.367
25 19 99 -0.971
41 9 50 0.802
40 7 89 -0.529
21 26 2 0.167
31 15 5 0.125
40 14 130 -0.387
41 15 87 1.235
30 12 77 0.979
19 28 111 -0.979
13 37 32 0.242
14 30 147 1.370
21 23 25 -0.160
41 14 83 0.136
33 18 20 -0.141
16 30 144 1.627
14 35 34 -0.418
37 12 45 0.297
34 16 9 1.152
29 21 59 0.285
26 27 135 -1.014
40 8 47 -0.314
34 14 10 0.681
10 35 108 -0.790
29 16 44 -0.034
18 31 33 -0.822
38 19 83 -0.880
38 14 122 0.056
31 21 77 -0.311
37 24 121 -0.430
13 30 34 -0.329
40 13 13 0.431
41 13 53 1.140
42 10 13 0.055
42 7 127 0.807
13 36 143 0.092
19 28 100 -0.191
23 30 1 2.210
28 28 115 -0.947
33 11 45 -0.750
14 37 74 -0.822
15 26 141 -0.212
13 31 71 -0.242
9 31 143 0.230
25 21 135 -0.161
36 17 89 -0.415
27 15 115 -0.461
37 10 47 -0.746
38 12 85 0.062
22 26 101 1.620
31 28 58 -0.350
26 21 61 0.702
37 8 47 -1.060
40 10 49 0.422
34 9 9 0.763
27 28 99 -0.221
20 32 99 -0.882
37 16 92 -0.750
21 29 63 -0.511
14 26 2 -1.100
25 29 99 -0.764
39 12 48 -0.542
37 20 91 -0.436
39 14 52 -0.219
34 26 60 3.120
23 21 139 0.241
33 18 9 0.845
38 11 90 -0.435
13 27 35 2.699
20 26 111 -0.958
37 14 13 -0.682
8 40 145 -0.810
37 14 92 -0.698
18 25 63 -0.498
17 35 140 0.434
14 34 33 0.185
17 35 112 -0.724
24 17 2 0.158
19 29 37 -0.272
34 18 80 -0.498
14 20 73 0.286
33 22 95 0.274
19 29 65 -0.080
18 30 37 -0.066
16 26 68 1.421
39 10 9 0.120
30 20 41 0.229
30 25 97 -0.024
16 38 0 -1.037
33 5 85 -0.375
32 14 8 -0.104
38 7 16 -0.827
39 20 55 -0.777
31 23 6 -0.598
11 34 69 -0.234
10 36 143 1.169
25 32 60 -0.893
21 26 5 -0.283
15 31 32 4.547
40 11 130 -0.409
40 18 88 0.637
25 25 135 0.221
21 24 75 1.982
42 12 46 0.168
14 26 103 2.866
25 32 99 -0.718
19 30 100 -0.359
39 11 90 -0.234
33 21 81 -0.575
23 37 114 -0.908
30 23 98 0.901
31 17 21 -0.948
39 13 88 -0.395
38 18 17 -0.061
12 37 67 -0.687
41 10 123 -0.313
15 34 70 -0.274
23 15 3 0.043
18 34 73 -0.409
25 32 114 -0.232
26 30 39 -0.973
8 38 102 -0.660
20 30 38 -0.487
13 39 142 -0.745
12 29 72 0.069
39 13 84 0.535
34 10 8 0.936
19 30 111 -1.030
20 27 111 -0.921
43 14 125 -0.139
14 32 111 -1.036
9 36 146 -0.619
37 12 123 -0.072
37 11 123 -0.780
40 12 13 0.636
44 11 124 -0.927
14 30 149 -0.974
31 12 117 0.913
13 28 68 1.226
20 23 31 -0.627
15 36 109 -0.996
16 22 110 -0.237
33 22 80 -0.323
31 19 40 -0.153
38 5 12 1.697
34 4 45 -0.325
29 23 43 -0.793
15 33 110 -1.019
26 27 27 0.292
16 37 143 -0.443
36 23 22 -1.102
43 6 16 -0.789
18 32 1 0.269
37 23 120 0.086
38 15 48 -0.304
16 32 102 -0.273
28 27 79 0.940
40 2 131 -0.992
19 25 73 -0.932
22 32 100 -0.719
27 17 79 -0.209
25 24 116 -0.497
18 26 147 2.769
18 30 26 -0.592
38 17 94 -0.990
34 16 56 -0.798
38 13 55 -0.308
38 17 9 -0.917
25 19 62 -0.221
19 28 64 0.214
24 30 4 -0.966
40 12 92 -0.893
30 34 60 -1.078
36 9 83 -0.449
14 32 70 -0.524
38 20 132 -0.237
26 25 137 -0.694
14 29 144 3.730
33 12 81 -0.398
18 25 38 0.447
38 6 91 -0.892
34 20 95 0.989
24 24 99 -0.892
22 30 38 -0.996
35 22 20 0.467
26 19 39 0.518
27 31 115 -0.953
34 23 7 -0.489
12 34 143 2.056
30 22 134 1.269
21 33 26 -0.768
42 11 88 -0.006
27 21 26 0.222
9 27 29 -0.587
13 30 35 3.108
26 23 60 -0.444
16 29 74 1.652
42 6 13 0.015
25 24 5 0.564
32 14 58 0.178
39 10 48 -0.450
34 22 20 -0.340
39 13 85 -0.165
33 24 80 -0.376
33 17 58 0.729
34 14 119 -0.448
34 16 10 0.534
33 21 20 0.117
41 14 48 -0.760
41 15 47 -0.607
37 10 131 -0.913
39 7 124 -0.305
19 19 64 0.553
26 29 137 -0.403
36 21 18 -0.499
16 31 104 0.382
31 14 80 -0.156
35 16 85 -0.924
19 23 31 -0.603
19 31 63 -0.670
35 8 126 -0.818
11 34 65 -0.975
25 31 77 -0.035
23 16 0 2.699
21 26 26 0.078
25 14 38 0.075
31 18 119 -0.687
16 33 75 0.494
31 26 57 -0.457
17 30 37 1.356
36 20 7 -0.290
17 24 37 0.850
32 18 56 -0.915
14 31 68 -0.710
11 29 109 -0.496
24 21 25 -0.032
11 21 31 -0.227
33 21 119 -0.279
39 17 122 -0.479
38 17 131 -0.860
14 27 31 0.960
41 16 130 -0.395
42 7 90 0.175
37 13 89 -0.310
36 21 133 1.273
32 26 133 -0.857
25 18 76 1.914
13 26 103 1.389
13 37 147 -0.823
40 16 11 -0.146
23 28 5 -0.119
35 16 83 -0.704
11 26 105 6.535
24 22 63 -0.767
39 11 52 -0.573
38 21 84 -0.514
42 8 52 0.648
41 13 18 -0.571
23 26 139 0.423
38 3 12 -1.032
23 26 135 -0.684
33 18 80 -0.423
29 23 60 1.486
35 21 81 0.600
1 47 108 -1.035
37 15 131 -0.836
41 13 51 -0.456
28 30 23 -0.125
22 36 63 -1.009
29 27 136 0.261
22 29 99 -1.050
5 32 30 -0.930
17 36 138 1.141
41 10 92 -0.093
37 7 123 -0.638
16 37 75 -0.841
30 18 61 2.513
12 33 67 -0.646
18 23 65 0.478
39 12 54 -0.467
37 9 47 -0.953
33 12 43 0.496
31 11 119 -0.698
42 15 125 0.353
24 9 78 -0.626
40 14 122 0.063
36 6 130 -0.364
29 14 97 -0.884
26 30 99 -0.581
35 20 6 -0.964
35 18 6 0.764
40 7 16 -0.485
13 25 66 -0.958
13 27 29 -0.708
33 14 5 -0.173
38 14 131 -0.437
16 23 34 1.216
15 33 27 -0.859
23 36 137 -0.994
30 22 42 0.442
24 22 76 0.278
13 34 141 -0.422
29 21 41 -0.669
13 35 148 -1.042
30 18 5 -0.337
39 15 88 -0.114
35 13 87 -0.613
42 11 128 0.331
12 31 70 0.472
31 24 57 -0.536
15 33 32 0.306
22 37 99 -0.802
27 32 134 -0.861
32 6 123 -0.602
14 35 66 -0.147
18 24 110 1.124
15 32 32 4.400
37 15 55 -0.983
11 31 102 1.114
37 13 13 -0.575
37 12 18 -0.556
32 17 120 -0.205
30 25 120 -0.642
14 31 105 3.141
34 9 80 -0.140
31 12 4 -0.260
8 36 146 -0.908
40 7 54 -0.837
32 21 98 -0.964
13 30 106 3.009
39 9 50 0.391
29 18 115 -0.697
12 36 108 -0.725
15 34 103 0.511
26 28 62 1.166
19 25 148 0.453
20 27 2 -0.497
27 30 99 -0.360
42 19 125 -0.148
20 17 149 0.255
40 13 86 0.434
32 21 97 1.371
12 33 68 1.205
19 21 26 -0.042
15 26 33 0.643
41 13 17 -0.408
36 16 120 -0.816
44 5 16 0.870
36 15 7 -0.440
30 19 118 0.154
37 24 95 0.103
37 11 90 -0.222
23 28 24 -0.474
33 27 97 -0.769
38 9 123 -0.477
25 27 114 -0.372
18 24 68 0.629
19 31 27 1.092
40 13 52 -0.916
20 31 0 -0.644
14 28 147 1.191
27 22 5 1.065
24 27 114 -0.226
31 17 41 0.927
14 22 29 -0.798
30 16 79 -0.361
41 11 16 0.164
16 27 1 -0.397
29 22 39 -0.361
22 24 101 2.807
10 38 30 -0.183
7 32 65 -0.816
38 24 130 -0.972
26 31 60 -0.966
39 9 56 -0.876
40 7 124 -0.117
40 7 51 -0.932
18 26 28 0.497
22 22 101 2.797
31 13 4 -0.267
26 13 116 0.371
16 34 70 -0.909
29 28 135 0.061
32 23 57 -0.448
12 30 105 3.309
40 12 11 -0.335
33 18 42 0.464
21 34 138 -0.106
16 28 74 0.598
24 27 27 -0.832
17 26 38 -0.161
23 32 62 -0.452
42 11 92 -0.082
15 37 103 0.641
42 10 54 -0.809
38 14 132 -0.689
28 19 41 0.111
37 19 130 -1.037
13 30 141 0.027
20 26 139 0.168
8 33 30 -0.718
19 24 64 1.010
10 38 72 -0.752
27 22 99 -0.264
39 14 17 -0.071
16 29 34 -0.492
34 7 11 -1.015
12 30 67 -1.041
16 27 144 0.945
35 16 6 -0.768
24 23 3 0.263
32 17 44 -0.405
12 32 32 0.462
41 3 16 -0.670
16 18 31 -0.482
36 6 118 1.733
32 14 5 -0.366
37 4 8 0.028
41 19 88 -0.519
34 12 117 0.385
21 32 38 -0.958
32 26 43 -0.361
22 25 38 -0.874
12 24 66 -1.086
13 21 33 2.401
39 12 91 -0.296
14 24 74 -0.603
40 15 88 -0.186
12 25 67 -0.460
33 23 119 -0.863
22 12 78 -0.588
40 9 49 0.119
19 31 73 -0.515
27 25 76 -0.344
17 19 1 -0.592
28 17 78 1.172
26 20 39 0.471
31 13 117 0.245
38 11 14 -0.130
17 34 100 -0.945
19 18 2 0.302
39 7 131 -0.872
11 39 139 -1.068
32 24 6 0.080
22 26 38 -0.858
38 13 124 -0.288
37 20 18 -0.889
42 13 123 -0.169
11 39 66 2.747
31 15 58 0.479
36 14 48 -0.514
31 22 134 -0.714
30 28 96 -0.473
21 22 2 0.784
42 11 54 -0.851
15 40 113 -0.957
16 25 110 0.248
28 25 59 0.255
13 32 106 -0.907
20 25 26 0.105
31 19 81 -0.805
29 27 59 -0.600
30 27 22 0.533
34 17 10 0.439
31 19 77 -0.382
41 16 53 1.601
14 37 142 -0.768
17 31 38 -0.895
19 26 113 -0.464
24 29 26 -0.290
36 20 19 -0.405
17 29 38 -0.249
18 24 113 0.421
38 6 50 1.501
14 34 29 -0.447
20 34 64 -0.627
18 31 139 -0.613
38 11 48 -0.351
31 26 42 -0.362
30 21 40 0.459
22 33 114 -1.045
38 7 46 -0.794
28 32 23 -0.086
17 32 138 0.632
38 15 54 -0.505
20 24 74 -0.617
34 24 7 -0.364
41 15 48 -0.735
46 8 126 -0.937
34 13 10 1.339
39 7 49 0.367
28 21 26 0.045
21 28 149 -0.349
42 6 15 -0.105
28 9 4 -0.480
39 11 126 -0.044
15 26 29 -0.792
33 20 118 -0.035
29 15 39 2.048
15 33 102 -0.413
38 14 18 -0.272
19 32 140 0.163
16 26 31 0.017
34 7 8 -0.420
45 14 129 0.019
29 26 98 -0.922
40 19 88 0.767
16 31 36 2.404
27 23 77 0.385
16 30 141 -0.262
20 27 26 -0.525
24 30 77 -0.842
42 11 53 -0.378
39 17 17 0.321
16 37 100 -0.907
28 27 59 -0.288
13 39 111 -0.981
23 35 137 -0.950
37 14 20 -0.525
6 34 108 -1.016
15 37 109 -0.962
34 11 124 -0.087
17 33 36 2.598
18 23 111 -0.885
24 24 139 0.859
13 39 66 -0.394
35 12 83 -0.954
13 34 68 0.342
32 14 81 -0.702
19 20 110 1.021
29 16 118 -0.393
14 30 142 2.018
25 29 26 -0.563
12 27 35 2.359
12 35 104 0.006
24 21 116 -0.642
39 16 123 -1.033
11 35 35 0.827
37 20 56 0.510
18 22 141 0.417
35 17 94 -0.731
29 28 22 -0.927
38 12 55 -0.324
17 28 104 1.247
17 22 34 0.825
23 26 4 -0.890
27 24 41 -0.949
29 22 61 1.282
25 30 25 1.758
20 15 149 0.265
16 35 141 0.046
26 32 23 -0.659
19 31 37 0.225
19 21 1 0.705
39 11 93 -0.973
35 15 82 -0.822
23 21 26 -0.190
32 15 6 0.129
10 30 35 0.023
41 10 48 -0.909
28 31 96 -0.687
37 11 131 -0.954
37 21 133 1.518
34 15 95 0.272
32 15 94 -0.952
11 39 145 -0.431
38 12 17 0.143
16 33 67 -0.645
16 24 73 0.042
13 36 67 -0.318
35 16 120 -0.593
40 11 87 -1.009
15 22 29 -0.590
20 32 101 0.154
26 23 62 -0.327
36 14 83 -0.584
34 18 47 -0.692
40 9 130 -0.210
33 26 59 -0.791
27 23 120 -0.594
39 15 123 -0.851
24 27 1 2.121
39 19 54 -0.254
14 32 67 -0.157
14 36 75 -1.072
16 19 1 -0.621
35 15 47 -0.395
15 32 67 -0.206
35 14 54 -0.798
11 22 105 4.713
43 10 127 -0.221
41 3 12 -0.706
13 40 29 -0.587
14 32 66 -0.956
24 20 62 -0.999
31 17 5 -0.469
39 21 55 -0.420
20 17 138 2.634
30 19 41 0.260
16 32 100 -0.697
15 17 33 2.236
30 20 42 -0.387
15 25 64 2.939
37 15 8 -0.443
34 13 43 0.684
13 31 68 -0.722
17 31 70 -0.923
30 22 135 0.841
36 17 80 -0.320
34 18 41 0.623
28 24 77 -0.909
25 28 136 -0.941
37 8 15 -0.730
37 14 122 -0.048
30 23 21 -0.241
25 27 24 1.598
38 9 84 -0.125
36 13 83 -0.782
29 21 21 -0.823
9 44 105 -0.450
5 48 108 -0.700
30 18 43 -0.499
38 6 18 0.020
31 22 42 0.217
39 12 124 -0.094
39 8 123 -0.788
27 24 61 -0.145
38 12 7 0.303
34 15 10 -0.270
27 32 59 -0.828
14 33 33 -0.085
14 24 71 1.582
23 25 0 -0.847
10 40 107 -1.015
24 20 76 1.493
36 18 83 -0.618
38 14 92 -0.495
18 37 148 0.235
40 9 84 0.279
27 23 116 -0.494
25 26 24 0.806
41 7 127 -0.656
37 15 81 0.554
24 20 3 -0.182
22 20 136 -0.378
37 17 133 0.848
12 30 29 -0.310
33 16 42 -0.121
43 9 52 -0.244
25 22 3 0.288
17 31 65 -0.006
34 26 43 -0.241
22 25 4 -0.920
18 18 31 -0.249
10 32 32 -0.097
22 32 24 0.052
32 13 121 -0.770
26 15 44 -0.824
18 27 28 0.383
17 27 139 -0.537
15 35 140 0.015
35 19 6 0.039
27 22 79 0.511
41 12 127 -0.173
28 15 118 -0.508
35 7 118 0.966
16 34 65 1.714
34 15 8 0.420
42 1 12 -0.884
14 39 32 -0.842
18 22 148 0.260
38 7 12 1.832
35 17 18 -0.914
19 20 31 -0.355
38 9 87 -0.450
36 10 47 -1.005
16 39 69 -0.665
30 23 23 -0.233
17 36 140 -0.172
17 21 2 -0.307
23 17 3 -0.427
25 32 23 -0.170
37 21 56 0.099
18 20 65 1.118
26 15 38 0.254
16 33 113 -1.002
30 25 42 0.909
39 22 83 -0.861
35 11 118 1.304
27 17 39 1.933
20 17 2 1.382
19 23 113 -0.091
18 31 1 0.085
35 20 80 0.049
12 38 33 -0.614
21 21 38 0.841
39 13 11 -0.351
43 17 128 0.007
26 26 114 -0.297
39 10 131 -0.859
26 18 3 0.659
36 4 8 -0.348
26 25 61 -0.653
11 37 71 -0.959
14 34 68 -0.639
22 28 79 -0.989
34 22 57 -0.622
29 21 136 0.942
38 12 125 -0.255
17 28 137 -0.010
18 23 69 0.666
11 23 107 -0.645
39 16 86 -0.422
36 11 47 -0.974
38 14 49 -0.757
41 15 130 -0.219
41 16 88 0.114
13 31 36 1.231
6 33 102 -0.770
43 11 126 -0.834
23 20 38 -0.812
34 16 20 -0.439
9 34 65 -0.498
19 20 112 3.952
16 23 1 -0.796
21 35 99 -0.831
43 12 90 0.574
12 31 72 0.303
23 30 24 -0.294
35 6 82 0.830
41 15 129 -0.888
20 30 139 0.548
38 11 11 0.399
39 9 45 0.193
36 16 57 -0.535
41 14 92 -0.866
32 19 6 0.117
18 22 28 -0.278
28 14 40 2.733
28 15 22 0.404
44 7 126 0.032
39 14 86 0.210
14 31 67 -0.323
12 27 141 0.505
37 7 13 -0.484
23 25 100 0.144
38 9 90 -0.645
27 21 116 -0.367
26 16 4 -0.395
24 28 1 2.358
14 39 142 -0.744
20 22 3 1.342
14 37 67 -0.290
31 24 94 -1.005
12 32 109 0.593
16 36 113 -0.987
41 9 123 -0.606
32 23 134 0.345
30 24 21 -0.353
39 9 14 0.757
42 7 16 0.260
18 25 28 0.094
39 13 86 -0.913
14 39 35 0.386
27 20 117 -0.033
39 12 17 0.157
20 26 65 -0.176
29 20 117 -0.229
25 29 27 -0.376
25 24 62 -0.910
29 24 24 3.090
37 18 81 0.380
37 16 132 -0.858
19 32 1 -0.825
43 8 90 -0.077
9 35 108 0.277
38 19 56 0.528
19 23 34 -0.103
36 24 120 -0.052
38 7 86 0.686
22 29 24 -0.423
20 23 149 -0.278
35 14 49 -0.328
12 31 141 -0.825
43 9 49 -0.964
13 33 139 -1.023
8 35 32 -0.389
14 30 68 0.511
26 25 135 0.176
39 15 54 -0.319
16 34 100 -0.939
35 2 85 -0.986
14 30 34 -1.067
18 26 75 2.308
31 17 97 -0.812
37 16 121 -0.784
34 9 45 -0.336
18 27 65 0.172
13 28 71 0.502
34 18 8 0.211
32 27 134 -0.742
36 12 57 1.269
30 23 60 3.665
27 15 78 -0.781
17 30 28 -0.299
28 23 98 -0.887
36 3 84 -0.787
12 34 29 -0.071
19 21 138 1.383
14 36 36 -0.193
28 18 41 -0.628
39 14 54 -0.039
34 4 85 -0.082
18 25 73 0.600
20 32 137 -0.396
14 24 31 -0.084
10 32 146 -0.828
20 18 63 -0.600
42 15 88 0.297
39 16 8 0.317
34 21 6 0.973
18 27 143 -0.728
37 18 6 0.896
16 26 1 -0.269
34 14 56 -0.956
15 33 67 0.472
21 29 138 0.088
39 5 12 1.117
16 33 37 1.618
36 9 45 0.216
38 8 11 -0.337
37 9 119 -1.102
37 11 89 -0.442
38 13 83 0.596
37 12 48 -0.511
31 24 22 0.637
18 29 31 -0.431
39 15 10 0.557
13 39 71 -0.969
20 33 101 -0.255
31 14 118 0.488
41 10 130 -1.001
43 7 12 -0.855
28 21 42 0.148
20 33 64 -0.714
26 15 5 1.658
25 24 135 -0.507
27 19 61 2.752
41 11 86 -0.930
35 12 54 -0.748
10 24 67 -1.031
38 18 131 -1.006
33 14 9 0.272
38 8 51 0.018
27 24 99 -0.435
36 11 45 -0.092
17 29 110 -0.535
44 17 128 -0.078
35 7 87 -0.976
42 7 9 -0.410
24 22 136 -0.630
31 17 94 -0.889
11 31 105 2.752
24 17 137 0.006
10 40 139 -1.018
43 19 130 -0.540
12 38 146 1.346
17 23 65 1.203
31 25 21 1.522
30 22 21 -0.869
34 20 58 0.060
33 10 20 -0.076
35 21 120 -0.456
39 6 12 1.228
38 23 130 -1.003
38 3 131 -1.021
22 14 0 2.038
17 32 65 0.378
32 19 10 -0.817
35 13 126 -0.592
38 16 83 0.273
38 14 57 1.040
15 39 0 -0.686
27 27 78 -0.482
17 22 28 -0.139
19 23 28 1.006
15 30 110 -0.867
42 12 50 -0.184
42 12 52 0.482
18 36 138 0.784
29 22 77 -0.098
23 24 101 2.664
36 13 121 -0.614
41 14 129 -0.709
35 10 47 -0.342
11 39 102 -0.838
24 28 100 0.296
35 24 19 0.090
34 17 83 -0.473
25 30 77 -0.823
11 20 69 0.249
37 13 9 -0.355
15 35 74 -0.807
38 3 84 -0.522
26 11 44 -0.783
39 9 55 0.088
35 24 58 0.300
16 38 147 -0.994
17 35 69 -0.447
38 15 57 -0.880
25 30 0 -0.808
34 12 124 -0.140
45 11 126 0.212
32 30 59 -0.882
11 34 110 -1.039
20 22 1 0.607
35 7 119 1.322
20 29 101 -0.203
34 19 97 2.752
35 6 44 -0.658
18 22 110 0.923
22 36 78 -0.802
33 18 43 0.421
26 24 6 -0.709
39 21 94 -0.926
26 33 23 -0.665
27 12 115 0.164
23 25 25 1.985
35 16 87 -0.646
31 16 96 -0.881
35 16 11 -0.400
40 11 50 0.248
13 27 103 0.641
17 38 112 -0.844
21 19 139 1.622
25 23 3 0.110
35 16 20 0.507
27 18 4 -0.357
37 12 9 -0.985
36 6 11 0.556
14 34 142 -0.729
13 32 35 2.015
20 30 27 0.576
21 33 137 -0.441
12 27 66 0.867
21 29 64 -0.385
35 20 132 -0.767
30 27 21 -0.976
41 11 129 -0.231
16 39 140 0.312
22 19 76 -0.224
35 12 10 -0.573
31 16 43 0.134
13 34 33 -0.215
18 30 68 -0.700
21 30 149 -0.949
18 18 110 0.534
36 7 84 -0.402
35 18 95 0.376
17 31 144 3.410
14 26 66 -0.391
23 26 78 -0.015
40 20 88 -0.084
34 27 95 0.528
40 13 121 -0.543
10 40 35 -1.003
25 29 135 -0.713
29 28 41 -0.036
41 15 128 -0.064
15 38 72 -0.957
25 23 5 0.469
41 7 92 -0.533
26 19 116 0.544
41 7 11 -0.365
26 29 114 0.605
34 14 83 -0.147
21 34 137 -0.422
22 14 1 -0.143
32 27 98 -0.929
15 31 148 -0.290
38 10 47 -0.384
22 21 27 0.095
24 15 97 -0.985
33 17 56 -0.816
14 42 111 -1.032
15 35 68 -0.632
36 14 54 -0.703
34 19 56 0.579
16 36 147 -0.940
9 39 108 0.658
26 26 62 1.386
14 34 109 -0.647
37 19 133 0.722
22 27 26 -0.475
17 33 103 -0.880
32 15 79 0.573
23 29 77 -0.873
26 22 98 0.023
36 10 10 1.378
15 33 72 -0.992
39 16 10 0.561
22 31 137 -1.014
15 34 0 -1.050
18 19 34 -0.286
34 22 133 -0.529
30 16 21 -0.858
29 35 60 -1.030
11 28 35 0.426
38 17 56 0.899
43 9 91 0.545
37 9 118 2.075
14 26 146 0.481
24 24 62 -0.713
15 26 74 0.735
36 12 50 -0.302
23 14 3 0.112
29 17 21 2.413
24 23 26 -0.670
25 25 100 0.139
17 39 68 -0.994
12 24 70 0.055
28 29 136 1.324
12 39 143 -0.134
41 12 125 -0.696
38 8 48 0.429
14 38 70 0.999
34 21 95 -0.328
37 8 14 0.366
29 19 115 -0.602
34 19 21 -0.359
18 28 37 -0.222
10 35 71 -0.574
28 24 21 -1.046
43 14 129 -0.150
30 16 116 -0.200
37 2 7 -0.690
40 16 54 -0.265
36 12 120 -0.509
36 7 18 -0.904
13 32 70 2.156
23 31 63 -0.972
40 5 11 -0.514
27 23 62 0.572
30 28 60 2.888
31 19 94 -0.932
37 10 90 -0.971
33 19 19 -0.386
42 18 91 -0.622
37 13 80 0.069
37 17 121 -0.594
17 36 68 0.471
14 34 0 -0.660
44 15 124 -0.904
19 18 73 -0.849
18 28 76 0.125
22 24 0 1.174
18 21 73 2.476
37 15 92 -0.552
35 17 134 0.800
26 20 98 -0.289
16 23 70 -0.103
15 27 34 0.681
23 17 138 1.311
33 15 10 0.928
40 12 129 -0.534
28 29 23 -0.741
33 19 58 -0.232
12 37 143 -0.276
19 29 76 -0.181
14 28 140 1.349
36 15 133 1.713
19 29 104 0.324
29 14 79 -0.826
22 19 112 1.803
15 31 66 -0.912
42 18 130 -0.420
33 10 44 -0.570
15 34 69 0.229
36 21 19 -0.046
11 32 143 1.542
29 14 5 0.023
17 36 36 2.400
38 12 9 0.475
8 35 108 0.831
32 16 116 -0.960
23 34 62 -0.242
14 36 109 0.278
29 20 98 1.838
35 17 132 -0.827
31 19 116 0.197
22 23 25 0.419
12 41 143 -0.512
37 9 127 -0.708
26 23 97 -1.072
36 15 131 -0.963
39 14 123 -0.182
35 13 10 -0.577
29 23 59 0.009
37 14 9 -0.889
11 29 102 2.578
40 8 49 -0.513
15 31 31 -0.358
23 36 62 -0.767
31 15 116 -0.447
35 16 95 0.629
28 27 77 0.295
17 25 28 -0.269
38 13 89 -0.122
33 23 95 -0.350
39 13 15 -0.116
28 27 136 1.669
48 0 12 -0.959
28 26 60 1.270
22 30 24 0.009
40 4 16 -0.642
17 27 111 -0.534
31 18 80 -0.318
16 35 103 -0.390
39 12 47 -0.630
24 21 82 -0.595
38 12 84 -0.240
16 26 148 2.321
40 7 92 -0.158
12 32 145 0.143
39 22 94 -0.944
35 6 118 0.751
16 30 75 -1.025
13 20 68 -0.575
16 34 103 0.813
8 40 108 0.712
41 16 129 -0.525
15 27 144 1.430
32 25 59 -0.328
25 26 149 -0.921
43 11 46 0.186
35 10 48 0.072
13 39 32 -0.764
17 25 34 -0.080
21 28 75 0.524
16 20 34 -0.042
33 25 95 0.409
41 13 50 0.865
43 15 49 -0.617
39 12 84 0.431
13 34 70 0.425
35 26 94 -0.578
22 24 3 -0.521
23 27 37 -0.601
43 9 124 -0.659
35 23 57 0.172
29 18 59 -0.313
24 25 100 1.155
37 11 18 -0.180
10 32 145 -0.821
13 28 33 0.702
14 32 68 -0.446
12 19 33 1.745
38 13 53 -0.784
14 38 145 -0.537
14 34 30 -0.861
39 16 122 0.621
41 16 91 0.472
20 22 76 -0.146
17 28 144 -0.665
13 27 144 0.727
12 33 33 0.698
23 19 114 1.966
14 25 67 -0.527
23 25 61 -0.324
34 9 81 -0.588
35 14 8 0.171
34 16 95 -0.014
36 10 50 -0.347
35 8 87 -0.973
17 31 113 -0.832
36 14 121 -0.850
32 11 53 -1.016
37 7 16 -0.735
39 4 15 -0.620
33 14 43 0.551
12 39 30 0.160
32 18 44 -0.085
37 6 127 -0.861
23 27 24 -0.272
18 30 33 -0.816
31 18 134 0.105
43 1 12 -0.876
24 35 77 -0.531
34 26 95 0.769
12 35 66 -0.882
30 12 40 0.387
24 31 62 -0.365
29 16 96 -1.011
14 33 69 -0.678
25 24 3 0.302
19 30 65 0.103
34 16 117 -0.787
22 16 76 1.664
41 4 16 0.611
23 35 23 -0.922
18 28 68 -0.782
16 28 67 -0.798
41 8 50 -0.305
22 28 149 -0.117
29 24 21 -0.660
24 26 1 2.299
15 29 109 -0.698
19 24 26 2.621
38 10 131 -0.854
28 16 97 -0.893
11 32 109 -0.756
35 5 11 -0.246
15 29 102 -0.210
35 21 132 -0.586
36 9 47 -0.843
10 35 143 -0.839
12 31 149 -0.166
37 10 127 -0.904
24 28 23 0.311
14 25 71 1.737
25 22 62 -1.080
11 34 70 3.718
32 19 59 -0.328
26 9 4 0.267
17 35 113 -1.017
16 34 36 3.364
30 25 115 -0.927
31 16 41 0.909
31 12 115 -0.622
35 18 45 -0.371
24 24 114 -0.387
17 35 103 0.709
42 3 46 -0.807
21 28 25 0.729
35 17 119 -0.501
33 22 19 -0.148
12 36 146 -0.373
23 29 137 -0.756
28 16 61 3.411
10 36 146 -0.912
12 42 102 -0.727
30 28 43 -0.687
38 14 45 0.323
15 42 137 -0.765
34 7 45 -0.332
15 29 69 -0.622
30 26 60 2.732
13 35 32 0.428
39 12 125 -0.604
39 10 92 -0.956
28 28 40 -0.815
37 10 49 0.334
39 10 54 -0.531
31 20 119 -0.586
13 32 109 -0.902
23 23 113 -0.164
19 35 113 -0.938
42 7 11 -0.814
15 28 104 -0.050
33 12 10 0.472
27 23 82 -0.533
19 27 0 0.297
31 15 81 -0.895
39 16 94 -1.037
21 22 4 -0.959
33 21 134 0.200
38 11 129 -0.583
39 13 48 0.112
41 16 128 -0.050
14 29 111 -0.123
38 14 55 -0.344
41 12 14 0.500
36 22 56 0.751
34 18 9 0.758
38 16 49 -0.812
42 15 93 -0.911
29 26 135 1.354
18 34 38 -0.659
15 37 112 -0.693
15 22 74 1.129
38 17 85 -0.878
43 12 16 0.149
18 27 64 1.715
20 16 31 -0.560
41 15 18 -0.609
17 29 37 2.198
26 27 39 -0.621
37 8 18 -0.591
11 30 35 -0.045
12 36 142 1.148
24 17 0 1.708
26 26 77 0.210
18 33 100 -0.273
32 12 8 -0.172
31 24 58 -0.340
25 31 26 -0.413
39 6 16 -0.443
18 33 140 -0.875
34 15 41 0.959
13 31 33 -1.059
43 13 128 -0.318
25 32 79 -0.776
21 19 63 0.028
39 11 85 0.195
37 19 19 0.025
41 5 84 -0.113
22 17 138 1.138
38 13 90 -0.460
40 7 127 -0.466
36 22 120 0.015
24 31 115 -0.880
37 10 9 -0.064
30 17 5 -0.119
30 29 60 1.353
18 33 137 -0.355
27 26 42 -0.264
42 16 91 0.198
16 22 74 1.183
37 11 91 -0.625
14 37 145 0.918
29 25 22 -0.232
16 33 147 -0.915
31 15 7 -0.550
22 25 114 1.001
40 11 51 -0.418
37 11 48 0.354
13 35 70 1.043
41 18 17 -0.847
12 29 107 0.395
37 19 81 0.804
21 12 0 1.626
21 26 101 1.015
37 20 6 1.054
15 23 103 2.632
26 30 136 -0.986
12 38 147 -0.163
14 38 74 -0.799
29 13 117 -0.780
42 5 12 -0.903
42 7 53 0.430
35 14 124 -0.077
35 12 132 -0.959
12 25 33 0.390
15 33 68 -0.482
36 21 94 -0.832
37 16 84 -0.324
24 38 114 -0.909
13 38 143 0.127
42 15 11 -0.752
12 36 35 1.277
10 33 110 -1.034
33 16 121 -0.240
14 29 68 -0.405
12 29 70 1.504
20 15 75 -0.744
19 31 137 0.369
35 22 80 -0.056
19 38 138 -0.590
30 17 96 -0.759
34 23 133 -1.039
40 14 87 1.004
11 41 30 -0.922
31 19 41 1.413
25 32 25 -0.387
18 16 2 0.209
15 21 34 0.246
17 30 70 -0.935
42 9 46 -0.792
14 24 68 -0.950
23 28 1 2.098
37 16 94 -1.010
23 20 3 -0.436
33 17 6 0.169
31 17 10 -0.418
26 26 99 -0.978
41 10 90 -0.031
18 36 1 -0.937
16 33 103 -0.709
9 29 109 -0.274
41 7 50 1.188
22 19 27 -0.405
19 26 148 0.502
10 41 102 -0.372
23 7 78 -0.674
16 31 140 -0.118
22 26 25 0.872
28 18 78 0.805
43 7 51 -0.934
17 21 73 0.080
17 33 29 -0.714
42 10 53 0.623
41 8 15 -0.632
39 15 55 -0.874
38 9 129 -0.813
33 21 80 -0.348
42 14 128 -0.274
11 30 65 -0.663
28 25 60 0.805
28 15 82 -0.783
16 28 145 -0.404
39 15 47 -0.142
21 15 0 -0.430
15 28 110 -0.994
34 10 9 0.205
40 14 124 -0.885
12 33 105 2.386
26 22 39 -0.782
38 4 123 -0.737
33 24 95 0.332
29 32 135 0.018
31 23 133 -0.926
16 31 38 -0.806
25 31 24 -0.881
19 17 138 0.466
16 36 68 0.346
37 14 87 -0.217
27 22 134 -0.471
26 18 5 1.513
23 29 139 -0.464
41 14 16 1.045
35 19 19 -0.330
24 30 63 0.590
24 27 136 -0.590
31 27 60 1.065
22 20 0 -0.343
17 38 68 -0.895
19 31 113 -0.035
21 28 101 -0.071
34 12 8 0.525
25 30 4 -0.994
10 33 32 -0.738
35 11 7 0.084
32 19 79 0.682
20 24 113 -0.035
9 33 108 -0.600
13 36 105 0.125
21 21 2 0.043
26 32 39 -0.984
38 10 129 -0.578
12 31 68 0.164
18 27 27 0.867
33 18 40 -0.833
35 13 49 -0.619
33 17 42 0.456
30 28 94 -1.009
19 23 73 0.467
39 11 13 -0.174
39 13 49 -0.304
14 33 110 -0.996
15 20 69 1.020
36 5 18 -0.289
34 15 20 -0.555
28 22 115 -1.047
21 11 1 0.226
30 24 57 -0.540
37 11 55 -0.517
20 22 63 -1.057
32 27 133 -0.923
9 34 107 -0.973
40 9 83 0.296
10 29 70 2.952
13 33 67 -0.048
11 35 109 0.439
43 12 53 0.404
14 29 31 0.922
16 32 32 0.298
15 24 144 -0.517
42 16 53 -0.721
18 31 65 -0.025
31 28 22 -0.904
19 25 38 0.231
18 29 144 -0.597
42 8 88 0.084
11 31 109 0.273
22 26 149 -1.006
31 20 58 -0.646
17 22 31 -0.138
37 23 19 0.250
21 10 0 0.287
41 5 51 -0.891
14 43 111 -0.977
21 35 100 -0.512
16 31 75 -1.022
37 24 130 -0.987
36 13 10 0.457
16 34 37 2.114
19 23 64 -0.736
33 23 133 0.228
44 9 126 0.051
11 33 104 -0.514
12 35 32 0.429
35 21 7 -0.408
35 8 11 0.592
17 21 69 -0.108
38 14 86 0.443
4 43 108 -1.016
27 19 98 -0.629
38 11 15 -0.337
38 13 7 -0.347
42 16 51 1.061
22 16 63 -1.060
36 20 18 -0.753
39 10 84 -0.351
40 8 13 0.108
33 25 58 0.043
14 44 111 -1.011
16 28 34 -0.451
12 36 105 0.103
41 9 129 -0.281
35 8 82 0.691
20 27 76 -0.102
14 33 105 2.896
37 2 131 -1.011
34 17 133 0.664
35 13 46 0.083
28 21 39 0.015
33 28 120 -0.719
11 36 146 0.163
30 11 44 0.491
15 33 66 -0.715
13 39 112 -0.703
15 25 103 5.622
31 29 96 -0.459
36 23 58 -0.351
36 9 118 1.426
17 28 103 -0.957
20 22 74 -0.772
24 27 25 2.710
14 27 144 -0.603
34 20 20 -0.567
30 15 5 -0.093
16 31 34 -0.556
40 20 55 -0.817
15 34 148 0.439
32 20 81 -0.469
11 26 67 -1.071
37 14 121 -0.619
41 14 53 0.100
16 28 1 -0.405
39 19 92 -0.554
39 8 87 -1.053
15 29 67 -0.839
13 35 66 -0.016
36 9 12 -0.251
19 33 139 -0.517
16 34 143 -0.429
35 12 9 1.283
15 23 74 0.924
9 34 102 -0.509
15 26 71 0.890
13 30 75 -0.820
31 16 117 0.027
27 16 39 -0.223
16 22 28 1.497
31 22 21 0.428
12 40 102 -0.646
18 16 34 0.585
13 27 71 1.788
16 25 34 0.684
39 16 87 -0.749
35 20 41 0.537
18 21 31 -0.331
39 6 89 -0.547
43 11 91 -0.115
10 34 32 0.485
38 11 84 -0.669
19 24 2 -0.448
30 12 44 -0.195
21 30 113 -0.752
18 21 110 0.808
31 25 95 0.853
42 17 91 -0.411
24 17 5 0.567
39 12 83 0.315
32 27 80 -0.381
27 24 117 -0.095
36 6 83 -0.721
16 30 149 -0.044
13 28 142 -0.394
9 39 107 -0.973
38 8 84 0.576
40 15 50 0.597
16 32 143 -0.427
37 10 46 -0.319
29 23 98 1.584
28 19 60 -0.781
17 31 37 4.395
5 40 108 -0.996
19 21 113 -0.112
39 14 15 0.036
25 15 78 -0.765
33 12 123 -0.502
11 36 140 -1.023
40 12 86 -0.092
36 1 82 -0.357
38 13 87 0.182
11 42 109 -0.851
12 30 148 -1.063
18 33 38 -0.318
37 17 6 1.823
30 21 134 -0.653
16 37 113 -1.017
15 23 31 -0.172
40 15 86 1.604
19 21 2 0.899
32 21 6 -0.128
15 29 66 -0.379
12 30 140 -0.347
41 13 127 -0.374
17 35 38 -0.375
30 25 21 -0.817
43 12 52 0.558
41 18 88 -0.234
38 22 120 0.146
17 20 63 -0.748
24 29 77 -0.884
41 7 16 -0.231
34 19 6 0.819
37 14 80 0.364
10 42 105 -0.555
20 25 28 0.434
26 24 97 -1.053
38 15 93 -0.914
40 12 14 -0.179
26 19 78 -0.713
13 37 35 0.497
36 14 122 -0.419
14 29 142 1.910
16 21 147 1.903
33 9 81 -0.689
39 10 124 -0.331
14 28 111 -0.638
16 20 68 0.940
34 20 96 -0.447
38 16 93 -0.966
14 37 146 -0.130
24 21 60 -0.811
42 6 53 0.329
15 33 105 0.750
42 13 51 0.803
39 14 92 -0.686
37 14 48 -0.409
9 37 35 -0.980
37 13 85 -0.918
37 3 85 -0.978
13 27 106 1.502
27 7 4 -0.036
29 24 42 -0.253
40 13 83 0.205
14 35 32 3.716
20 25 112 3.493
17 22 113 0.563
35 19 118 0.163
13 29 146 4.165
26 23 59 -0.086
15 31 67 -0.619
26 20 97 -0.989
20 21 76 -0.018
11 38 145 -0.570
16 25 28 1.702
14 33 74 -0.152
30 0 82 -0.957
31 9 79 0.400
23 17 118 -0.625
16 21 33 0.859
44 6 15 -0.820
16 38 69 -0.667
42 17 129 -0.632
27 27 62 0.878
23 19 101 2.031
13 29 31 -0.838
12 34 105 3.530
41 5 13 0.705
29 24 80 -0.184
21 32 26 -0.459
35 11 119 -0.275
14 25 144 1.208
18 34 1 0.176
33 26 21 0.508
16 22 34 0.278
40 14 46 0.437
26 34 23 -0.808
30 15 40 0.753
26 31 25 -0.590
33 20 132 -0.747
12 38 143 0.481
31 10 4 -0.155
23 20 25 -0.072
27 16 61 2.144
28 24 39 -0.387
30 26 41 -0.102
38 11 85 -0.267
25 29 136 -0.790
12 32 66 -0.577
27 27 23 -0.908
16 27 34 -0.045
31 20 41 1.272
24 37 137 -0.968
12 29 105 0.934
13 28 107 0.618
16 24 74 0.965
27 23 117 -0.291
30 13 79 -0.329
23 34 114 -0.950
21 30 63 0.115
41 0 12 -0.976
30 18 134 -0.675
35 25 95 -0.227
36 10 119 0.985
18 27 113 -0.730
36 19 8 0.056
19 30 140 -0.194
35 22 6 0.774
17 24 31 -0.525
10 31 29 -0.650
27 28 26 -0.779
12 35 107 -0.372
42 14 129 -0.819
42 14 125 0.101
22 36 138 -0.525
6 45 108 -0.955
41 11 50 1.057
32 21 40 -0.642
37 19 94 -1.004
25 19 3 -0.078
25 25 99 -0.662
16 38 112 -0.665
17 30 141 0.905
32 23 81 -0.827
13 30 32 2.352
36 11 123 -0.892
39 11 10 0.628
31 18 6 -0.495
41 10 50 0.389
19 30 149 -0.837
15 36 72 -0.790
27 31 60 -0.844
26 27 99 -0.373
31 20 98 -0.538
28 23 39 -0.639
45 2 88 -0.457
38 8 12 2.067
12 25 107 0.380
39 4 123 -0.651
35 13 80 0.025
13 40 68 0.727
27 28 25 -0.650
22 32 138 -0.168
34 10 119 -0.714
36 21 7 -0.089
37 11 47 -0.668
29 16 5 -0.302
14 25 103 -1.002
19 29 147 -0.974
15 38 102 -0.441
17 24 65 1.826
34 12 9 -0.150
32 26 42 0.079
42 10 90 0.335
22 22 28 -0.746
14 31 148 -1.030
22 34 26 -0.662
22 31 138 -0.743
31 21 41 0.523
15 31 112 -0.806
29 18 23 -0.694
38 15 131 -0.956
17 37 72 -0.739
23 31 26 0.256
29 28 59 -0.655
11 39 30 1.602
13 42 70 0.332
35 15 18 -1.056
32 13 96 -0.533
23 25 37 -0.446
16 27 103 -0.922
29 32 96 -0.472
1 45 108 -0.988
13 24 107 0.532
37 3 123 -0.907
15 35 137 -0.635
41 10 84 0.354
29 20 22 0.514
37 13 17 0.596
25 22 61 0.619
13 41 109 -0.970
11 35 71 -0.596
28 28 77 0.416
31 14 79 0.236
15 31 110 -1.021
21 31 5 -0.495
34 16 119 -0.607
24 13 1 2.821
40 13 46 0.203
22 16 1 0.176
13 31 109 -0.324
31 15 119 -0.686
14 24 107 0.405
16 28 142 2.357
43 9 125 -0.183
22 29 139 -0.270
15 28 67 0.053
38 6 87 -0.452
38 13 17 -0.011
12 39 102 -0.659
36 16 19 -0.634
39 10 123 -0.559
36 14 6 -0.868
30 26 58 -0.658
33 26 22 0.195
38 11 55 -0.704
16 29 142 5.472
36 11 124 0.510
12 33 145 0.169
34 18 86 -0.879
10 31 35 0.639
7 30 108 -0.975
12 34 35 -0.056
19 25 68 0.072
17 24 63 -0.804
41 16 54 -0.353
37 10 13 -0.879
21 36 137 -0.840
38 8 89 -0.666
27 22 62 0.926
28 17 116 0.799
34 24 19 -0.199
27 22 60 0.048
15 23 148 2.007
16 30 111 -0.608
36 11 121 -0.547
42 7 14 -0.688
37 19 56 0.820
19 19 34 -0.079
14 35 147 -0.307
32 20 116 -0.012
10 33 102 2.182
36 9 130 -0.065
39 12 15 -0.257
18 29 37 1.583
31 19 42 2.111
25 19 38 0.308
39 17 131 -0.053
27 27 135 -0.209
27 25 39 -0.177
12 41 102 -0.419
35 25 132 -0.001
25 25 61 -0.086
26 21 60 -0.671
12 32 67 -0.188
39 7 85 -1.075
14 30 37 0.632
30 12 115 -0.452
40 12 50 -0.821
23 25 63 -0.082
36 15 132 -0.790
19 23 26 0.527
20 29 26 -1.051
28 25 41 -0.763
33 14 44 0.200
36 17 49 -0.513
14 21 31 0.164
42 11 52 0.569
12 35 67 -0.275
35 19 47 -0.723
25 24 114 -0.247
16 22 73 0.610
20 35 137 -0.803
28 16 117 -0.988
23 26 39 -0.529
13 22 106 1.956
29 22 135 0.144
21 30 64 -0.733
38 16 57 0.614
39 8 14 0.690
42 16 128 0.017
40 20 54 -0.342
17 27 102 -0.340
34 9 121 -0.866
21 34 63 -1.090
43 7 15 -0.905
39 12 53 0.442
45 17 51 0.208
10 31 108 -0.584
43 7 90 -0.285
33 9 123 -0.563
29 32 60 -1.068
22 37 78 -0.770
13 35 142 4.363
11 37 67 -1.062
39 13 128 -0.581
36 15 46 -0.494
37 18 120 -0.046
12 32 104 -1.048
15 25 73 0.685
24 29 24 -0.384
19 29 2 -0.978
37 22 95 0.020
44 9 15 -0.371
34 10 45 -0.208
31 26 22 -0.567
29 17 5 0.142
35 8 127 -0.644
16 27 69 1.490
19 27 3 0.966
11 33 108 -0.630
35 20 18 -1.007
31 13 120 -0.735
20 30 65 -0.002
12 36 66 1.460
17 32 72 -0.869
10 34 65 -0.630
32 14 97 -0.339
40 8 126 -0.696
23 28 25 -0.652
44 12 52 -0.873
18 22 27 -0.893
19 35 101 0.733
18 36 37 -0.873
13 38 147 0.320
27 18 2 -0.173
15 33 147 -0.944
38 10 51 0.477
32 17 20 -0.907
35 9 80 -0.165
38 19 93 -0.960
22 32 0 -0.372
37 7 86 -0.802
26 20 3 0.563
12 34 27 -1.054
24 24 136 -0.158
38 14 10 0.601
10 30 65 -0.971
38 6 15 0.448
16 34 105 -0.659
28 27 135 0.040
26 19 3 0.701
35 12 85 -0.918
20 27 139 0.267
35 19 122 -0.256
39 7 15 -0.272
40 6 12 1.070
18 30 2 -1.007
31 16 5 -0.029
10 35 30 -0.152
23 25 76 0.494
17 20 27 -0.959
29 22 96 -0.780
33 13 9 -0.006
16 27 140 3.063
40 7 90 -0.319
35 15 43 0.574
22 34 137 -1.010
21 19 31 -0.564
16 24 140 3.364
27 23 44 -0.736
18 22 75 2.174
37 11 15 -0.768
49 5 88 -0.330
30 15 22 -0.049
36 11 9 1.063
31 24 42 -0.141
44 6 52 0.257
16 26 142 2.234
20 19 76 -0.388
34 20 21 -0.346
39 10 91 -0.871
33 10 80 -0.017
36 8 124 -0.019
28 24 41 -0.469
41 14 88 -0.054
38 20 122 -0.678
23 26 3 -0.371
12 32 146 1.374
28 22 134 -0.617
10 40 72 -1.066
13 41 70 0.589
18 25 110 -0.520
15 32 140 1.339
19 31 33 -0.795
29 27 115 -1.030
20 26 76 -0.164
22 24 37 -0.782
13 36 106 -0.058
40 11 53 1.680
13 31 143 -0.768
39 14 55 -0.526
18 27 37 0.828
36 5 8 -0.737
44 12 128 -0.327
21 27 25 0.944
18 38 112 -0.778
29 12 79 -0.110
37 17 7 -0.320
19 28 26 1.152
40 15 55 0.156
17 29 144 1.074
36 19 6 0.735
42 14 126 -0.648
28 19 118 0.213
29 14 44 0.237
30 28 22 2.238
28 19 42 0.211
35 13 56 -0.938
36 9 48 0.138
29 9 4 -0.058
38 17 129 -0.852
31 27 95 0.285
37 7 85 -0.953
29 22 21 -0.637
18 23 110 1.494
24 21 98 -0.167
14 36 67 -0.177
38 18 8 -0.224
31 17 117 -0.601
32 16 79 0.209
32 12 4 -0.461
24 27 62 -0.771
37 7 9 -0.009
34 14 133 0.024
12 34 66 -0.699
27 24 42 -0.195
39 17 92 -0.801
35 17 11 -0.375
19 20 113 -0.324
27 29 77 0.448
36 9 87 0.387
27 31 23 -0.378
21 19 0 2.119
31 17 77 0.988
28 31 135 0.058
38 9 45 0.143
12 40 105 0.588
29 20 41 0.017
37 9 123 -0.835
35 10 7 -0.477
17 35 111 -0.844
43 10 125 0.163
15 34 113 -1.017
20 25 139 0.591
34 22 97 2.778
28 21 23 -0.515
30 23 94 -1.077
14 38 143 -0.287
34 17 44 -0.907
8 35 102 -0.067
18 20 73 2.284
19 15 75 -0.658
33 14 45 -0.873
29 23 25 0.278
10 32 106 -0.850
22 23 149 -0.401
40 9 125 -0.536
31 19 6 -0.460
17 42 137 -1.030
23 32 26 -0.692
14 37 147 -0.391
24 32 23 -0.564
40 13 125 -0.991
22 20 62 -0.908
39 16 128 -0.362
39 12 89 0.289
40 12 16 0.004
28 16 59 -0.615
22 20 114 0.454
42 6 90 -0.243
23 23 76 -0.517
29 20 42 -0.262
17 21 75 1.453
20 34 140 -0.562
19 21 38 0.310
41 18 129 -0.731
28 22 61 0.323
28 20 98 -0.404
17 28 147 -0.955
36 14 89 -0.445
35 14 126 -0.632
32 22 80 -0.272
5 47 108 -0.901
38 13 49 0.380
26 23 61 -0.825
44 11 52 -0.472
20 32 65 -0.015
33 24 58 -0.549
30 20 117 -0.214
36 19 20 1.043
14 37 36 -0.111
18 29 1 0.422
44 7 88 -0.380
15 25 147 0.448
17 34 148 -0.394
35 27 94 -0.734
38 13 57 1.017
29 18 39 1.639
43 6 17 -0.728
14 39 148 1.372
11 35 107 -0.875
27 29 115 -0.965
11 37 108 -0.818
42 2 11 -0.523
29 26 42 0.760
38 11 46 -0.145
15 26 31 -0.897
32 18 10 -0.439
34 20 9 0.574
33 10 9 -0.156
13 39 29 -0.537
20 34 26 -0.601
35 8 10 0.987
37 17 19 -0.870
22 23 27 -0.014
14 31 34 -0.597
22 7 78 -0.652
23 25 39 -0.587
29 27 23 -0.507
40 14 53 -0.360
38 11 13 0.285
16 32 36 2.757
25 21 99 -0.734
39 17 128 -0.225
11 32 145 -0.780
39 10 16 -0.762
34 6 83 -0.515
29 11 4 -0.509
34 16 19 0.175
26 23 80 0.085
20 24 138 1.443
24 25 63 0.174
24 19 59 -0.375
19 28 27 0.341
38 9 86 0.900
13 40 67 -1.061
42 14 13 0.029
35 16 41 0.475
36 6 7 -0.704
20 23 101 -0.045
14 32 141 1.476
18 28 140 0.461
40 14 131 -0.704
13 28 105 1.400
10 38 35 -0.906
38 9 13 0.200
18 31 38 0.190
28 13 4 0.788
39 10 129 -0.911
37 13 48 0.009
35 10 80 0.037
18 33 101 -0.241
38 16 7 -0.370
41 13 129 -0.846
23 31 78 0.340
18 17 2 0.893
15 38 140 -0.071
18 22 68 -0.732
35 10 87 -0.923
31 22 94 -1.023
39 11 121 0.072
33 16 8 -0.230
36 11 87 -0.891
41 13 14 -0.222
16 27 75 0.759
25 26 99 -0.797
38 7 9 0.213
17 41 137 -1.065
36 19 120 -0.088
22 29 38 -0.969
35 14 87 0.071
16 20 69 1.178
12 30 144 -1.036
38 12 132 -0.977
23 19 27 -0.417
16 24 68 0.215
34 17 119 -0.586
37 20 8 0.540
25 29 101 1.396
14 30 71 0.051
30 17 79 -0.394
16 20 141 1.382
18 24 28 0.204
34 16 81 0.576
36 17 87 -0.674
36 12 47 -0.848
39 10 49 -0.393
41 9 124 0.074
29 26 61 1.636
18 20 34 -0.212
33 21 19 -0.288
31 17 120 -0.573
32 28 22 0.139
33 27 80 -0.346
41 5 88 0.186
24 21 4 -0.904
30 14 4 -0.292
25 20 3 0.634
32 24 42 2.172
39 11 125 -0.948
16 23 74 0.307
35 17 85 -0.955
39 10 122 0.305
26 28 61 -0.691
42 9 51 -0.838
39 12 86 0.125
21 21 139 1.543
13 34 109 -0.653
29 21 117 -0.889
12 27 145 -0.966
37 8 48 -0.182
34 20 93 -0.862
16 23 148 2.231
38 5 85 -1.053
38 14 84 -0.203
33 19 41 0.353
25 24 59 -0.317
20 39 138 -0.630
19 21 74 -0.030
37 11 127 -0.170
29 24 23 -0.317
36 15 89 -0.572
39 11 16 -0.576
17 43 137 -1.005
37 11 53 -0.586
33 10 119 -0.622
38 18 122 -0.102
39 12 11 -0.214
14 33 71 0.003
40 17 55 -0.114
24 28 0 -0.836
31 20 44 0.016
13 27 72 0.013
28 20 97 -0.766
20 26 1 1.852
41 11 15 -0.714
14 34 36 1.782
38 11 9 0.066
28 27 134 -0.421
39 8 121 0.169
32 17 77 -0.348
12 35 69 0.433
25 22 135 0.137
10 36 106 0.433
23 34 137 -0.750
37 18 56 0.001
21 22 0 0.801
14 31 106 -1.041
37 9 85 -0.665
38 10 52 -0.759
40 10 52 -0.455
17 30 149 -0.648
28 34 77 0.376
33 14 47 -0.657
14 25 66 -0.556
35 17 95 -0.007
38 8 125 -0.912
43 9 17 -0.184
32 15 58 0.152
38 24 132 0.369
40 16 53 -0.266
39 13 8 0.246
40 13 16 0.359
28 29 26 -0.720
16 39 103 1.416
25 28 135 -0.790
40 10 83 0.231
25 29 62 0.467
13 29 34 -0.724
42 2 15 0.043
38 10 91 -0.139
32 19 42 0.431
39 4 12 1.165
16 36 103 -0.401
25 34 99 -0.659
16 15 73 1.418
13 38 139 -1.052
19 30 64 0.836
35 14 80 0.133
13 32 29 0.116
31 16 133 0.539
41 6 90 -0.371
19 18 138 -0.578
29 16 77 0.775
18 25 139 0.342
28 23 60 -0.375
14 35 36 -0.069
25 25 4 -1.008
15 35 141 -0.799
29 19 43 -0.406
10 37 146 -0.723
37 16 91 -0.803
39 11 11 -0.521
11 20 68 -0.013
40 8 125 -1.033
13 30 67 -0.932
35 19 94 -0.682
32 18 133 -0.007
31 20 42 -0.418
39 11 15 -0.160
26 31 61 -0.679
29 28 136 -0.319
33 7 47 -0.940
8 32 32 -0.470
32 21 134 1.263
18 31 112 -0.855
20 32 64 0.194
28 28 116 -0.912
35 13 86 -1.003
24 11 0 1.476
10 41 109 -0.284
39 10 11 -0.478
31 18 81 -0.578
16 27 110 -0.535
15 38 103 1.405
42 12 127 -0.715
24 22 78 -0.239
42 13 91 -0.170
38 20 131 -0.930
38 18 86 -0.856
13 20 33 1.804
39 10 56 -0.453
23 26 2 0.427
14 36 143 -0.006
40 10 129 -0.946
38 13 18 -0.708
23 25 26 -0.688
12 24 33 2.354
28 27 96 -0.757
42 12 13 0.019
35 17 81 0.529
35 11 48 0.065
36 22 132 0.178
18 26 141 0.505
39 5 131 -0.889
16 31 29 -1.024
13 22 107 -0.078
26 29 77 0.781
43 12 126 -0.841
25 21 116 -0.452
16 26 34 -0.169
16 26 67 -0.077
12 27 111 -1.056
13 40 30 -0.739
35 23 94 -0.663
30 21 96 0.019
18 27 100 -0.258
32 16 115 0.009
34 8 45 -0.078
38 13 93 -0.878
11 36 143 3.087
15 33 144 1.260
12 30 66 -0.845
31 17 116 -0.339
42 11 129 0.002
16 31 144 1.340
32 15 96 -0.926
15 29 103 3.504
23 27 63 -0.647
15 38 0 -0.748
20 26 0 -0.003
38 16 90 -0.838
40 10 92 -0.879
17 24 141 3.227
26 14 116 -0.132
40 7 15 -0.445
16 33 109 -0.959
18 26 65 1.303
14 29 103 -1.034
36 8 85 -1.001
22 33 62 -0.756
27 9 119 0.629
33 17 80 -0.454
19 13 138 2.060
20 37 101 0.474
19 35 64 0.539
40 15 85 0.197
33 16 134 -0.156
16 27 70 -0.426
13 29 74 -0.535
41 9 15 -0.794
35 13 9 0.104
14 36 141 -0.646
11 32 142 -0.703
40 14 45 0.898
40 8 127 -0.015
37 5 15 0.050
34 9 126 -0.740
14 40 67 0.009
42 18 125 0.476
43 14 128 0.245
16 33 105 1.696
39 11 9 0.146
43 9 13 -0.312
28 20 61 1.524
10 36 30 -0.674
38 12 53 -0.698
15 25 74 -0.173
35 14 121 -0.967
30 24 136 2.070
9 36 109 -0.718
32 22 58 0.284
38 15 18 -0.345
37 7 87 -0.888
36 5 118 1.527
42 5 16 -0.821
21 37 100 -0.533
34 12 10 -0.638
10 31 30 -0.691
28 14 39 2.100
19 20 63 -0.818
36 17 120 0.085
40 11 49 0.247
43 9 16 0.033
13 33 68 0.178
23 34 115 -0.897
16 25 68 -0.096
24 18 82 -0.702
11 28 143 0.839
37 9 45 -0.021
37 23 132 0.246
28 21 135 -0.352
38 10 87 0.257
41 5 90 -0.154
37 11 45 0.143
33 27 133 -0.831
35 16 47 -0.678
19 26 149 -0.802
45 10 17 -0.469
9 43 102 -0.619
39 11 84 0.429
40 15 11 0.142
12 32 27 -1.042
12 29 34 -1.066
20 31 63 -1.035
38 18 84 -0.587
41 10 127 -0.064
22 34 138 -0.608
23 32 24 -0.528
31 15 117 -0.525
27 26 115 -1.019
34 22 95 0.065
9 34 35 0.544
16 26 29 -0.931
26 10 44 -0.855
15 28 75 0.143
42 10 129 -0.554
41 4 12 -0.173
39 12 90 -0.397
12 36 69 0.782
23 13 0 2.266
25 17 5 1.588
11 41 72 -0.105
39 12 126 0.295
23 24 114 1.145
41 15 13 0.542
26 22 79 0.911
41 9 51 -0.783
15 27 74 -0.196
23 28 100 0.842
40 11 125 0.497
9 42 35 -1.001
40 17 18 -0.637
34 19 59 -0.949
25 23 116 -0.652
33 23 80 -0.537
32 21 58 0.143
17 21 113 0.246
11 38 147 -0.751
25 31 39 -0.967
40 9 16 -0.342
28 14 116 0.896
38 14 93 -0.980
27 30 40 -0.827
15 29 75 -0.851
14 22 110 -0.706
13 26 107 0.541
26 23 42 -0.306
41 10 49 0.422
31 28 94 -1.027
20 35 26 -0.834
11 44 139 -1.020
32 19 58 0.386
17 29 140 -0.618
39 18 93 -0.927
25 25 38 -0.850
37 11 84 -0.722
27 21 78 0.828
27 25 59 0.478
27 31 24 -0.721
38 21 94 -1.013
9 31 108 -0.767
41 12 123 -0.274
38 9 53 -0.886
42 6 46 -0.308
32 14 80 -0.431
27 18 40 2.505
13 26 70 -0.499
26 27 24 0.344
34 22 58 -0.715
35 21 133 0.878
34 12 123 -0.394
28 26 116 -0.884
29 26 40 -0.760
14 34 71 0.363
37 7 131 -1.031
12 34 32 1.038
35 15 93 -0.800
37 12 127 0.281
30 14 118 0.122
42 11 49 -0.696
34 21 59 -0.706
41 8 52 -0.906
26 21 78 0.120
19 23 65 0.028
43 10 16 -0.209
33 23 59 -0.709
35 12 87 0.421
39 1 12 -1.064
19 28 73 -0.846
24 26 24 0.035
13 26 147 1.266
9 39 105 -0.382
35 6 85 0.164
16 29 31 0.008
36 24 132 -0.675
24 30 115 -1.013
20 40 138 -0.638
38 7 123 -0.769
44 7 46 -0.520
18 30 101 -0.039
9 42 107 -0.981
25 33 23 0.760
35 14 41 0.790
17 36 69 -0.616
18 39 140 -0.905
37 20 132 0.436
38 11 43 0.310
22 23 2 -0.478
14 32 103 3.220
38 7 48 -0.036
27 22 117 -0.176
17 25 112 0.405
21 24 1 1.394
10 29 67 -0.508
29 9 117 0.635
42 8 17 -0.015
28 21 44 -0.651
30 17 44 -0.079
42 7 92 -0.473
18 20 113 -0.333
29 27 96 -0.649
34 10 81 -0.476
37 13 46 -0.310
23 35 25 -0.693
41 14 91 -0.545
34 13 47 -0.370
27 20 44 -0.827
15 30 69 -0.604
17 36 148 -0.822
42 14 46 0.170
38 4 85 -0.990
11 36 112 -0.964
36 16 56 -0.504
30 19 43 -0.685
38 13 9 -0.263
7 33 107 -0.882
36 13 47 -1.029
37 15 89 -0.134
21 26 63 -0.239
41 12 47 -0.282
25 19 117 -0.346
22 31 100 0.331
30 19 134 -0.614
39 5 15 -0.651
34 17 5 -0.223
23 21 149 -0.806
24 29 100 -0.335
37 14 8 -0.185
16 32 68 -0.976
41 15 46 -0.014
21 27 38 -0.928
22 35 100 0.567
25 21 98 -0.184
10 38 108 0.925
27 25 99 -0.382
11 27 35 0.605
43 11 90 0.552
40 9 55 -0.248
21 28 63 -0.345
15 37 149 -0.998
29 21 39 -0.750
39 12 92 -0.637
38 7 54 -0.700
13 33 32 0.908
42 11 11 -0.460
29 17 77 0.227
34 18 20 -0.434
16 22 27 -0.956
32 19 134 1.492
12 33 36 0.056
26 29 60 -0.990
38 7 90 -0.509
27 21 39 1.354
37 18 87 -0.238
13 29 107 -0.963
16 24 110 -0.203
37 12 53 -0.741
14 29 36 4.856
14 31 36 4.764
20 27 38 1.002
12 38 67 -0.995
29 14 115 0.915
20 18 139 1.477
23 19 63 0.103
36 12 45 0.243
44 15 129 0.010
19 26 31 -0.538
41 9 83 0.131
20 29 63 -0.678
25 32 26 -0.791
41 14 128 0.123
40 3 15 0.003
40 17 53 -0.123
40 12 85 0.425
15 32 144 2.216
34 19 41 0.484
31 23 98 -0.792
19 31 149 -0.755
31 25 41 1.342
41 21 88 -0.114
41 18 91 -0.292
38 11 91 -0.397
15 25 141 0.254
22 21 0 1.570
41 11 51 -0.339
25 32 77 0.693
35 20 81 0.577
19 21 110 1.497
14 41 140 -0.828
33 24 43 0.326
21 20 112 2.714
35 17 47 -0.711
28 11 115 0.745
31 18 118 -0.037
18 22 31 -0.316
36 21 20 -0.515
30 21 95 -0.507
38 17 121 -0.566
20 26 64 -0.207
26 24 60 -0.440
14 22 34 0.024
34 12 46 -0.285
30 21 57 -0.830
36 16 20 -0.472
26 17 5 1.355
14 35 143 1.122
20 27 149 -0.706
38 13 13 -0.702
35 13 120 -0.766
21 30 75 0.518
15 31 71 0.558
15 39 75 -1.016
37 16 48 -0.516
20 29 28 -0.596
43 9 14 -0.534
17 30 38 -0.263
40 2 12 0.502
15 36 66 0.789
20 28 63 -0.783
20 28 139 0.258
14 31 142 2.965
18 33 68 -0.155
38 12 121 -0.277
33 24 59 -0.333
39 11 48 0.500
35 16 81 0.431
33 7 123 -0.696
35 9 119 1.113
19 36 140 -0.669
32 18 118 0.023
31 20 22 0.623
39 8 125 -0.965
17 27 74 0.223
40 5 14 -0.666
40 10 45 0.669
41 12 52 -0.171
15 25 31 0.676
40 10 54 -0.788
43 10 13 -0.290
41 8 126 -0.949
41 7 124 -0.188
23 24 5 -0.059
15 33 113 -0.996
36 14 87 0.447
40 17 88 -0.171
29 16 40 1.285
11 32 65 -0.841
40 6 126 -0.651
11 34 35 -0.014
24 22 5 0.375
20 27 27 2.095
41 13 88 0.388
10 32 143 1.454
31 18 5 -0.362
32 16 118 0.631
18 26 27 -0.045
34 25 119 -0.887
36 15 20 -0.479
14 26 33 0.710
36 19 132 0.257
37 15 10 0.535
33 17 81 -0.685
25 29 114 0.031
25 24 136 -0.725
39 3 131 -0.949
23 26 137 -0.691
34 15 18 -0.998
34 20 81 0.494
18 31 102 -0.117
13 26 31 0.548
24 34 25 -0.622
11 32 32 -0.287
23 32 77 -0.042
35 9 9 1.262
14 37 68 0.919
27 22 78 0.256
33 15 20 0.016
11 33 145 -0.079
17 30 26 -0.268
24 34 114 -0.852
37 10 48 0.090
41 11 53 1.690
29 23 135 2.318
16 31 32 0.457
13 19 34 0.501
12 36 109 0.809
18 17 138 -0.275
20 28 37 -0.941
29 24 98 3.345
13 37 140 -0.672
36 17 18 -0.858
35 18 57 -0.290
16 33 74 1.686
30 27 97 -1.059
13 36 35 0.553
28 21 114 0.995
31 0 82 -0.893
37 4 13 -0.750
14 34 32 4.641
19 29 26 -1.001
41 19 91 -0.585
35 14 11 -0.396
25 26 136 -0.489
43 7 17 0.520
40 3 16 -0.516
24 14 2 0.504
36 14 133 -0.030
15 22 103 2.878
11 37 104 -0.202
35 13 83 -0.430
25 11 116 -0.061
7 33 108 0.167
19 38 63 -0.107
33 16 96 -0.243
38 12 131 -0.803
44 13 128 0.778
21 37 137 -0.803
32 15 5 -0.195
36 20 6 2.073
14 38 142 -0.731
13 30 103 3.524
20 18 27 -0.305
33 24 6 0.069
35 11 47 -0.276
19 31 0 -0.625
30 14 116 0.128
36 22 130 -1.037
41 5 14 -0.959
14 40 113 -0.640
32 22 97 0.374
32 4 123 -0.755
35 6 119 0.909
16 33 66 -0.359
13 22 29 -0.799
22 17 0 1.291
30 19 42 -0.538
35 24 119 -0.816
41 17 130 -0.269
40 14 121 -0.808
35 17 133 0.651
42 13 16 0.172
12 39 105 -0.031
14 31 74 0.830
38 10 9 0.547
29 27 77 0.303
14 30 104 -0.706
16 38 142 -0.657
33 21 96 -0.675
29 23 115 -0.705
31 5 82 -0.865
20 29 75 0.669
15 29 149 -0.113
41 6 16 -0.412
38 8 129 -0.526
32 10 119 -0.766
15 26 70 0.014
42 9 92 -0.908
39 15 11 -0.462
27 23 61 0.099
31 23 43 -0.063
13 34 148 -1.065
14 31 70 -0.215
35 20 133 0.751
19 25 113 -0.242
21 25 149 -0.714
18 28 104 -0.068
25 34 62 -0.639
30 19 22 0.323
28 26 136 2.295
36 19 122 -0.329
38 12 129 -0.925
32 17 5 -0.276
35 13 11 -0.477
12 40 71 -0.609
36 6 8 0.338
12 36 70 1.349
42 9 15 -0.141
32 4 82 -0.858
30 16 120 -0.727
18 28 64 1.466
39 7 11 -0.491
35 16 93 -0.950
37 14 54 -0.703
17 31 111 -0.876
38 3 46 -0.868
42 9 90 0.130
17 28 102 0.156
25 21 5 0.257
32 20 44 -0.230
38 14 126 0.571
34 17 96 -0.337
14 33 111 -0.090
19 39 138 -0.602
34 24 57 -0.689
39 11 18 -0.741
41 6 14 -0.710
31 16 118 0.647
15 20 74 0.627
12 33 30 0.207
38 12 13 0.095
32 24 80 -0.480
40 6 84 -0.269
38 15 53 -0.803
40 6 131 -0.867
18 29 111 -0.751
28 18 114 1.947
29 22 22 0.013
44 4 126 -0.122
18 23 0 -0.019
41 9 13 0.147
26 19 76 -0.201
29 26 136 0.146
21 30 28 -0.531
16 35 67 -0.752
37 8 85 -1.051
18 29 101 0.136
36 22 94 -0.368
11 33 35 -0.046
13 33 145 -0.788
20 23 138 -0.012
9 38 32 -0.663
13 34 143 0.532
31 26 97 1.357
17 30 65 0.454
32 19 94 -0.840
38 17 122 0.072
29 21 134 -0.456
23 35 115 -0.913
13 25 142 0.293
18 32 112 -0.683
24 23 114 2.621
16 25 1 -0.690
31 16 42 -0.526
8 34 108 -0.387
38 14 48 -0.151
39 7 91 -0.557
16 24 28 1.409
41 13 49 -0.882
20 20 3 -0.867
38 3 87 -0.921
27 27 39 0.755
26 18 61 1.738
23 36 23 -0.968
24 16 1 2.965
13 33 102 2.288
29 20 4 -0.375
25 16 137 0.189
41 13 125 -0.427
9 28 102 1.120
25 32 24 -0.809
30 20 44 -0.366
13 26 71 -0.155
19 39 63 -0.289
39 14 49 -0.813
41 10 122 0.271
16 33 27 -0.999
13 37 29 -0.086
29 32 134 -0.936
29 12 115 1.069
37 10 53 -0.727
42 7 46 -0.635
43 14 17 -1.001
27 18 5 1.545
38 6 131 -1.025
16 40 140 -0.079
40 11 54 -0.800
40 5 126 -0.756
29 24 41 0.425
26 22 135 -0.679
34 18 7 0.369
32 23 133 -0.854
32 19 133 -0.011
43 9 50 -0.764
38 13 47 -0.312
33 22 81 -0.767
38 16 89 0.092
22 25 25 -0.597
18 22 138 0.152
9 34 108 0.818
23 29 25 1.702
18 20 141 0.551
8 36 109 0.203
22 23 101 -0.260
25 24 26 -0.764
40 7 86 -0.761
19 28 33 -0.941
20 35 65 -0.054
36 7 48 -0.301
18 25 27 -0.936
16 37 0 -1.035
14 31 103 0.709
39 13 92 -0.939
35 18 94 -0.592
26 27 41 -0.703
24 26 4 -0.866
32 26 58 0.085
33 17 117 -0.614
17 20 73 0.788
19 34 64 -0.344
17 23 73 1.031
37 1 131 -1.043
42 9 52 0.420
30 14 79 -0.851
15 33 149 -0.937
19 21 3 0.983
30 24 135 -0.431
13 29 106 2.194
11 27 107 -0.593
35 19 20 0.042
10 39 30 -0.791
23 33 114 -1.031
26 20 78 -0.291
40 10 16 0.553
23 27 0 -0.633
13 33 34 -0.906
22 33 79 -0.996
11 39 106 0.678
41 15 52 -0.595
39 15 90 -0.787
11 36 71 -0.894
18 29 76 -0.423
16 29 141 1.991
35 23 58 0.399
13 29 67 -0.190
25 28 24 1.518
29 21 5 -1.007
40 8 45 -0.452
18 23 34 -0.194
25 22 76 0.079
42 10 127 0.195
13 37 71 -0.799
24 34 24 -0.569
40 14 54 -0.494
15 34 34 -0.606
11 32 66 -0.894
36 23 83 -0.854
20 30 2 -0.032
35 24 20 0.444
15 25 70 0.116
28 26 21 -0.978
19 24 113 -0.307
21 29 101 1.796
31 22 133 -0.414
12 30 109 -0.760
26 17 4 -0.510
33 13 117 -0.130
9 33 29 -0.621
32 17 134 0.721
20 27 65 -0.399
36 18 87 -0.691
36 21 120 -0.095
17 33 139 -0.511
39 13 126 -0.059
29 27 39 -0.789
17 27 65 0.937
39 10 46 -0.823
36 20 57 -0.179
39 17 94 -0.978
18 21 147 1.061
22 25 24 1.024
14 32 145 -0.133
37 15 46 -0.173
