39 11 48 0.500
10 38 30 -0.183
23 22 138 1.522
30 13 116 -0.503
21 28 64 -0.691
13 30 106 3.009
12 38 67 -0.995
38 14 56 0.571
13 39 71 -0.969
38 13 89 -0.122
14 39 74 -0.857
38 12 92 -0.782
34 9 47 -0.779
38 14 86 0.443
20 30 101 0.456
34 19 6 0.819
29 20 43 -0.542
30 24 98 0.554
31 19 59 -0.724
29 21 42 -0.261
36 24 19 -0.409
31 18 119 -0.687
31 16 115 -0.620
16 32 72 0.865
12 34 112 -0.757
39 7 13 -0.094
33 16 95 0.002
30 20 115 -0.691
27 25 59 0.478
33 19 20 0.088
24 18 114 3.269
12 32 27 -1.042
42 5 17 0.707
42 15 49 -0.095
25 29 99 -0.764
42 12 51 -0.211
16 21 31 0.338
33 18 58 0.092
16 31 32 0.457
14 23 145 -0.834
27 28 39 0.696
40 13 129 -0.703
34 16 46 0.072
32 27 58 -0.646
11 36 112 -0.964
36 11 15 -0.532
17 33 100 -0.842
15 34 34 -0.606
46 8 126 -0.937
30 26 23 -0.399
40 17 18 -0.637
37 16 94 -1.010
39 15 54 -0.319
24 29 1 2.380
38 12 90 -0.324
17 27 28 0.347
39 12 92 -0.637
20 23 139 0.156
43 14 17 -1.001
33 8 45 -0.215
12 43 72 -0.765
37 17 120 -0.063
25 11 82 -0.807
39 9 15 -0.669
42 12 88 -0.168
41 12 18 -0.614
41 2 11 -0.755
28 20 61 1.524
15 35 36 1.442
21 17 68 -0.029
40 5 13 -0.066
15 36 148 -1.081
22 12 78 -0.588
21 36 78 -0.845
12 25 69 0.905
35 10 47 -0.342
31 28 97 0.267
33 13 9 -0.006
15 26 31 -0.897
27 25 114 0.508
24 10 0 1.711
41 8 127 -0.670
15 31 103 -0.262
38 15 54 -0.505
33 15 42 0.731
24 24 139 0.859
19 31 33 -0.795
37 10 124 -0.213
43 10 17 0.681
15 36 112 -0.684
37 7 45 -0.456
24 31 26 0.260
36 18 92 -0.938
32 23 6 -0.152
11 37 109 -0.240
16 39 0 -1.049
20 30 27 0.576
21 32 26 -0.459
14 20 107 -0.128
37 9 119 -1.102
39 10 45 0.115
40 10 125 -0.375
40 11 128 -0.826
18 21 64 2.311
42 19 130 -0.467
34 15 9 0.464
18 26 27 -0.045
13 40 30 -0.739
16 23 148 2.231
14 40 111 -0.993
23 32 78 -0.885
24 17 0 1.708
41 4 15 -0.061
37 13 80 0.069
42 5 13 -0.364
34 17 132 -0.845
11 34 32 -0.363
38 15 86 -0.911
15 19 73 0.415
33 20 134 1.581
14 31 68 -0.710
14 25 142 0.545
14 32 143 -0.618
42 6 13 0.015
31 20 41 1.272
42 11 88 -0.006
40 13 48 -0.366
40 10 124 0.026
39 18 54 -0.223
37 22 6 1.451
32 25 80 -0.262
13 32 34 -0.445
29 24 41 0.425
10 35 71 -0.574
27 21 97 -1.004
37 11 91 -0.625
40 15 46 0.435
36 11 9 1.063
32 25 43 -0.429
37 16 84 -0.324
34 20 81 0.494
22 24 139 -0.593
27 25 44 -0.787
29 13 118 -0.379
26 19 39 0.518
16 18 1 -0.560
33 10 20 -0.076
13 40 68 0.727
13 30 148 -0.964
27 10 45 -0.657
35 0 82 -0.621
15 32 109 -0.977
13 37 72 -0.333
18 25 27 -0.936
28 31 77 0.398
41 14 18 -0.347
27 22 62 0.926
12 38 146 1.346
30 23 42 1.083
37 15 120 -0.334
40 7 46 -0.690
22 29 113 -0.111
32 20 9 0.661
18 16 2 0.209
16 21 73 1.510
27 19 98 -0.629
37 15 48 -0.479
16 21 74 0.638
15 27 66 0.784
13 34 0 -1.056
15 36 75 -1.047
39 9 48 0.388
33 26 133 -0.123
37 12 123 -0.072
36 15 89 -0.572
12 30 142 3.309
10 41 102 -0.372
23 16 0 2.699
4 39 108 -0.942
18 30 103 -0.834
14 38 33 0.591
13 28 68 1.226
15 34 69 0.229
28 32 59 -0.784
20 12 3 -0.820
15 27 110 -0.670
12 32 35 -0.165
35 19 93 -0.742
33 21 19 -0.288
40 6 11 -0.325
15 29 68 -0.816
18 27 31 -0.464
13 24 146 2.568
14 34 33 0.185
36 13 46 -0.617
20 24 74 -0.617
14 36 112 -0.864
34 19 81 0.471
15 36 144 1.959
37 1 46 -0.824
31 25 98 2.369
43 9 126 -0.832
18 29 37 1.583
13 34 70 0.425
17 28 147 -0.955
21 18 3 -0.297
38 11 83 -0.108
43 9 125 -0.183
13 29 31 -0.838
41 12 13 0.669
35 12 87 0.421
32 21 97 1.371
17 30 38 -0.263
8 35 108 0.831
30 24 134 -0.261
11 33 145 -0.079
35 21 7 -0.408
35 14 87 0.071
18 25 141 -0.110
8 33 30 -0.718
38 11 14 -0.130
34 21 133 -0.604
19 29 26 -1.001
23 23 25 0.610
38 13 7 -0.347
42 9 51 -0.838
8 37 102 -0.355
31 19 58 -0.049
25 21 135 -0.161
31 26 97 1.357
37 12 53 -0.741
19 23 76 0.187
36 10 119 0.985
39 15 123 -0.851
35 15 18 -1.056
30 23 41 1.205
17 31 69 -0.172
10 42 105 -0.555
31 20 40 -0.185
25 32 114 -0.232
29 13 39 1.951
21 29 37 3.198
18 34 37 1.818
38 11 131 -0.876
38 19 131 -0.836
40 7 87 -1.051
28 15 4 -0.287
20 23 2 0.114
36 12 133 0.713
14 31 67 -0.323
32 27 80 -0.381
39 11 10 0.628
30 28 41 -0.317
12 28 143 1.781
30 21 23 -0.403
38 13 129 -0.271
38 16 84 -0.726
17 28 26 -1.046
14 37 66 -0.870
24 22 149 -0.955
22 16 3 -0.854
23 30 1 2.210
24 31 24 -0.593
20 18 139 1.477
17 29 26 -1.049
19 27 31 -0.328
35 19 47 -0.723
44 9 126 0.051
40 10 16 0.553
23 11 1 -0.610
13 38 139 -1.052
17 30 111 -0.839
34 20 10 -0.810
31 13 117 0.245
32 17 10 -0.224
21 13 138 2.096
40 17 55 -0.114
38 13 128 -0.762
18 23 76 0.221
19 26 73 0.534
37 11 13 0.674
34 14 80 -0.580
38 7 9 0.213
40 10 51 -0.472
35 24 58 0.300
15 25 103 5.622
36 20 133 0.669
22 30 25 0.967
15 32 70 -0.213
12 29 72 0.069
12 36 105 0.103
17 21 69 -0.108
28 22 79 0.424
27 23 41 -0.674
41 5 51 -0.891
17 24 147 0.656
17 31 75 -0.806
39 16 129 -0.783
29 24 80 -0.184
41 10 18 -0.666
39 20 55 -0.777
13 37 29 -0.086
36 15 132 -0.790
34 15 47 -0.110
34 19 20 -0.466
30 22 96 -0.683
33 7 121 -0.960
22 18 3 -0.338
34 12 10 -0.638
33 28 133 -0.966
39 17 10 0.602
42 8 50 0.322
38 20 91 -0.128
32 22 97 0.374
29 22 61 1.282
31 24 118 -0.110
41 6 90 -0.371
16 25 74 1.078
44 13 127 0.296
18 33 137 -0.355
12 34 143 2.056
42 16 88 0.416
31 24 44 -0.487
20 23 138 -0.012
15 30 27 -0.778
34 15 119 -0.760
38 16 56 0.408
17 22 31 -0.138
13 37 32 0.242
23 31 63 -0.972
16 34 140 0.309
37 16 89 -0.337
20 26 2 -0.943
16 39 140 0.312
34 15 95 0.272
29 16 44 -0.034
42 9 127 -0.218
40 20 54 -0.342
20 25 139 0.591
39 14 128 -0.318
9 32 70 -0.621
36 14 81 0.742
23 18 61 0.290
31 24 60 3.739
39 10 127 -0.204
39 13 89 0.796
14 30 149 -0.974
25 25 4 -1.008
25 20 82 -0.657
26 26 60 -0.894
36 12 89 -0.571
35 18 41 0.454
36 16 94 -0.915
12 21 69 0.676
15 32 72 -0.263
37 9 8 0.612
17 35 103 0.709
10 34 69 -0.266
15 33 36 1.197
16 28 74 0.598
36 9 7 -0.442
36 14 83 -0.584
10 41 146 -0.716
41 12 16 0.127
42 1 12 -0.884
40 7 127 -0.466
37 14 54 -0.703
35 15 133 0.412
40 9 84 0.279
16 26 73 -0.683
42 5 12 -0.903
16 34 141 -0.832
22 35 100 0.567
14 26 71 1.345
14 31 74 0.830
34 9 9 0.763
13 32 147 -0.276
16 37 148 -0.869
16 30 144 1.627
26 15 114 1.159
34 18 47 -0.692
12 31 141 -0.825
10 33 110 -1.034
34 22 94 -0.802
29 24 59 -0.082
37 20 8 0.540
41 16 91 0.472
37 18 48 -0.591
39 11 50 2.178
33 18 96 -0.075
20 23 101 -0.045
42 12 13 0.019
42 13 51 0.803
27 16 39 -0.223
17 28 38 -0.073
20 29 101 -0.203
34 9 119 -0.454
39 8 90 0.090
31 20 116 -0.822
27 30 24 -0.063
36 11 45 -0.092
31 15 5 0.125
36 22 94 -0.368
42 14 128 -0.274
35 10 126 -0.654
15 28 71 0.826
14 38 143 -0.287
28 25 136 1.543
32 17 5 -0.276
36 23 94 -0.433
35 9 84 -0.247
33 24 59 -0.333
13 31 68 -0.722
42 13 54 -0.676
40 10 18 -0.586
12 37 67 -0.687
30 25 97 -0.024
39 8 51 0.320
30 27 22 0.533
32 16 118 0.631
38 13 48 -0.245
15 33 110 -1.019
37 7 85 -0.953
43 10 49 -0.801
12 30 106 1.460
29 18 115 -0.697
12 35 107 -0.372
42 17 130 -0.337
38 7 46 -0.794
14 33 75 -0.754
23 33 62 -0.428
14 25 103 -1.002
45 3 88 -0.559
9 42 146 -0.850
20 24 26 0.980
30 14 40 1.769
11 35 105 -0.420
28 21 135 -0.352
17 33 65 1.585
35 16 83 -0.704
26 19 4 -0.750
36 12 57 1.269
30 24 60 2.933
43 9 52 -0.244
40 12 50 -0.821
24 20 38 -0.792
31 13 115 -0.592
10 29 72 -0.118
34 4 82 0.150
34 10 119 -0.714
31 8 117 -0.091
14 30 71 0.051
11 35 109 0.439
37 16 131 -0.993
12 38 70 1.208
14 29 67 -0.126
36 15 45 -0.220
28 24 76 -0.505
6 34 108 -1.016
11 37 32 0.016
37 10 83 -0.211
11 39 139 -1.068
22 31 149 -0.757
39 9 127 -0.508
38 11 48 -0.351
40 11 91 -0.030
42 10 18 -0.748
38 12 49 -0.168
29 24 115 -0.877
15 28 104 -0.050
15 25 31 0.676
41 5 11 -0.464
18 24 110 1.124
39 11 49 -0.498
32 15 79 0.573
12 33 36 0.056
29 18 59 -0.313
30 22 59 -0.571
14 32 69 -0.275
38 11 13 0.285
13 32 106 -0.907
35 5 44 -0.742
19 20 63 -0.818
13 35 143 0.393
43 4 46 -0.252
13 30 34 -0.329
26 20 76 -0.237
29 12 79 -0.110
33 20 132 -0.747
39 11 90 -0.234
16 32 70 -0.911
13 36 29 -0.866
18 31 65 -0.025
10 32 35 0.458
32 15 9 0.537
39 18 131 -0.728
31 26 59 -0.334
34 15 18 -0.998
16 20 68 0.940
15 27 27 -0.737
8 28 108 -0.639
38 19 91 -0.602
28 12 4 -0.309
22 24 38 0.305
17 32 140 -0.376
26 17 5 1.355
28 13 4 0.788
27 7 4 -0.036
43 6 50 -0.614
33 5 82 -0.118
14 22 73 -0.632
18 20 31 -0.504
39 11 15 -0.160
24 30 77 -0.842
24 31 77 0.488
15 41 68 -0.665
29 22 39 -0.361
33 27 80 -0.346
22 34 138 -0.608
15 29 102 -0.210
17 26 69 0.277
43 1 12 -0.876
19 21 26 -0.042
21 21 2 0.043
30 27 94 -1.042
35 17 134 0.800
32 21 42 -0.430
23 34 137 -0.750
13 39 140 -0.926
34 22 58 -0.715
18 34 138 0.995
27 27 116 -0.019
37 20 18 -0.889
32 22 80 -0.272
43 10 91 -0.324
22 26 4 -0.968
18 33 68 -0.155
13 29 106 2.194
43 8 90 -0.077
25 21 99 -0.734
35 11 118 1.304
20 23 149 -0.278
22 23 114 0.848
42 12 90 -0.136
16 26 34 -0.169
42 9 16 -0.457
15 31 141 -0.755
10 28 102 0.325
38 18 93 -0.984
10 38 32 0.181
13 36 106 -0.058
42 10 90 0.335
23 17 138 1.311
12 23 34 0.848
13 33 145 -0.788
30 34 60 -1.078
38 12 13 0.095
24 16 1 2.965
36 12 45 0.243
16 22 28 1.497
17 33 111 -0.533
33 20 93 -0.858
24 18 137 -0.039
31 27 120 -0.602
14 37 147 -0.391
27 29 39 -0.920
29 15 21 2.416
25 23 5 0.469
33 12 123 -0.502
30 23 94 -1.077
10 32 145 -0.821
34 27 95 0.528
25 22 76 0.079
12 40 109 -0.935
38 3 84 -0.522
14 33 70 0.249
43 11 91 -0.115
13 33 139 -1.023
25 28 135 -0.790
29 26 23 -0.385
19 22 110 1.769
26 8 4 -0.126
22 23 25 0.419
35 13 84 -0.384
42 2 15 0.043
38 18 121 -0.365
17 33 139 -0.511
44 13 52 -0.190
11 39 104 -0.448
39 10 124 -0.331
24 19 99 -0.963
41 12 91 -0.234
16 37 143 -0.443
31 16 118 0.647
32 16 116 -0.960
31 25 43 -0.662
33 15 80 0.001
40 13 83 0.205
36 8 84 -0.178
43 7 53 0.887
21 26 5 -0.283
40 14 92 -0.896
12 34 66 -0.699
38 8 15 0.442
35 19 96 -0.326
11 38 147 -0.751
28 19 42 0.211
16 32 106 -0.431
31 17 10 -0.418
29 20 116 0.269
12 32 103 4.704
13 27 71 1.788
30 12 115 -0.452
31 14 120 -0.720
16 35 148 -0.778
32 18 80 -0.321
11 34 145 -0.166
26 15 4 -0.458
21 30 27 0.177
13 33 36 0.033
24 23 5 -0.065
33 23 59 -0.709
29 26 98 -0.922
41 14 49 -0.833
15 37 0 -0.715
42 9 46 -0.792
13 33 35 1.764
41 10 48 -0.909
39 14 10 0.332
15 27 142 1.310
40 16 53 -0.266
11 29 102 2.578
13 35 32 0.428
34 12 44 -0.008
35 20 45 -0.332
41 10 49 0.422
33 14 81 -0.272
10 38 108 0.925
11 34 69 -0.234
40 15 11 0.142
29 21 61 1.158
29 15 39 2.048
34 13 47 -0.370
24 34 62 -1.046
34 13 81 -0.491
13 36 139 -1.007
14 24 37 1.463
18 20 33 0.544
10 42 102 -0.661
35 23 94 -0.663
35 16 87 -0.646
37 8 16 0.141
35 9 7 -0.303
42 11 92 -0.082
33 17 80 -0.454
28 30 23 -0.125
14 30 104 -0.706
19 30 64 0.836
28 25 116 -0.842
13 39 72 1.372
40 8 51 -0.448
13 31 111 -0.790
20 24 38 -0.823
23 14 0 2.062
18 22 141 0.417
29 22 118 0.140
19 39 138 -0.602
42 17 128 -0.254
39 16 126 0.306
38 17 85 -0.878
45 2 88 -0.457
26 24 44 -0.651
23 32 100 0.754
37 4 131 -1.041
26 20 78 -0.291
14 37 149 -0.907
34 17 10 0.439
15 42 137 -0.765
41 12 55 0.481
42 9 54 -1.010
11 41 106 0.094
21 32 38 -0.958
36 18 122 -0.357
13 24 107 0.532
36 14 49 -0.744
22 35 115 -0.837
31 10 4 -0.155
15 32 75 0.574
16 32 74 1.990
28 22 59 -0.091
12 26 107 -0.011
13 31 30 1.542
39 13 128 -0.581
28 31 135 0.058
28 22 96 -0.759
30 26 22 0.957
25 29 115 -1.030
12 41 30 -0.372
41 11 92 -0.592
13 38 30 0.661
18 35 113 -1.000
25 14 38 0.075
12 40 105 0.588
34 26 43 -0.241
39 9 11 -0.450
31 17 116 -0.339
24 27 1 2.121
20 25 38 1.537
38 16 57 0.614
35 20 93 -0.783
39 5 15 -0.651
28 17 42 0.279
34 17 117 -0.710
22 26 101 1.620
34 20 119 -0.487
35 15 95 0.315
37 21 19 0.329
40 13 121 -0.543
30 24 135 -0.431
17 30 144 -0.406
13 36 149 -0.184
40 16 88 -0.225
20 27 111 -0.921
41 11 85 0.104
39 13 88 -0.395
34 9 44 -0.688
32 23 57 -0.448
42 12 127 -0.715
26 24 63 -0.454
13 35 34 -0.748
12 39 145 -0.568
35 13 120 -0.766
29 27 96 -0.649
14 35 106 -0.052
5 46 108 -0.930
16 33 27 -0.999
15 33 141 -0.818
22 32 23 -0.928
39 8 86 -0.341
14 32 34 -0.869
39 10 50 1.833
41 15 17 -0.653
41 13 53 1.140
36 14 45 -0.370
32 14 5 -0.366
27 25 135 -0.031
26 16 39 0.015
23 22 24 1.605
18 28 104 -0.068
38 6 50 1.501
42 20 125 -0.016
27 18 2 -0.173
32 14 80 -0.431
36 15 48 -0.542
17 42 137 -1.030
43 12 49 -0.108
30 27 60 2.872
30 17 42 -0.055
29 27 39 -0.789
20 30 2 -0.032
15 29 103 3.504
22 37 114 -0.737
34 7 11 -1.015
40 17 11 -0.179
39 12 85 -0.225
44 8 126 0.152
19 25 31 -0.635
12 36 146 -0.373
16 26 148 2.321
39 12 13 0.477
17 30 27 -0.889
33 16 8 -0.230
19 23 2 -0.521
14 34 106 -0.500
45 16 51 -0.213
12 30 105 3.309
38 21 84 -0.514
13 28 32 0.733
19 23 0 -0.318
17 27 144 0.743
13 37 102 -0.425
41 5 14 -0.959
37 14 122 -0.048
37 6 127 -0.861
30 24 42 0.772
37 6 85 -0.645
32 15 58 0.152
12 35 105 2.233
30 20 42 -0.387
40 17 91 -0.352
41 16 54 -0.353
44 7 17 -0.767
18 24 37 0.362
20 22 1 0.607
39 11 88 -0.615
11 33 109 -0.584
20 23 31 -0.627
38 11 91 -0.397
37 15 84 -0.261
19 31 63 -0.670
42 8 15 -0.217
32 7 123 -0.608
22 25 26 -0.915
21 10 0 0.287
21 33 137 -0.441
40 14 128 -0.179
39 13 92 -0.939
32 13 117 -0.661
44 7 46 -0.520
16 39 36 -0.038
14 27 142 1.122
33 23 119 -0.863
16 21 113 0.097
17 23 33 0.857
39 14 83 0.429
25 34 99 -0.659
16 22 34 0.278
37 10 131 -0.913
42 10 54 -0.809
17 25 37 2.161
16 38 33 0.036
18 26 37 2.202
40 13 52 -0.916
40 4 14 -0.096
25 25 3 0.190
21 31 149 -0.752
14 40 113 -0.640
12 34 35 -0.056
38 13 47 -0.312
13 26 66 -0.336
36 9 126 -0.569
12 32 145 0.143
34 17 133 0.664
30 23 98 0.901
29 16 40 1.285
26 20 98 -0.289
35 14 82 -0.863
27 22 99 -0.264
37 14 121 -0.619
32 15 44 -0.212
32 9 45 -0.942
14 39 33 -0.152
17 29 37 2.198
33 19 42 0.596
32 28 134 -0.785
30 30 60 1.232
37 15 55 -0.983
13 20 31 -0.122
41 12 129 -0.443
34 12 121 -0.883
28 17 39 0.066
13 26 106 1.529
30 21 77 -0.268
16 31 37 0.188
13 33 106 2.163
26 16 4 -0.395
37 13 54 -0.616
13 24 31 -0.212
18 33 106 -0.318
39 12 89 0.289
32 20 40 -0.611
37 13 46 -0.310
22 37 23 -0.902
21 22 139 1.639
42 14 18 -0.608
20 24 3 1.401
27 16 78 -0.448
35 20 132 -0.767
14 38 145 -0.537
32 29 22 0.283
13 36 68 -1.046
40 8 126 -0.696
21 23 2 -0.445
34 14 56 -0.956
19 32 101 -0.165
42 11 91 0.599
40 18 130 -0.846
32 11 53 -1.016
23 21 63 -1.041
15 42 147 -0.597
17 26 75 1.787
22 12 3 -0.143
20 28 2 0.020
36 14 43 0.188
26 27 99 -0.373
14 32 68 -0.446
10 29 65 -0.632
38 11 123 -0.577
36 20 57 -0.179
30 17 5 -0.119
34 19 93 -1.000
19 25 73 -0.932
40 10 121 -0.456
19 21 110 1.497
15 27 74 -0.196
42 8 52 0.648
30 13 44 0.047
19 20 1 0.590
17 24 64 0.877
23 24 100 -0.454
29 12 115 1.069
40 12 91 0.012
42 10 13 0.055
22 7 78 -0.652
21 25 28 -0.782
11 34 110 -1.039
13 39 32 -0.764
14 41 32 -0.820
13 27 149 -0.028
37 9 56 -0.687
18 32 37 1.654
33 20 118 -0.035
14 24 31 -0.084
39 7 91 -0.557
14 28 140 1.349
18 24 75 1.739
37 8 13 -0.185
35 8 118 1.368
8 33 102 -0.906
26 11 44 -0.783
20 19 63 -0.609
20 7 0 0.341
14 38 74 -0.799
23 26 99 -0.707
14 36 143 -0.006
45 7 88 -0.466
20 31 73 -0.630
27 12 4 -0.391
21 38 64 -0.783
18 30 33 -0.816
16 24 64 4.637
34 17 49 -0.694
37 5 87 0.170
38 9 89 0.072
32 19 97 -0.369
38 13 123 -0.217
31 16 7 -0.405
40 13 49 -0.470
42 13 123 -0.169
15 39 0 -0.686
39 13 48 0.112
12 33 145 0.169
29 20 79 -0.600
28 12 44 -0.203
14 32 36 4.619
6 29 108 -1.010
29 18 134 -0.315
17 30 65 0.454
38 14 92 -0.495
40 7 125 -0.545
36 20 6 2.073
27 22 44 -0.702
37 21 6 1.378
37 8 89 -0.301
34 15 80 -0.438
15 36 109 -0.996
25 22 3 0.288
11 33 107 -0.947
43 14 124 -0.529
24 27 114 -0.226
38 10 13 -0.233
14 26 103 2.866
35 12 48 -0.136
16 33 109 -0.959
38 15 48 -0.304
15 19 69 1.499
12 27 107 -0.226
20 30 26 -1.019
20 31 101 0.276
18 22 68 -0.732
39 18 122 -0.510
42 12 91 0.386
22 22 28 -0.746
40 12 124 -0.273
25 24 135 -0.507
34 14 9 -0.089
15 30 66 -0.154
14 27 75 0.311
41 14 125 0.225
27 24 135 0.547
38 10 48 -0.335
29 23 41 -0.113
39 13 14 1.034
39 12 15 -0.257
32 17 118 0.025
19 19 34 -0.079
24 22 76 0.278
18 26 140 -0.043
13 33 34 -0.906
9 43 105 -0.501
16 19 74 1.186
19 31 73 -0.515
40 2 12 0.502
27 30 99 -0.360
37 15 10 0.535
27 32 59 -0.828
18 31 139 -0.613
13 37 35 0.497
44 14 129 0.080
43 13 52 0.601
23 24 114 1.145
16 31 113 -1.049
30 22 21 -0.869
28 16 43 -0.682
23 13 3 0.140
32 16 6 -0.037
11 29 69 -0.757
10 38 35 -0.906
18 30 64 0.633
25 16 2 0.118
37 3 123 -0.907
39 17 120 -0.233
42 11 127 -0.173
32 16 9 0.668
40 11 87 -1.009
15 32 144 2.216
39 6 11 -0.596
32 3 82 -0.814
15 31 66 -0.912
35 20 58 0.221
39 18 55 -0.536
27 30 39 0.909
19 26 74 -0.692
17 36 69 -0.616
28 20 98 -0.404
39 13 51 0.669
42 11 53 -0.378
17 27 111 -0.534
12 37 106 -0.662
32 23 58 0.383
12 33 147 -0.119
34 5 44 -0.687
34 10 81 -0.476
32 11 8 -0.566
18 33 140 -0.875
12 37 112 -0.804
29 26 39 -0.717
17 24 74 -0.039
35 25 133 -0.503
28 32 23 -0.086
15 31 110 -1.021
24 22 77 -0.621
38 10 11 -0.018
15 37 109 -0.962
22 22 113 -0.590
37 14 17 0.308
35 20 81 0.577
31 23 6 -0.598
27 19 115 -1.035
28 21 136 0.674
37 13 122 -0.089
38 10 45 -0.078
27 16 59 -0.635
18 32 65 -0.084
20 25 37 5.028
28 21 77 -0.879
24 24 99 -0.892
29 16 118 -0.393
41 3 15 0.449
15 35 147 0.063
33 12 10 0.472
24 21 139 0.128
14 33 33 -0.085
34 22 80 0.066
19 29 37 -0.272
31 29 60 2.506
18 30 27 -0.212
37 20 91 -0.436
15 32 68 0.020
42 10 129 -0.554
37 12 121 -0.334
13 41 71 -0.978
23 13 0 2.266
29 19 39 1.780
28 24 23 -0.636
29 23 21 -0.944
42 8 13 -0.417
37 11 48 0.354
22 29 63 -0.007
37 19 95 -0.475
41 16 53 1.601
18 30 73 -0.776
38 13 57 1.017
32 11 132 -0.861
16 33 74 1.686
11 27 107 -0.593
41 7 17 0.029
38 8 89 -0.666
17 26 27 -0.216
20 20 73 -0.590
36 11 130 -0.192
18 30 139 -0.345
11 24 69 1.500
31 16 79 -0.136
11 35 32 -0.063
36 11 48 -0.641
40 13 11 -0.739
32 21 134 1.263
39 9 122 0.419
17 22 34 0.825
32 23 22 2.818
13 35 70 1.043
38 16 48 -0.549
27 24 99 -0.435
13 29 144 1.140
29 26 21 -0.838
24 34 25 -0.622
17 36 148 -0.822
30 25 115 -0.927
42 7 9 -0.410
23 25 28 -0.369
34 16 20 -0.439
33 13 96 0.036
37 13 56 -0.652
31 23 42 -0.316
31 24 6 -0.311
16 26 113 -0.865
29 23 79 0.717
9 41 146 -0.806
18 23 73 3.259
39 13 15 -0.116
14 28 142 2.389
33 22 134 -0.304
13 35 109 -0.668
31 17 40 0.148
14 35 34 -0.418
36 19 134 0.507
37 14 57 -1.042
20 32 65 -0.015
29 20 4 -0.375
26 19 76 -0.201
14 34 36 1.782
13 34 30 0.442
17 21 75 1.453
16 24 33 1.051
15 34 102 -0.208
25 23 3 0.110
20 16 31 -0.560
28 15 22 0.404
39 12 48 -0.542
24 38 114 -0.909
39 8 125 -0.965
24 23 3 0.263
23 21 139 0.241
42 10 127 0.195
38 12 10 0.696
39 14 86 0.210
28 18 114 1.947
16 29 27 -0.839
43 5 12 -0.757
16 30 102 -0.151
30 16 21 -0.858
36 23 22 -1.102
11 29 109 -0.496
17 29 38 -0.249
14 34 30 -0.861
20 21 76 -0.018
23 25 114 0.955
14 30 147 1.370
38 7 48 -0.036
16 31 36 2.404
27 27 25 -0.988
26 27 27 0.292
35 14 80 0.133
40 12 92 -0.893
24 21 25 -0.032
25 30 136 -0.729
26 30 62 0.859
41 8 14 -0.598
14 39 112 -0.728
30 23 97 -0.911
14 38 70 0.999
28 29 23 -0.741
25 10 44 -0.823
36 21 121 -0.371
15 32 103 2.096
29 24 136 0.348
35 20 94 -0.360
30 25 96 -0.674
18 31 64 2.469
33 20 43 0.498
8 36 146 -0.908
16 30 142 2.031
26 19 3 0.701
38 14 123 -0.579
19 24 65 -0.493
31 18 116 0.081
13 32 109 -0.902
36 18 120 0.086
18 18 73 2.447
42 7 52 -0.116
23 34 62 -0.242
23 29 24 -0.545
38 20 133 0.968
43 12 53 0.404
22 36 78 -0.802
14 32 71 0.462
38 11 85 -0.267
34 17 83 -0.473
36 19 8 0.056
26 31 25 -0.590
26 25 100 -0.632
23 20 25 -0.072
15 33 103 2.781
15 33 72 -0.992
15 29 69 -0.622
23 23 62 -0.825
22 28 113 -0.089
37 9 87 0.335
28 24 39 -0.387
27 23 62 0.572
26 18 60 -0.778
12 40 72 -0.613
36 18 57 -0.455
19 22 64 3.348
35 17 41 0.369
12 35 32 0.429
28 25 60 0.805
33 20 119 -0.727
18 31 38 0.190
19 24 2 -0.448
35 15 47 -0.395
12 32 70 0.931
15 24 111 -0.541
37 20 95 -0.014
22 32 25 1.219
38 14 126 0.571
24 20 62 -0.999
28 16 59 -0.615
37 14 45 -0.020
19 20 34 -0.136
13 36 143 0.092
27 25 120 -0.551
36 5 45 -0.573
26 31 23 -0.732
41 17 55 0.352
36 5 118 1.527
36 13 92 -0.917
41 10 124 -0.066
41 10 14 0.200
30 24 120 -0.731
37 11 84 -0.722
12 29 34 -1.066
13 30 103 3.524
42 10 124 -0.534
39 14 91 -0.416
16 33 37 1.618
22 29 37 -0.449
19 22 1 0.655
32 4 123 -0.755
28 24 21 -1.046
22 20 139 0.046
28 11 82 -0.948
32 20 43 0.970
17 31 38 -0.895
21 37 101 1.113
12 36 71 -0.826
43 6 17 -0.728
43 13 124 -0.537
33 24 6 0.069
10 38 107 -0.996
11 39 66 2.747
16 32 27 -0.772
31 22 80 -0.221
15 35 0 -0.599
37 5 15 0.050
31 24 134 -0.877
40 12 49 0.284
42 7 15 0.288
32 21 41 1.144
33 13 119 -0.556
40 16 13 0.212
33 7 123 -0.696
27 21 116 -0.367
28 15 97 -1.061
29 20 115 0.001
21 19 112 0.679
25 24 99 -0.879
37 18 133 1.034
22 23 149 -0.401
38 12 121 -0.277
39 13 126 -0.059
9 29 35 0.149
19 21 73 0.526
35 14 134 0.724
17 26 144 1.018
25 22 61 0.619
24 35 77 -0.531
23 27 0 -0.633
37 20 56 0.510
18 37 73 -0.506
32 19 118 0.131
12 29 29 -0.935
38 12 18 -0.580
26 28 61 -0.691
43 10 13 -0.290
37 4 13 -0.750
14 32 112 -0.705
14 24 74 -0.603
30 19 21 1.781
16 34 148 0.119
30 14 77 0.995
29 14 97 -0.884
31 11 44 -0.404
31 21 21 1.786
37 4 84 -0.442
19 32 65 2.299
48 0 12 -0.959
25 26 76 1.437
33 19 97 1.676
11 37 106 -0.124
35 9 126 -0.735
35 10 80 0.037
17 32 72 -0.869
16 24 34 1.110
39 1 12 -1.064
39 15 91 -0.210
29 28 41 -0.036
35 15 43 0.574
15 33 68 -0.482
38 15 122 0.635
16 29 111 -0.169
10 27 144 4.673
40 8 13 0.108
42 11 90 0.096
17 33 72 -0.859
29 13 117 -0.780
27 22 5 1.065
30 15 40 0.753
38 7 13 0.031
15 36 66 0.789
33 18 42 0.464
14 33 0 -0.626
38 14 55 -0.344
36 9 18 -0.293
36 10 50 -0.347
37 9 121 -0.248
43 3 12 -0.949
35 19 55 -0.701
13 39 29 -0.537
38 17 94 -0.990
27 20 44 -0.827
16 29 142 5.472
18 30 38 0.964
13 39 105 0.624
30 25 136 0.474
11 42 109 -0.851
25 23 39 0.607
17 24 34 0.373
14 31 146 0.127
18 33 37 -0.898
35 17 119 -0.501
39 10 129 -0.911
9 34 108 0.818
32 19 134 1.492
23 33 137 -0.676
24 25 136 -0.771
28 12 82 -0.756
26 29 39 -0.581
24 30 115 -1.013
37 8 50 -0.251
31 15 94 -0.950
24 34 60 -0.972
15 34 110 -0.732
34 15 96 0.112
29 17 22 0.912
23 21 3 -0.978
36 22 132 0.178
17 34 100 -0.945
39 11 14 0.546
32 23 42 2.027
11 32 144 5.096
32 17 121 -0.470
18 18 31 -0.249
21 26 1 0.454
27 17 118 -0.097
24 25 3 0.387
43 17 128 0.007
37 12 15 -0.534
42 7 16 0.260
43 9 88 0.478
12 37 107 -0.622
41 10 130 -1.001
19 18 1 0.687
33 14 45 -0.873
30 19 41 0.260
24 25 100 1.155
38 16 8 -0.138
11 35 30 1.086
13 38 145 -0.355
29 20 61 2.685
19 25 113 -0.242
38 7 85 -0.912
38 23 56 0.194
33 19 134 1.657
37 10 127 -0.904
20 37 62 -0.977
38 3 123 -0.915
38 13 83 0.596
23 24 4 -0.842
30 25 42 0.909
12 27 145 -0.966
36 8 82 0.729
25 19 38 0.308
16 28 1 -0.405
13 40 70 0.282
28 30 59 -0.612
16 29 72 -0.225
42 16 17 -0.966
20 29 137 -0.646
29 19 23 -0.363
39 10 90 -0.366
30 16 116 -0.200
11 30 144 5.773
27 19 40 2.257
9 32 35 0.598
14 19 34 0.622
10 33 32 -0.738
30 16 5 -0.552
40 9 92 -0.866
23 31 137 -0.965
29 21 26 0.002
39 10 46 -0.823
30 25 41 -0.202
33 1 82 -0.886
38 4 46 -0.619
35 18 94 -0.592
20 22 3 1.342
28 21 22 -0.555
29 22 97 -1.055
13 29 34 -0.724
37 7 87 -0.888
35 16 41 0.475
32 21 9 0.843
32 22 21 1.034
34 22 19 -0.304
35 16 93 -0.950
23 27 149 -0.848
22 38 114 -0.936
14 40 29 -0.488
24 28 27 -0.619
23 28 25 -0.652
17 38 112 -0.844
39 17 131 -0.053
31 25 6 -0.305
15 23 74 0.924
14 40 143 -0.580
29 16 77 0.775
15 29 67 -0.839
13 39 111 -0.981
39 13 122 0.064
32 30 59 -0.882
29 22 135 0.144
33 18 94 -0.826
21 21 112 3.589
38 11 84 -0.669
40 6 84 -0.269
28 31 25 -0.668
16 38 147 -0.994
41 13 84 -0.727
39 14 11 -0.301
15 33 142 4.644
34 21 59 -0.706
31 9 119 -0.882
11 23 65 -0.979
28 26 21 -0.978
40 13 46 0.203
11 36 72 -0.855
24 36 114 -0.841
37 14 13 -0.682
20 20 75 -0.251
36 25 19 -0.435
30 11 117 0.294
33 15 119 -0.712
13 34 106 -0.492
18 36 138 0.784
14 33 71 0.003
17 29 103 -0.638
18 22 148 0.260
31 24 80 -0.263
30 27 42 0.724
15 33 69 -0.787
37 10 85 -0.305
19 39 63 -0.289
30 20 118 -0.892
37 17 81 0.440
36 14 54 -0.703
32 14 58 0.178
14 35 71 -0.196
9 39 102 -0.609
29 22 41 0.352
15 32 148 -0.923
13 34 148 -1.065
30 12 44 -0.195
14 34 104 -0.720
34 16 117 -0.787
20 35 101 0.777
19 35 1 -0.873
14 37 68 0.919
27 24 25 0.125
26 27 135 -1.014
38 24 130 -0.972
27 25 99 -0.382
33 22 98 -0.898
12 38 71 -0.717
16 27 103 -0.922
18 33 33 -0.836
29 31 96 -0.661
15 29 111 -1.034
35 23 95 -0.661
31 12 117 0.913
28 26 39 -0.462
42 11 52 0.569
21 32 101 1.282
14 33 69 -0.678
18 37 64 -0.005
40 5 127 -0.388
20 25 112 3.493
35 6 44 -0.658
16 35 106 -0.268
44 14 51 -0.175
27 23 120 -0.594
36 16 133 0.259
32 14 97 -0.339
39 12 123 -0.171
41 17 128 -0.239
28 28 135 0.502
22 30 38 -0.996
35 13 47 -0.555
31 18 77 -0.330
20 27 63 -0.441
20 29 0 -0.548
32 14 42 0.533
14 33 144 2.852
38 12 53 -0.698
12 21 71 1.250
16 37 36 1.510
33 19 119 0.089
13 20 33 1.804
13 19 69 0.235
21 24 0 0.726
31 25 22 1.106
41 11 13 0.825
40 14 91 -0.660
40 9 49 0.119
13 26 107 0.541
18 20 73 2.284
39 4 14 0.112
14 33 36 2.903
35 17 95 -0.007
25 25 25 1.221
16 28 145 -0.404
31 18 81 -0.578
15 35 75 -0.776
25 26 4 -1.006
22 22 101 2.797
40 13 126 -0.605
25 15 61 1.846
15 33 74 -0.951
23 26 2 0.427
38 15 8 0.173
15 35 140 0.015
9 35 35 -0.354
15 37 74 -0.791
29 27 77 0.303
20 27 65 -0.399
16 33 102 -0.428
32 15 94 -0.952
39 12 91 -0.296
15 32 113 -0.981
16 30 37 -0.448
23 21 101 3.385
34 24 57 -0.689
17 30 141 0.905
40 10 52 -0.455
41 10 90 -0.031
39 9 55 0.088
38 4 123 -0.737
9 42 109 -0.221
31 20 57 -0.779
41 12 125 -0.696
15 36 72 -0.790
15 37 149 -0.998
38 8 125 -0.912
39 15 84 -0.598
22 36 138 -0.525
24 23 4 -0.577
22 20 114 0.454
10 35 146 -0.745
28 19 41 0.111
39 15 48 -0.566
15 29 70 -0.637
19 28 112 0.646
15 37 102 -0.524
26 23 80 0.085
22 32 137 -0.956
40 14 50 1.830
37 8 14 0.366
22 22 3 -0.222
34 13 43 0.684
40 10 89 -0.300
18 36 1 -0.937
25 25 24 -0.194
25 25 62 0.732
30 17 43 -0.403
26 28 24 0.184
35 15 85 -0.931
38 14 89 0.205
15 38 103 1.405
34 23 133 -1.039
28 22 136 0.480
21 36 64 -0.855
35 16 6 -0.768
25 30 77 -0.823
28 23 60 -0.375
16 34 105 -0.659
41 14 129 -0.709
20 25 138 1.759
6 37 108 -0.247
30 23 115 -0.860
18 32 27 0.579
14 34 147 0.027
18 27 28 0.383
29 25 136 0.671
14 30 66 -0.822
36 17 56 -0.544
34 9 8 -0.318
36 17 80 -0.320
26 26 61 -0.482
32 19 95 -1.025
19 21 74 -0.030
15 22 73 0.802
12 28 107 -0.173
24 20 3 -0.182
15 27 68 0.011
35 16 121 -0.509
16 27 75 0.759
20 30 38 -0.487
34 19 41 0.484
35 8 126 -0.818
14 32 66 -0.956
13 40 142 -0.902
34 12 46 -0.285
27 9 119 0.629
15 22 29 -0.590
23 24 101 2.664
38 17 129 -0.852
38 14 13 -0.666
27 28 26 -0.779
35 17 10 -0.270
12 28 142 -0.712
35 6 119 0.909
29 30 96 -0.512
38 20 86 -0.865
27 31 62 0.072
16 31 140 -0.118
13 29 105 1.938
16 37 100 -0.907
14 29 68 -0.405
39 12 12 1.655
28 23 39 -0.639
12 29 105 0.934
12 31 32 -0.302
17 30 104 1.341
28 15 115 -0.553
40 9 11 -0.342
41 14 17 -0.831
15 30 149 0.027
18 25 110 -0.520
33 17 119 -0.176
16 28 27 -1.005
19 30 140 -0.194
16 21 28 -0.335
20 32 64 0.194
24 27 23 -0.099
42 4 50 -0.866
18 24 65 1.512
42 16 128 0.017
29 26 22 -0.605
26 27 42 -0.301
34 10 8 0.936
15 28 144 0.014
10 31 29 -0.650
13 28 33 0.702
39 9 45 0.193
21 24 101 -0.258
17 36 68 0.471
17 24 141 3.227
16 22 110 -0.237
17 33 112 -0.590
20 28 63 -0.783
33 7 47 -0.940
31 17 118 -0.508
38 15 80 0.209
19 22 73 -0.208
35 22 58 0.416
22 34 137 -1.010
17 26 68 -0.626
37 12 127 0.281
40 14 130 -0.387
32 19 10 -0.817
37 8 87 0.423
39 11 52 -0.573
10 28 65 -0.731
22 24 0 1.174
27 15 115 -0.461
18 20 141 0.551
27 23 61 0.099
41 12 53 0.576
23 20 114 2.505
37 13 132 -0.750
17 21 1 -0.505
29 18 40 2.906
13 29 66 -0.460
12 39 65 -0.852
12 37 147 -0.791
40 13 87 1.002
38 4 85 -0.990
12 39 72 -0.011
12 37 35 1.816
19 33 1 -0.639
38 9 56 -0.559
12 38 33 -0.614
23 37 114 -0.908
17 20 63 -0.748
21 19 139 1.622
41 14 130 -0.791
11 27 35 0.605
26 23 76 1.313
19 25 27 1.963
37 11 90 -0.222
34 17 57 -0.244
34 13 82 -0.685
17 35 69 -0.447
15 23 31 -0.172
35 16 131 -0.961
44 17 128 -0.078
34 7 121 -0.941
23 20 3 -0.436
39 7 123 -0.771
17 31 138 0.634
38 12 17 0.143
37 11 122 0.201
27 21 82 -0.537
23 12 78 -0.618
43 13 128 -0.318
42 6 127 0.153
12 20 69 0.773
34 17 119 -0.586
9 39 35 -1.025
16 38 69 -0.667
21 20 2 -0.241
14 28 37 -0.100
15 37 112 -0.693
37 14 87 -0.217
16 24 37 2.162
13 34 66 0.019
38 14 47 -0.480
29 22 60 3.069
13 34 34 -1.072
33 18 81 -0.691
31 12 118 0.486
29 26 40 -0.760
39 14 9 -0.104
24 36 23 -0.871
37 16 57 -0.952
32 21 59 -0.217
31 16 22 -0.063
35 7 85 -0.962
14 29 144 3.730
38 9 86 0.900
34 19 21 -0.359
13 38 102 -0.287
28 27 77 0.295
40 14 45 0.898
27 28 135 0.631
18 29 31 -0.431
38 11 15 -0.337
31 15 81 -0.895
37 10 122 -0.093
38 11 18 -0.750
18 32 101 -0.199
33 18 21 -0.128
13 28 141 0.993
28 21 97 -0.972
36 11 47 -0.974
41 11 51 -0.339
32 18 43 0.439
36 17 8 -0.427
23 23 5 -0.043
20 27 137 -0.292
20 19 2 -0.375
6 32 108 -0.671
15 34 142 -0.586
14 30 103 -1.012
43 12 126 -0.841
18 19 31 -0.422
24 17 5 0.567
12 34 67 -0.958
27 25 76 -0.344
13 29 74 -0.535
39 16 128 -0.362
35 10 48 0.072
24 22 139 1.090
40 9 14 -0.290
21 25 101 1.418
26 16 82 -0.793
7 32 65 -0.816
29 16 96 -1.011
16 26 72 -0.110
41 6 84 0.088
43 5 46 -0.535
42 14 46 0.170
34 15 10 -0.270
21 31 64 -0.121
37 22 83 -0.841
20 32 63 -0.338
12 39 35 1.563
43 11 129 0.363
35 19 19 -0.330
26 23 61 -0.825
23 24 3 -0.991
29 22 59 0.127
40 15 49 -0.754
35 17 57 -0.378
31 21 98 0.591
20 27 1 1.829
11 30 65 -0.663
34 15 56 -0.904
39 17 17 0.321
11 37 147 -0.493
44 12 51 0.398
17 23 73 1.031
40 7 54 -0.837
20 31 0 -0.644
9 42 107 -0.981
12 24 105 5.558
24 27 27 -0.832
16 29 141 1.991
35 8 10 0.987
41 10 83 0.221
36 2 85 -1.018
22 32 99 -0.973
16 28 33 -0.666
33 14 10 1.073
37 13 48 0.009
32 22 134 1.203
23 29 100 1.087
34 4 85 -0.082
18 25 147 1.492
38 12 87 -0.382
38 11 53 -0.597
18 27 64 1.715
38 19 8 -0.345
12 31 109 0.075
21 26 113 -0.918
36 22 56 0.751
15 35 137 -0.635
17 26 141 0.541
38 10 51 0.477
24 27 62 -0.771
24 24 149 -1.002
25 29 39 -0.618
28 23 76 -0.529
35 16 47 -0.678
37 18 43 0.493
40 13 123 -0.500
27 18 61 2.225
19 34 101 0.693
41 9 127 -0.495
16 37 113 -1.017
14 35 144 0.720
39 10 15 -0.398
31 23 97 -0.804
31 19 116 0.197
14 31 140 -0.447
27 29 26 -0.749
33 16 121 -0.240
12 24 107 0.431
39 8 14 0.690
19 29 139 -0.514
42 11 56 -0.572
19 19 2 0.710
33 22 81 -0.767
37 16 132 -0.858
16 32 71 0.415
33 17 10 -0.242
27 24 136 0.411
19 26 64 -0.200
42 8 17 -0.015
30 29 60 1.353
14 36 66 -0.845
35 12 8 0.129
29 23 135 2.318
24 32 23 -0.564
15 29 66 -0.379
42 8 91 0.460
39 11 84 0.429
19 25 148 0.453
37 19 19 0.025
25 23 116 -0.652
14 30 141 0.106
13 38 106 -0.387
28 20 59 -0.055
38 10 49 0.347
26 21 61 0.702
30 17 80 -0.618
39 19 93 -0.913
42 16 91 0.198
35 7 7 -0.662
31 20 81 -0.822
13 35 67 -0.220
43 12 17 -0.002
37 7 9 -0.009
18 36 38 -0.919
42 13 17 -0.529
17 27 112 -0.253
37 21 133 1.518
40 7 124 -0.117
20 20 26 -0.161
23 36 23 -0.968
41 19 91 -0.585
35 18 95 0.376
40 13 125 -0.991
23 28 100 0.842
26 19 5 1.443
11 31 105 2.752
17 27 139 -0.537
37 5 7 -0.639
28 31 99 -0.327
20 24 27 2.270
34 15 7 0.599
17 18 34 0.987
23 29 77 -0.873
17 34 140 -0.206
38 18 84 -0.587
31 27 95 0.285
37 10 13 -0.879
20 30 63 -0.122
16 25 64 2.747
43 14 91 0.077
18 27 69 0.405
24 14 38 -0.084
21 18 75 -0.415
18 28 38 0.417
33 14 97 -0.929
25 11 116 -0.061
38 5 7 -0.569
27 26 60 -0.496
34 22 7 0.283
37 8 47 -1.060
39 13 131 -0.723
21 31 78 -0.880
20 35 138 -0.726
30 12 79 -0.515
33 23 80 -0.537
37 23 19 0.250
12 25 33 0.390
36 7 127 -0.742
33 19 41 0.353
40 13 45 0.448
17 29 143 -0.297
12 31 71 0.589
37 17 7 -0.320
15 26 71 0.890
37 20 57 -0.241
18 22 138 0.152
11 32 109 -0.756
24 24 61 -0.043
26 31 60 -0.966
38 17 56 0.899
37 17 132 -0.216
36 14 121 -0.850
32 20 44 -0.230
35 17 19 -0.230
15 31 111 -1.055
16 28 70 -0.491
25 24 63 0.118
19 22 34 -0.146
42 11 13 -0.052
38 22 132 0.036
38 9 13 0.200
13 20 68 -0.575
40 12 125 -0.028
23 28 27 -0.724
13 41 143 -0.178
30 16 39 1.938
40 14 55 0.250
27 21 26 0.222
19 29 33 -0.739
43 13 126 -0.902
12 32 104 -1.048
38 5 12 1.697
38 15 131 -0.956
34 21 97 2.879
11 39 109 -0.520
42 12 52 0.482
36 14 122 -0.419
15 36 29 0.074
37 24 121 -0.430
16 31 103 -0.735
41 4 12 -0.173
19 23 64 -0.736
19 30 26 -1.022
32 17 77 -0.348
17 26 143 -0.724
36 17 20 -0.321
36 11 121 -0.547
13 37 142 -0.741
35 19 20 0.042
14 30 142 2.018
11 33 35 -0.046
11 38 109 -0.987
38 9 87 -0.450
36 12 126 -0.765
35 8 7 -0.413
21 25 38 1.214
43 4 88 0.189
36 11 123 -0.892
13 39 142 -0.745
29 24 42 -0.253
49 5 88 -0.330
43 18 128 -0.360
26 18 61 1.738
29 27 135 1.890
41 18 88 -0.234
14 31 103 0.709
36 7 48 -0.301
23 25 1 2.209
39 8 84 0.221
36 16 83 -0.878
26 26 63 -0.126
14 41 140 -0.828
16 26 65 1.583
13 37 36 1.657
30 19 134 -0.614
40 12 13 0.636
36 19 95 -0.088
43 10 125 0.163
43 5 13 -0.274
27 15 78 -0.781
31 13 7 -0.407
37 18 122 -0.696
24 25 135 -0.729
39 15 53 -0.031
34 12 119 -0.423
14 36 149 -0.945
39 13 12 1.791
28 15 118 -0.508
33 21 21 -0.125
40 5 15 -0.413
23 23 113 -0.164
19 22 26 -0.118
40 9 89 -0.464
29 14 44 0.237
23 20 136 -0.445
25 29 27 -0.376
38 11 9 0.066
28 31 96 -0.687
12 32 108 -0.903
37 10 89 -0.596
42 2 11 -0.523
41 21 55 -0.868
18 32 102 -0.052
6 33 102 -0.770
12 36 34 -0.839
43 11 90 0.552
36 23 56 0.010
17 30 149 -0.648
11 33 104 -0.514
22 32 100 -0.719
42 14 50 1.397
35 22 19 -0.134
34 21 95 -0.328
39 17 130 -0.929
40 14 54 -0.494
25 24 26 -0.764
37 15 45 -0.138
30 20 98 0.565
44 5 16 0.870
10 36 143 1.169
40 8 46 -0.891
38 7 86 0.686
36 24 130 -0.998
19 32 1 -0.825
39 11 18 -0.741
17 25 28 -0.269
29 28 136 -0.319
15 18 1 -0.722
14 24 107 0.405
38 8 48 0.429
30 18 41 0.290
44 11 124 -0.927
11 35 106 -0.501
29 19 40 2.680
39 16 85 -0.864
14 35 111 -0.951
29 17 117 -0.731
36 13 87 0.004
11 43 147 -0.830
38 11 51 0.414
41 10 50 0.389
30 23 44 -0.409
36 7 85 -0.770
33 14 43 0.551
14 36 36 -0.193
13 38 147 0.320
31 18 96 -0.835
19 28 100 -0.191
20 29 63 -0.678
27 25 116 -0.450
39 15 17 0.454
35 20 95 -0.173
38 11 93 -0.927
14 37 111 -0.929
37 9 118 2.075
38 11 12 2.226
32 23 44 -0.314
36 13 80 0.347
29 12 118 -0.468
45 6 15 -0.809
15 31 31 -0.358
26 30 99 -0.581
28 34 77 0.376
32 20 119 -0.648
20 29 113 -0.486
37 17 92 -0.811
39 7 85 -1.075
36 10 89 -0.626
40 7 86 -0.761
37 5 127 -0.941
26 30 63 -0.244
9 40 108 0.706
35 22 96 -0.387
12 28 68 -1.010
12 38 35 1.586
16 29 70 -0.723
33 17 117 -0.614
25 31 39 -0.967
17 28 104 1.247
42 12 53 0.425
35 3 84 -0.388
15 30 36 1.591
38 13 53 -0.784
17 28 72 0.956
22 33 79 -0.996
39 16 8 0.317
28 23 23 -0.433
29 20 42 -0.262
39 12 10 0.473
14 33 104 1.638
33 8 117 -0.060
16 25 141 1.229
27 18 5 1.545
38 12 85 0.062
42 4 17 0.621
28 25 135 0.845
31 27 43 -0.372
26 22 61 0.653
26 18 5 1.513
17 24 149 -0.119
12 30 34 -0.863
12 34 27 -1.054
41 18 125 0.222
15 35 34 -0.581
16 36 36 1.378
37 17 10 0.457
38 11 46 -0.145
38 12 9 0.475
14 24 70 0.015
39 9 14 0.757
12 33 33 0.698
37 16 45 0.069
42 11 124 0.081
38 14 93 -0.980
20 33 64 -0.714
20 26 64 -0.207
21 23 27 -0.371
19 23 69 -0.073
19 28 111 -0.979
31 23 43 -0.063
14 37 32 -0.771
35 19 122 -0.256
35 12 9 1.283
17 34 33 -0.950
30 22 23 -0.191
18 24 141 0.140
15 32 34 -0.546
42 11 47 -0.435
13 36 104 -1.050
15 30 142 3.894
20 35 137 -0.803
37 24 95 0.103
19 30 65 0.103
39 13 8 0.246
33 15 20 0.016
33 20 97 3.087
16 28 73 -0.688
35 18 121 -0.227
16 28 67 -0.798
35 15 8 0.480
33 20 95 -1.030
32 22 95 0.161
17 30 28 -0.299
34 20 95 0.989
17 30 74 -0.968
18 25 33 0.759
32 19 6 0.117
31 19 118 -0.013
9 36 146 -0.619
22 19 112 1.803
38 14 132 -0.689
33 16 118 1.039
37 6 13 -0.468
13 26 36 4.014
23 23 101 1.345
28 19 118 0.213
34 15 118 0.370
27 29 60 -0.655
14 39 105 -0.184
44 13 128 0.778
23 30 24 -0.294
21 16 2 1.564
42 5 46 -0.629
25 32 23 -0.170
14 39 32 -0.842
36 23 132 0.012
18 42 137 -1.047
40 13 85 0.052
29 17 21 2.413
36 14 133 -0.030
12 31 146 -0.592
24 28 23 0.311
33 18 9 0.845
20 35 65 -0.054
39 11 125 -0.948
19 23 31 -0.603
38 9 18 -0.747
13 37 112 -0.667
39 9 83 0.157
9 44 105 -0.450
11 27 105 4.329
15 22 69 1.438
37 16 46 -0.474
29 22 96 -0.780
22 37 99 -0.802
14 35 36 -0.069
33 10 44 -0.570
14 34 29 -0.447
25 29 62 0.467
24 28 0 -0.836
36 12 121 -0.930
31 22 6 -0.251
30 18 22 0.056
15 36 149 -1.002
26 30 135 -0.854
22 31 26 -0.295
37 10 121 -0.762
12 34 106 -0.381
12 32 29 -0.253
43 16 128 -0.390
37 10 132 -0.689
21 25 138 -0.035
28 29 59 -0.661
30 28 43 -0.687
30 23 22 1.033
16 35 112 -0.702
40 14 125 0.162
18 21 147 1.061
32 13 96 -0.533
24 12 1 2.889
28 27 59 -0.288
10 31 30 -0.691
33 17 134 -0.448
19 27 3 0.966
19 15 75 -0.658
40 14 124 -0.885
12 27 140 0.204
39 11 51 0.827
23 18 3 -0.066
23 21 112 1.067
34 9 81 -0.588
16 32 102 -0.273
37 9 49 0.313
19 26 148 0.502
42 6 53 0.329
36 9 45 0.216
40 11 83 0.278
44 11 126 0.287
18 24 28 0.204
36 4 8 -0.348
42 16 47 -0.485
16 26 27 -0.648
34 15 43 0.334
7 33 32 -0.761
31 21 134 0.350
35 24 20 0.444
19 20 113 -0.324
37 11 55 -0.517
15 25 74 -0.173
9 36 109 -0.718
15 26 141 -0.212
22 29 4 -0.975
32 5 119 -0.777
34 16 96 0.295
38 8 129 -0.526
41 5 90 -0.154
34 24 19 -0.199
24 29 77 -0.884
29 28 135 0.061
32 18 5 -0.033
37 12 9 -0.985
39 8 121 0.169
31 17 96 -0.904
18 26 75 2.308
15 35 141 -0.799
13 32 143 0.966
16 32 69 -0.003
35 11 82 -0.842
30 22 135 0.841
23 26 3 -0.371
37 14 92 -0.698
42 17 52 0.367
30 16 120 -0.727
26 30 137 -0.451
16 31 29 -1.024
20 26 28 -0.744
37 6 123 -0.960
41 6 14 -0.710
19 18 2 0.302
12 37 66 1.439
37 8 129 -0.431
41 11 48 -0.760
15 36 142 -0.157
9 35 108 0.277
33 5 45 -0.401
37 21 56 0.099
44 15 124 -0.904
31 17 44 -0.276
36 18 56 0.125
36 13 12 0.263
36 24 132 -0.675
37 16 133 0.390
27 11 4 -0.399
28 6 44 -0.810
25 30 62 0.411
29 23 39 -0.363
11 37 71 -0.959
16 35 149 -0.936
24 26 4 -0.866
36 10 7 -0.836
35 21 120 -0.456
9 39 105 -0.382
35 17 9 0.799
40 12 129 -0.534
34 17 6 -0.184
15 28 33 0.624
42 11 50 1.542
40 15 18 -0.563
14 39 148 1.372
43 8 52 -0.040
31 13 120 -0.735
39 16 86 -0.422
12 35 104 0.006
34 19 97 2.752
43 10 16 -0.209
15 37 67 -0.545
11 28 27 -1.091
31 28 22 -0.904
7 32 102 -0.700
33 21 57 -0.952
17 30 64 2.195
30 24 118 -0.251
37 3 13 -0.649
38 6 91 -0.892
36 19 6 0.735
12 33 143 3.378
10 35 72 -0.574
17 33 149 -0.917
11 36 65 -0.442
41 12 123 -0.274
31 20 94 -1.041
38 12 84 -0.240
17 25 104 0.191
20 26 65 -0.176
15 37 140 -0.282
44 9 90 0.076
13 28 105 1.400
35 3 7 -0.374
39 18 94 -0.947
23 19 101 2.031
19 32 149 -0.796
16 37 72 -0.156
42 7 51 -0.860
21 29 101 1.796
29 26 61 1.636
31 21 41 0.523
13 30 32 2.352
9 37 108 0.488
36 16 18 -0.999
18 34 73 -0.409
33 21 96 -0.675
31 15 120 -0.427
34 17 7 0.454
18 22 147 2.501
28 27 115 -1.026
23 24 28 -0.568
15 29 71 0.744
31 11 4 0.618
18 23 69 0.666
17 24 110 -0.205
9 36 143 -0.759
31 12 115 -0.622
16 33 66 -0.359
42 7 46 -0.635
17 33 29 -0.714
22 37 78 -0.770
38 11 43 0.310
41 15 129 -0.888
28 37 60 -1.054
15 32 71 0.254
30 22 41 0.353
12 36 142 1.148
38 12 57 0.896
40 10 54 -0.788
17 29 110 -0.535
17 21 2 -0.307
19 38 63 -0.107
23 35 23 -0.922
19 19 64 0.553
40 12 54 -0.664
25 24 59 -0.317
37 12 89 -0.386
12 34 140 -0.136
30 26 98 -0.706
26 24 60 -0.440
36 20 20 -0.082
38 9 85 -0.957
26 10 44 -0.855
38 8 13 -0.277
26 33 59 -0.807
28 27 62 -0.565
24 30 63 0.590
16 32 103 1.192
34 25 57 -0.902
21 17 112 2.808
12 29 146 -0.602
32 23 98 -0.916
35 4 82 0.058
40 14 131 -0.704
20 21 75 2.007
24 25 4 -1.039
30 24 136 2.070
38 7 12 1.832
28 20 42 0.213
16 34 75 -0.764
43 12 90 0.574
23 31 78 0.340
40 13 53 -0.438
14 38 71 -0.976
17 33 113 -0.984
7 35 108 -0.145
28 18 39 -0.073
40 13 55 0.277
35 20 6 -0.964
11 38 145 -0.570
28 28 25 -0.890
31 26 22 -0.567
32 20 117 -0.222
34 19 119 -0.553
29 22 115 -0.838
35 14 41 0.790
13 28 71 0.502
29 24 135 2.725
15 28 148 1.253
21 28 37 3.052
22 31 138 -0.743
17 32 65 0.378
23 37 62 -0.771
26 31 79 -0.749
13 42 70 0.332
26 22 98 0.023
38 21 131 -0.953
22 27 4 -0.968
14 31 148 -1.030
38 10 52 -0.759
42 11 129 0.002
17 32 64 0.402
41 11 86 -0.930
18 30 76 -0.505
17 28 144 -0.665
41 13 90 -0.182
27 30 60 -0.765
42 3 46 -0.807
40 5 126 -0.756
23 20 26 -0.177
37 16 18 -0.697
35 11 127 -0.597
42 7 92 -0.473
37 16 56 0.199
15 30 67 -0.409
31 7 7 -0.237
28 28 60 -0.709
18 28 68 -0.782
41 7 90 -0.099
17 29 28 -0.750
33 12 43 0.496
40 14 53 -0.360
22 28 25 0.625
28 23 116 -0.933
22 33 137 -0.761
41 0 12 -0.976
7 33 102 -0.507
34 6 83 -0.515
33 9 81 -0.689
39 11 126 -0.044
24 32 99 -0.610
31 23 58 -0.326
27 27 41 -0.788
35 13 80 0.025
42 17 91 -0.411
27 29 25 -0.960
19 25 141 0.287
13 37 104 -1.051
20 17 149 0.255
39 13 124 -0.958
36 22 120 0.015
42 8 88 0.084
34 17 93 -0.896
17 27 27 -0.761
37 24 130 -0.987
36 7 11 0.700
13 32 32 0.152
31 16 40 -0.851
18 25 37 0.959
15 37 142 -0.450
19 29 65 -0.080
24 13 1 2.821
13 34 105 1.474
41 16 17 -0.852
36 13 10 0.457
14 19 73 0.003
41 14 50 1.139
34 17 9 0.947
36 16 19 -0.634
27 23 77 0.385
43 7 52 -0.791
29 31 98 -0.210
12 29 27 -1.054
21 20 114 0.570
42 11 54 -0.851
20 20 3 -0.867
13 42 32 -0.815
14 39 142 -0.744
19 20 138 -0.073
43 14 128 0.245
26 25 39 0.094
14 32 111 -1.036
31 28 134 -0.806
31 17 21 -0.948
13 35 149 -0.385
41 8 49 0.762
37 11 18 -0.180
16 31 38 -0.806
17 29 64 2.212
23 22 76 -0.726
41 20 88 -0.141
41 18 17 -0.847
24 28 99 -0.863
19 25 0 0.234
38 10 54 0.054
38 14 121 -0.555
18 30 101 -0.039
12 30 143 0.913
31 26 60 2.166
40 12 55 0.194
44 7 88 -0.380
22 26 38 -0.858
32 18 9 0.752
38 11 56 -0.411
35 6 118 0.751
41 11 54 -0.658
38 13 9 -0.263
10 36 146 -0.912
21 28 63 -0.345
43 7 90 -0.285
31 15 58 0.479
39 15 83 0.565
24 31 115 -0.880
32 22 118 -0.064
31 25 97 1.376
33 23 95 -0.350
25 27 25 0.012
16 33 113 -1.002
20 18 63 -0.600
42 10 17 -0.197
39 15 10 0.557
12 30 102 1.617
16 25 28 1.702
39 15 120 -0.886
16 22 1 -0.596
27 26 39 0.877
18 33 100 -0.273
31 20 98 -0.538
35 22 80 -0.056
27 26 135 -0.413
31 18 79 0.914
38 9 9 0.412
33 17 96 0.238
13 27 31 0.030
18 24 69 -0.361
20 34 101 0.624
16 36 102 -0.649
12 30 148 -1.063
18 25 64 1.443
38 10 121 -0.851
38 13 93 -0.878
15 35 144 -0.713
13 34 139 -0.993
14 24 68 -0.950
15 31 112 -0.806
35 14 58 0.182
37 9 127 -0.708
39 10 123 -0.559
34 20 96 -0.447
31 16 116 0.262
13 30 71 -0.030
11 30 69 -0.588
14 36 75 -1.072
19 20 2 -0.404
18 27 139 -0.346
12 42 147 -0.742
24 24 82 -0.617
33 24 95 0.332
28 22 41 -0.465
38 24 132 0.369
29 26 115 -1.052
19 32 64 -0.686
16 34 100 -0.939
16 25 68 -0.096
42 11 17 -0.157
15 20 69 1.020
16 27 1 -0.397
13 41 140 -0.927
12 34 69 0.039
22 33 100 -0.391
34 9 121 -0.866
44 12 16 0.078
16 27 31 0.193
15 32 110 -0.987
30 28 135 2.483
36 12 50 -0.302
29 16 43 -0.792
19 21 75 1.982
30 15 22 -0.049
30 21 117 -0.456
15 35 74 -0.807
33 15 81 -0.493
42 12 16 -0.074
11 34 143 0.245
22 29 99 -1.050
43 14 129 -0.150
34 18 57 0.004
30 19 115 0.043
14 28 67 0.034
13 34 68 0.342
40 7 14 -0.262
31 19 40 -0.153
13 23 71 2.019
21 14 138 2.699
31 18 80 -0.318
25 27 59 -0.810
30 25 21 -0.817
16 26 31 0.017
14 29 103 -1.034
29 24 23 -0.317
32 6 119 -0.658
37 11 131 -0.954
14 33 110 -0.996
17 26 112 -0.090
41 13 88 0.388
19 17 138 0.466
14 36 109 0.278
20 20 2 -0.213
12 33 66 -0.952
12 37 72 -0.348
27 31 99 -0.323
16 33 144 3.367
40 15 122 0.213
9 44 102 -0.659
25 28 23 0.776
13 33 30 1.407
36 12 20 -0.729
37 19 94 -1.004
15 26 34 0.605
22 23 4 -0.978
31 17 77 0.988
40 7 15 -0.445
39 10 47 -0.402
26 26 99 -0.978
10 35 30 -0.152
36 20 18 -0.753
26 27 59 -0.822
27 14 82 -0.774
26 20 44 -0.675
29 27 21 -0.976
17 36 38 -0.674
39 12 54 -0.467
12 40 30 -0.765
44 9 15 -0.371
29 27 60 3.086
34 25 58 0.210
43 11 126 -0.834
15 32 66 -0.508
39 19 55 -0.750
21 28 25 0.729
30 18 134 -0.675
25 30 100 -0.099
31 17 41 0.927
35 14 133 -0.106
27 19 61 2.752
17 21 113 0.246
23 23 24 1.426
16 29 74 1.652
39 9 124 -0.225
28 24 41 -0.469
37 13 89 -0.310
14 41 66 -0.266
40 14 88 -0.459
38 12 123 -0.451
34 14 83 -0.147
37 19 130 -1.037
11 21 107 -0.079
15 31 142 2.413
11 42 102 -0.768
14 23 71 1.294
38 17 131 -0.860
22 25 4 -0.920
19 28 139 0.353
27 18 4 -0.357
39 18 93 -0.927
9 38 109 -0.111
37 15 131 -0.836
31 15 115 -0.695
11 32 30 -0.521
39 12 52 -0.140
34 19 56 0.579
31 21 42 0.443
27 28 25 -0.650
33 25 58 0.043
14 34 109 -0.647
22 28 38 -0.867
11 30 143 3.209
13 32 31 -0.859
18 20 65 1.118
42 8 126 -0.965
26 21 60 -0.671
23 25 37 -0.446
43 9 49 -0.964
15 32 142 3.921
13 37 71 -0.799
16 24 68 0.215
42 17 129 -0.632
31 19 41 1.413
25 34 25 -0.558
29 18 39 1.639
36 18 80 -0.489
20 22 74 -0.772
32 21 133 0.135
39 14 54 -0.039
16 30 104 1.825
12 24 31 -0.002
17 34 148 -0.394
26 29 23 -0.805
30 15 21 1.169
29 21 117 -0.889
30 28 22 2.238
14 27 31 0.960
19 35 64 0.539
18 32 26 -0.977
31 18 135 1.677
31 23 133 -0.926
38 14 18 -0.272
32 14 10 -0.746
25 22 59 -0.101
33 17 6 0.169
14 30 31 0.362
33 11 48 -0.443
14 20 73 0.286
35 21 94 -0.671
29 28 115 -0.920
38 9 84 -0.125
34 6 119 0.521
27 27 79 1.169
33 11 9 -0.255
13 36 72 0.883
30 21 95 -0.507
37 16 92 -0.750
8 38 102 -0.660
39 7 131 -0.872
36 13 45 0.505
38 14 88 -0.261
39 12 83 0.315
40 14 18 -0.730
23 27 63 -0.647
25 31 60 -0.885
35 9 47 -0.599
35 21 132 -0.586
23 33 114 -1.031
27 17 79 -0.209
33 27 133 -0.831
28 23 44 -0.706
12 36 67 -1.044
41 7 14 -0.906
15 26 74 0.735
11 27 144 4.167
41 15 50 1.584
25 15 78 -0.765
27 20 40 2.018
15 21 34 0.246
42 8 51 -0.819
29 14 117 -0.813
18 35 138 0.920
12 23 69 1.012
22 19 114 2.224
30 24 115 -0.727
14 37 67 -0.290
17 27 104 1.740
17 33 37 -0.823
27 31 25 -0.360
40 12 83 0.140
27 21 120 -0.545
34 23 7 -0.489
37 20 121 -0.564
35 14 117 -0.844
39 10 131 -0.859
15 25 147 0.448
32 18 56 -0.915
20 23 112 3.794
37 14 8 -0.185
39 18 92 -0.440
34 16 86 -0.976
42 17 88 0.006
37 15 46 -0.173
27 22 117 -0.176
38 10 9 0.547
37 17 56 0.181
15 29 109 -0.698
23 23 114 2.437
37 19 133 0.722
39 5 126 -0.608
38 10 129 -0.578
24 21 60 -0.811
38 6 123 -0.719
38 7 54 -0.700
37 12 84 -0.862
40 10 92 -0.879
34 8 8 -0.338
9 34 107 -0.973
35 18 132 -0.689
38 8 51 0.018
21 24 63 -0.118
34 15 83 -0.777
20 24 76 0.001
20 22 63 -1.057
32 17 20 -0.907
39 10 48 -0.450
21 27 1 0.579
22 28 138 -0.106
35 10 127 -0.569
36 8 85 -1.001
33 19 58 -0.232
39 20 94 -0.943
35 8 11 0.592
35 11 7 0.084
38 15 124 -0.963
31 17 117 -0.601
18 26 26 -1.021
24 9 78 -0.626
22 21 114 1.115
33 20 7 -0.412
22 26 25 0.872
27 32 62 -0.264
19 35 26 -0.955
18 26 65 1.303
14 22 103 5.306
33 18 80 -0.423
36 19 132 0.257
13 27 36 4.321
17 27 102 -0.340
33 21 58 0.103
16 32 36 2.757
24 12 0 1.732
31 14 81 -0.439
39 14 17 -0.071
32 23 81 -0.827
16 22 75 1.262
38 12 48 -0.512
22 30 24 0.009
19 30 73 -0.883
18 34 1 0.176
38 15 45 -0.610
19 27 2 -1.011
43 9 16 0.033
14 33 147 -0.672
29 22 98 -0.892
23 26 135 -0.684
19 18 138 -0.578
40 18 54 -0.354
41 13 16 0.197
35 12 54 -0.748
14 25 106 2.104
24 34 77 -0.846
23 16 3 -0.009
31 16 120 -0.900
34 20 58 0.060
39 15 122 -0.063
22 20 136 -0.378
33 12 119 -0.744
34 16 43 0.528
41 15 126 -0.609
14 33 66 0.640
37 10 90 -0.971
43 7 12 -0.855
38 6 131 -1.025
13 31 106 3.191
38 13 121 -0.730
31 20 58 -0.646
14 37 72 -0.737
11 31 69 0.296
27 21 78 0.828
21 24 139 -0.659
36 21 94 -0.832
35 20 80 0.049
27 21 24 1.860
10 41 72 -0.815
36 19 19 -0.423
28 24 44 -0.882
39 9 89 0.518
12 29 66 1.214
12 38 143 0.481
30 27 21 -0.976
10 36 106 0.433
17 29 74 -0.977
37 8 124 0.085
40 8 125 -1.033
12 36 30 0.405
19 23 113 -0.091
39 12 126 0.295
18 25 76 0.005
14 42 147 -0.676
15 30 110 -0.867
41 15 124 -0.882
26 23 62 -0.327
8 36 109 0.203
17 25 27 -0.889
35 14 8 0.171
38 9 123 -0.477
16 31 142 4.360
41 5 84 -0.113
29 28 22 -0.927
30 27 97 -1.059
40 12 52 -0.629
40 11 55 -0.055
37 25 132 0.181
17 31 112 0.539
10 32 143 1.454
37 14 83 0.302
42 15 93 -0.911
14 22 29 -0.798
24 30 23 -0.332
36 5 7 -0.669
31 28 43 -0.544
16 23 34 1.216
41 7 46 -0.712
37 7 123 -0.638
28 16 116 0.764
21 29 138 0.088
22 26 0 -0.871
13 26 33 0.126
25 30 23 0.501
25 26 61 -0.884
38 20 56 0.092
17 37 67 -0.632
14 37 145 0.918
28 19 60 -0.781
43 9 50 -0.764
35 16 58 0.730
28 29 26 -0.720
33 18 20 -0.141
22 19 76 -0.224
13 30 110 -0.818
39 14 88 -0.115
31 28 58 -0.350
29 21 97 -0.832
13 36 109 -1.040
41 7 49 0.181
42 9 52 0.420
33 21 80 -0.348
16 36 137 -0.438
25 25 61 -0.086
41 17 17 -0.408
18 28 110 -0.548
20 19 110 0.214
39 18 88 -0.126
31 14 7 -0.195
28 20 114 1.813
31 19 44 -0.310
28 26 60 1.270
20 23 0 -0.452
41 12 15 -0.676
10 34 145 -0.821
32 18 79 -0.830
32 26 133 -0.857
11 37 72 0.215
25 20 3 0.634
15 36 106 0.062
26 13 116 0.371
15 24 144 -0.517
35 24 95 -0.232
30 25 23 -0.165
28 19 59 -0.205
38 19 83 -0.880
16 31 148 0.288
31 16 41 0.909
12 39 102 -0.659
22 22 2 0.926
32 26 95 -0.004
36 1 131 -1.052
29 12 44 -0.350
24 29 26 -0.290
13 35 33 -0.491
18 33 104 0.385
23 24 24 1.047
32 28 22 0.139
24 28 63 -0.695
35 15 10 -0.273
25 19 2 0.097
36 17 6 1.984
38 17 120 -0.261
12 31 33 0.592
42 15 52 0.264
7 38 108 -0.458
10 40 72 -1.066
41 9 83 0.131
40 15 129 -0.528
31 21 97 2.266
12 40 102 -0.646
44 9 124 -0.322
12 31 72 0.303
23 33 78 -0.739
22 19 27 -0.405
43 9 15 -0.375
15 25 1 -0.632
43 7 51 -0.934
18 30 112 0.355
18 27 113 -0.730
39 4 12 1.165
38 13 49 0.380
23 33 25 1.655
30 21 5 -0.982
11 44 139 -1.020
20 29 2 -0.158
40 6 126 -0.651
37 14 131 -0.782
17 40 137 -0.555
29 21 115 -0.985
35 7 87 -0.976
10 33 30 -0.265
38 9 45 0.143
28 21 39 0.015
24 34 24 -0.569
37 18 131 -0.444
9 33 108 -0.600
17 20 27 -0.959
37 7 13 -0.484
30 14 5 -0.055
37 10 15 -0.554
17 22 110 -0.737
16 31 112 -0.629
15 31 144 1.127
13 26 103 1.389
35 8 82 0.691
25 30 4 -0.994
30 12 7 0.482
34 7 45 -0.332
32 24 59 -0.376
14 43 111 -0.977
38 16 132 -0.850
38 11 130 -0.144
41 9 126 -0.676
15 30 140 1.323
35 17 132 -0.827
20 25 76 -0.281
10 37 30 -0.574
10 32 109 0.304
15 23 148 2.007
26 30 77 0.469
30 26 58 -0.658
30 25 120 -0.642
40 4 12 -0.910
20 40 138 -0.638
30 13 40 0.757
13 28 107 0.618
23 17 118 -0.625
43 11 46 0.186
31 16 43 0.134
24 26 61 -0.558
41 4 11 -0.602
35 20 18 -1.007
16 27 34 -0.045
18 33 102 0.167
21 29 38 -0.826
30 17 96 -0.759
29 35 96 -0.459
19 29 38 0.324
32 14 44 -0.069
41 9 86 0.042
12 32 66 -0.577
19 30 2 0.152
12 33 70 0.887
25 28 62 0.495
39 15 88 -0.114
13 41 66 -0.089
13 28 142 -0.394
29 14 5 0.023
24 25 25 0.439
16 32 100 -0.697
31 26 96 -0.471
22 17 138 1.138
32 17 117 -0.555
39 13 49 -0.304
18 23 111 -0.885
24 21 4 -0.904
25 27 61 -0.025
29 21 41 -0.669
12 32 33 1.380
29 35 60 -1.030
16 27 69 1.490
26 26 136 -0.904
29 19 5 -0.274
26 27 114 0.483
14 37 74 -0.822
28 24 60 -0.580
11 34 65 -0.975
12 33 30 0.207
36 12 13 -0.673
9 45 102 -0.878
11 26 66 1.416
13 40 143 -0.300
36 22 20 -0.586
33 16 9 0.869
14 34 112 -0.689
35 18 45 -0.371
28 26 59 -0.118
38 6 12 1.325
34 24 133 -0.545
18 26 112 -0.905
18 29 144 -0.597
12 33 103 2.007
33 21 81 -0.575
29 28 116 -0.850
36 6 84 -0.469
23 19 138 1.499
32 14 45 -0.889
38 15 18 -0.345
19 31 37 0.225
30 20 21 0.176
42 5 16 -0.821
29 23 77 0.465
16 31 144 1.340
18 39 140 -0.905
35 13 121 -0.778
31 22 136 2.124
31 29 96 -0.459
14 28 147 1.191
23 21 149 -0.806
35 9 80 -0.165
36 18 133 0.723
41 15 18 -0.609
24 25 24 1.332
26 23 97 -1.072
31 23 134 0.152
20 22 4 -0.890
21 28 0 -0.724
38 19 86 -0.804
13 27 72 0.013
18 16 34 0.585
40 11 51 -0.418
24 33 114 -1.049
16 32 110 -0.698
34 9 45 -0.336
16 27 28 3.720
28 24 135 0.110
11 25 105 5.900
13 36 71 0.498
33 21 119 -0.279
37 2 131 -1.011
38 7 16 -0.827
15 33 147 -0.944
16 33 69 -0.603
28 20 118 0.050
30 21 136 2.607
15 36 0 -0.710
40 12 128 -0.259
43 7 126 0.292
41 13 54 -0.822
12 31 149 -0.166
17 25 73 1.794
36 16 93 -0.653
15 30 33 0.529
16 29 32 0.134
28 22 61 0.323
43 6 88 0.398
39 17 128 -0.225
19 21 138 1.383
35 17 18 -0.914
33 21 134 0.200
35 11 119 -0.275
21 20 112 2.714
21 15 0 -0.430
16 35 104 -0.524
29 22 21 -0.637
39 21 19 0.116
16 28 142 2.357
37 8 85 -1.051
14 26 2 -1.100
39 3 12 1.235
15 25 28 -0.422
43 10 126 0.774
14 34 32 4.641
36 15 131 -0.963
38 17 8 0.539
32 27 133 -0.923
30 29 94 -1.009
40 15 130 -0.596
22 26 26 -0.569
22 20 27 0.095
20 25 2 -0.011
29 26 135 1.354
15 37 66 -1.016
40 2 131 -0.992
40 12 17 -1.019
28 26 116 -0.884
11 40 30 1.360
33 19 43 0.270
28 17 78 1.172
18 33 27 0.078
12 37 30 1.689
26 16 38 0.312
14 32 70 -0.524
38 17 121 -0.566
16 23 33 1.519
32 13 10 -0.379
40 12 130 -0.533
36 14 6 -0.868
35 14 132 -0.959
29 23 59 0.009
24 30 100 1.754
36 14 89 -0.445
37 17 131 -0.984
40 8 124 -0.019
14 26 36 4.155
45 12 52 0.034
32 25 58 -0.154
25 25 38 -0.850
32 21 40 -0.642
15 22 70 -0.239
38 20 131 -0.930
27 18 39 2.207
29 21 135 0.829
38 16 90 -0.838
25 24 114 -0.247
22 31 100 0.331
29 24 96 -0.743
33 18 91 -0.743
21 35 100 -0.512
40 7 92 -0.158
27 31 115 -0.953
26 29 114 0.605
39 12 51 0.599
35 14 131 -0.837
30 23 43 -0.589
13 40 105 0.817
34 14 91 -0.966
12 31 70 0.472
21 14 0 -0.308
30 13 77 0.996
29 23 23 -0.343
26 24 114 0.170
27 20 76 -0.662
26 34 23 -0.808
37 10 130 0.075
19 34 64 -0.344
25 33 23 0.760
18 37 137 -0.446
36 21 6 1.287
42 12 124 -0.757
19 33 139 -0.517
10 39 30 -0.791
16 34 143 -0.429
13 28 106 2.852
35 15 122 -0.340
17 21 110 -0.068
35 14 49 -0.328
35 21 81 0.600
0 44 108 -1.044
34 16 118 0.081
40 12 10 0.332
19 29 2 -0.978
12 41 112 -0.782
42 11 128 0.331
39 15 9 -0.260
12 40 35 1.504
31 22 120 -0.812
11 24 67 -0.984
35 9 44 -0.533
11 20 33 1.477
20 15 75 -0.744
15 37 144 2.255
32 7 119 -0.807
27 16 114 2.004
36 21 91 -0.293
19 31 65 1.388
26 29 62 0.866
11 32 143 1.542
38 14 122 0.056
37 22 95 0.020
24 30 99 -0.562
42 15 51 0.707
12 39 70 1.204
18 37 148 0.235
35 9 85 -0.902
20 17 2 1.382
37 15 129 -0.918
38 11 126 0.315
35 14 124 -0.077
35 23 57 0.172
36 16 57 -0.535
15 24 73 0.950
19 22 148 0.319
15 28 142 4.617
37 16 9 -0.877
13 33 107 -0.349
37 20 19 0.123
25 24 136 -0.725
37 9 47 -0.953
15 30 104 -0.491
16 35 137 -0.657
42 8 14 -0.486
19 33 73 -0.292
35 13 43 0.457
22 33 99 -0.592
12 32 146 1.374
41 13 11 -0.651
35 13 46 0.083
30 15 5 -0.093
12 33 109 -0.621
34 4 45 -0.325
33 15 10 0.928
15 23 141 1.076
26 29 136 -0.926
24 15 76 1.732
10 40 30 -0.940
36 5 82 0.880
13 33 32 0.908
41 13 128 -0.387
27 20 61 0.245
37 13 85 -0.918
38 12 83 0.039
23 37 77 0.001
36 11 10 1.466
35 14 126 -0.632
12 39 30 0.160
42 11 49 -0.696
40 10 130 -0.312
28 22 39 -0.871
41 11 16 0.164
31 21 57 -0.863
11 25 33 1.150
10 36 109 -0.292
27 22 60 0.048
15 25 141 0.254
44 4 126 -0.122
11 23 107 -0.645
37 14 20 -0.525
39 5 12 1.117
38 15 123 -0.126
36 21 95 0.204
34 10 121 -0.808
18 30 68 -0.700
29 18 23 -0.694
23 35 77 -0.579
37 19 83 -0.546
36 6 11 0.556
11 32 107 -0.675
42 19 125 -0.148
14 28 31 0.110
16 33 103 -0.709
16 27 144 0.945
22 16 63 -1.060
22 23 101 -0.260
22 23 2 -0.478
20 32 101 0.154
38 17 87 -0.893
15 30 71 0.580
18 21 33 1.482
16 30 34 -0.491
16 33 68 -0.956
41 18 91 -0.292
34 13 54 -0.766
36 21 20 -0.515
30 22 133 -0.531
23 19 3 -0.828
27 20 114 1.729
12 35 106 3.271
38 15 93 -0.914
33 9 123 -0.563
38 11 121 -0.363
38 17 128 -0.522
37 13 7 -0.723
29 23 61 1.490
30 21 98 1.767
35 16 82 -0.468
16 27 142 4.543
33 20 19 -0.334
15 33 102 -0.413
14 32 75 -0.684
24 32 77 -0.438
18 27 37 0.828
25 28 24 1.518
34 14 81 -0.542
27 23 82 -0.533
28 21 23 -0.515
16 32 142 -0.263
35 7 118 0.966
36 18 93 -0.701
7 35 145 -0.918
37 19 81 0.804
38 18 86 -0.856
16 31 75 -1.022
28 22 134 -0.617
37 23 120 0.086
36 25 132 0.107
28 14 116 0.896
35 11 47 -0.276
28 31 59 -0.702
19 31 140 0.181
38 9 15 0.257
13 25 141 -0.353
14 34 103 1.086
14 32 149 -0.982
23 22 3 -0.972
21 26 101 1.015
13 27 66 0.797
32 18 41 1.343
34 21 119 -0.892
11 39 145 -0.431
17 41 137 -1.065
12 43 147 -0.848
31 5 79 -0.038
28 20 115 -0.880
15 37 33 1.235
33 18 40 -0.833
13 24 69 -0.197
39 9 16 -0.429
39 8 11 -0.595
19 30 1 -0.955
40 17 53 -0.123
12 30 144 -1.036
13 30 72 0.361
11 26 31 -0.585
14 26 31 -0.201
28 17 4 -0.538
19 19 110 1.660
39 9 90 -0.467
21 30 63 0.115
8 32 146 -0.907
11 21 105 3.317
41 8 88 -0.700
21 24 75 1.982
34 24 58 0.287
39 9 9 0.601
30 24 57 -0.540
37 5 18 0.045
15 28 105 1.374
33 19 6 0.826
16 37 147 -0.980
33 22 59 -0.697
38 7 91 -0.382
16 26 140 2.805
11 28 143 0.839
30 22 44 -0.379
19 25 64 -0.407
36 10 121 -0.442
27 28 23 -0.233
25 20 4 -0.456
41 12 52 -0.171
19 26 149 -0.802
15 40 148 1.695
30 21 43 -0.736
41 11 46 0.185
19 17 31 -0.478
29 20 21 -0.706
15 31 32 4.547
12 38 30 -0.496
37 9 85 -0.665
36 23 20 -0.402
21 22 0 0.801
40 21 55 -0.539
31 17 81 -0.501
38 5 15 -0.082
45 4 88 -0.311
31 24 21 1.172
20 21 2 0.714
19 26 63 -0.552
40 7 16 -0.485
35 13 85 -0.880
34 17 54 -0.872
30 26 41 -0.102
39 14 89 0.681
34 10 9 0.205
40 9 51 -0.879
35 22 7 -0.237
10 27 105 2.479
23 23 4 -0.920
39 21 55 -0.420
31 19 96 -0.987
20 24 25 0.522
35 20 118 0.103
15 28 75 0.143
31 23 40 1.141
9 30 35 0.043
16 22 29 -0.957
41 15 46 -0.014
24 24 3 -0.977
28 13 116 0.490
32 19 96 -0.795
14 34 66 -0.435
30 21 21 1.110
30 22 42 0.442
41 5 12 0.684
23 20 38 -0.812
40 7 123 -0.716
36 10 12 0.406
14 26 33 0.710
40 18 11 0.144
36 21 56 -0.068
42 2 12 -0.948
41 16 128 -0.050
38 8 16 -0.649
28 22 77 0.662
40 9 9 0.430
41 13 92 -0.645
21 30 113 -0.752
36 16 49 -0.290
41 9 129 -0.281
17 31 36 2.635
38 4 12 0.393
23 22 113 -0.428
13 35 142 4.363
14 25 149 0.003
39 15 90 -0.787
34 20 57 -0.584
36 10 87 0.774
17 29 104 0.783
27 16 42 -0.028
29 29 98 -0.564
36 8 15 -0.788
10 40 107 -1.015
35 18 56 0.130
42 11 11 -0.460
21 31 5 -0.495
45 14 129 0.019
21 27 2 -0.061
35 17 20 0.106
18 37 67 -0.783
21 30 28 -0.531
24 21 99 -0.585
33 22 43 0.327
12 37 32 -0.145
13 27 144 0.727
12 31 34 -0.889
10 35 143 -0.839
15 31 146 1.342
39 11 85 0.195
12 33 105 2.386
27 16 82 -0.751
18 25 139 0.342
36 8 124 -0.019
45 6 16 1.242
35 22 57 -0.153
31 19 81 -0.805
16 33 75 0.494
29 26 100 1.611
40 3 16 -0.516
41 14 128 0.123
25 31 26 -0.413
9 28 102 1.120
44 4 50 -0.845
43 8 15 -0.442
35 27 94 -0.734
22 32 26 -0.746
41 8 126 -0.949
41 9 46 -0.721
37 10 87 0.325
11 39 106 0.678
20 33 137 -0.693
17 30 26 -0.268
30 17 79 -0.394
41 6 16 -0.412
17 31 65 -0.006
25 17 5 1.588
28 20 97 -0.766
23 27 37 -0.601
26 17 2 -0.803
37 12 54 -0.700
31 21 120 -0.635
41 7 124 -0.188
34 10 85 -0.834
15 35 33 0.802
28 26 41 -0.314
23 28 1 2.098
23 19 136 -0.301
42 10 49 -0.436
41 14 88 -0.054
19 37 140 -0.688
6 45 108 -0.955
13 37 105 0.675
23 27 24 -0.272
19 14 149 0.068
42 0 12 -0.909
35 9 11 0.606
36 12 120 -0.509
15 38 140 -0.071
18 21 73 2.476
33 13 117 -0.130
22 32 0 -0.372
14 34 148 1.256
22 17 0 1.291
30 21 135 -0.483
15 28 67 0.053
12 33 69 0.488
21 34 101 0.928
10 43 109 -0.921
16 28 32 0.141
29 20 22 0.514
22 21 63 -0.896
42 14 92 -0.024
37 13 90 -0.449
36 14 87 0.447
35 24 57 -0.861
32 25 95 -0.356
26 16 3 0.516
19 27 65 -0.038
29 30 135 -0.076
23 16 1 3.047
35 22 6 0.774
17 23 65 1.203
18 34 101 -0.128
34 19 7 0.467
26 20 97 -0.989
17 22 28 -0.139
16 29 104 -0.222
31 27 133 -0.781
38 16 91 -0.505
43 11 49 -0.064
39 16 123 -1.033
37 18 87 -0.238
17 24 37 0.850
37 6 86 0.899
13 32 110 -1.045
14 28 70 0.059
39 12 47 -0.630
30 19 79 -0.746
11 39 30 1.602
22 16 76 1.664
8 39 102 -0.822
38 15 55 -0.339
19 27 0 0.297
24 26 99 -0.637
15 33 67 0.472
31 19 120 -0.620
41 15 125 0.239
16 29 102 -0.306
27 15 61 2.539
39 7 90 -0.575
11 34 106 -0.477
19 21 63 -1.078
41 10 92 -0.093
14 29 142 1.910
34 16 79 0.056
32 24 21 1.200
36 20 19 -0.405
32 10 119 -0.766
37 13 121 -0.884
40 6 15 -0.398
30 28 96 -0.473
41 14 13 0.768
35 22 82 -0.777
12 29 35 1.680
29 32 134 -0.936
41 12 46 0.421
25 21 39 0.478
14 24 71 1.582
12 31 107 -0.365
22 33 114 -1.045
18 22 27 -0.893
9 35 146 -0.703
43 4 126 0.105
41 19 125 0.274
16 27 27 -0.650
39 8 52 -0.759
34 11 83 -0.996
36 19 120 -0.088
23 17 3 -0.427
33 27 97 -0.769
11 37 107 -0.985
43 15 53 -0.896
32 24 97 2.744
21 21 0 1.262
35 14 54 -0.798
12 22 105 6.803
28 27 136 1.669
37 13 129 -0.914
32 22 59 -0.373
26 32 23 -0.659
11 39 102 -0.838
21 16 75 -0.539
13 27 106 1.502
29 16 22 0.818
18 29 1 0.422
18 25 111 -0.818
13 34 67 -0.135
31 12 7 -0.330
26 33 23 -0.665
30 9 4 -0.616
24 29 99 -0.909
25 26 149 -0.921
9 34 35 0.544
32 17 81 0.097
19 23 26 0.527
13 28 111 -0.059
17 33 33 -0.373
40 9 129 -0.462
17 22 74 -0.263
21 16 0 0.456
13 33 143 -0.539
19 29 76 -0.181
40 7 91 -0.846
28 27 79 0.940
12 24 33 2.354
30 30 22 1.423
26 25 135 0.176
15 36 36 1.032
16 32 37 5.805
32 12 4 -0.461
40 12 90 -0.594
16 32 105 0.403
12 19 33 1.745
29 28 62 -0.088
14 27 27 -0.788
26 25 62 1.143
25 16 116 -0.009
40 10 49 0.422
33 21 95 0.120
15 32 143 -0.527
11 37 70 -0.044
11 35 107 -0.875
22 21 139 0.426
19 34 73 -0.411
34 20 80 -0.574
17 28 27 -0.517
31 17 79 -0.021
25 23 61 -0.789
7 33 108 0.167
32 21 58 0.143
18 38 148 0.037
42 7 50 -0.331
15 29 144 0.617
21 30 64 -0.733
24 30 0 -0.821
20 33 101 -0.255
36 8 10 1.101
38 18 17 -0.061
30 21 134 -0.653
31 15 117 -0.525
12 36 66 1.460
28 16 117 -0.988
22 27 2 -0.858
35 17 133 0.651
13 27 33 0.451
19 31 27 1.092
33 21 43 0.099
39 15 55 -0.874
37 8 48 -0.182
32 18 42 -0.188
42 9 49 -0.912
41 11 124 -0.104
20 39 138 -0.630
37 20 6 1.054
24 26 139 -0.597
30 25 60 2.557
18 19 63 -0.432
43 13 129 0.076
15 24 72 -0.400
42 15 86 -0.852
15 38 102 -0.441
26 17 39 1.789
14 34 0 -0.660
14 33 103 2.551
29 36 96 -0.504
22 19 0 1.856
22 32 78 -0.868
16 32 143 -0.427
34 18 7 0.369
9 34 102 -0.509
8 35 102 -0.067
14 31 70 -0.215
34 13 119 -0.730
38 17 80 0.344
40 12 16 0.004
11 34 35 -0.014
15 25 144 1.687
38 7 90 -0.509
38 5 85 -1.053
40 10 129 -0.946
15 29 32 1.844
36 13 85 -0.925
13 19 34 0.501
23 21 26 -0.190
40 10 127 0.070
38 12 56 -0.530
22 29 139 -0.270
12 37 68 -0.157
35 4 8 -0.099
39 11 86 -0.102
42 8 127 1.018
11 22 105 4.713
15 34 113 -1.017
42 3 17 0.513
27 20 116 -0.485
30 24 61 1.852
33 26 58 -0.181
33 8 123 -0.706
21 27 38 -0.928
35 10 49 -0.865
40 7 89 -0.529
42 8 12 -0.833
17 27 74 0.223
32 7 7 -0.636
20 18 110 -0.141
12 30 33 0.695
32 9 81 -0.554
31 18 44 -0.357
23 25 136 -0.221
27 27 61 -0.684
37 11 85 -0.654
14 37 146 -0.130
33 13 20 0.083
40 17 130 -0.580
33 22 95 0.274
22 29 2 -0.832
38 19 93 -0.960
36 16 20 -0.472
22 31 63 -0.985
30 20 22 0.206
23 25 113 -0.130
15 25 104 1.688
19 28 26 1.152
11 33 146 0.794
14 26 142 1.402
42 4 12 -0.727
34 10 45 -0.208
39 16 87 -0.749
31 14 79 0.236
17 25 141 2.424
28 19 61 0.015
13 41 70 0.589
21 30 77 -0.541
27 29 59 -0.686
24 21 116 -0.642
19 38 138 -0.590
20 26 111 -0.958
16 34 65 1.714
40 9 52 -0.815
20 23 110 1.596
12 36 70 1.349
29 26 96 -0.742
37 23 132 0.246
40 14 87 1.004
19 29 28 -0.536
16 39 113 -1.013
31 27 59 -0.575
15 33 105 0.750
44 6 17 -0.662
27 15 40 2.594
36 9 118 1.426
38 10 8 0.429
19 30 100 -0.359
25 19 97 -1.052
31 16 77 -0.141
22 20 62 -0.908
24 24 24 1.563
22 16 1 0.176
22 21 27 0.095
37 12 10 -0.180
42 9 50 0.907
31 11 118 0.561
26 18 4 -0.582
13 34 69 0.809
16 36 113 -0.987
36 17 45 -0.125
26 30 60 -0.880
37 14 56 -0.179
33 0 82 -0.724
42 14 83 -0.139
16 23 145 -0.777
38 16 55 -0.646
11 31 102 1.114
27 27 136 0.152
35 21 19 0.008
24 30 25 -0.382
39 12 11 -0.214
16 32 140 0.202
12 32 32 0.462
17 25 34 -0.080
41 17 125 0.220
20 26 76 -0.164
37 8 44 -0.657
20 35 26 -0.834
30 27 41 0.224
40 10 84 -0.320
18 32 139 -0.436
12 30 147 -0.318
29 17 40 2.387
26 26 44 0.587
16 25 1 -0.690
24 26 1 2.299
13 42 102 -0.327
25 26 25 2.913
40 8 16 -0.420
25 18 76 1.914
34 14 133 0.024
9 40 35 -0.883
12 25 106 2.187
24 27 136 -0.590
16 19 1 -0.621
17 30 70 -0.935
16 22 70 -0.136
23 35 137 -0.950
11 42 146 0.225
44 12 88 -0.553
39 11 124 -0.916
12 36 140 -0.965
22 20 0 -0.343
14 32 140 0.807
16 23 31 0.513
42 18 91 -0.622
16 31 74 -0.048
38 8 9 0.546
35 11 87 -0.927
38 10 91 -0.139
37 9 18 -0.115
24 20 76 1.493
36 11 120 -0.924
36 17 18 -0.858
22 23 139 0.119
24 16 4 -0.572
25 33 60 -0.968
14 29 36 4.856
45 17 51 0.208
16 35 72 -0.322
43 2 12 -0.754
10 33 143 -0.189
14 28 106 3.447
29 28 59 -0.655
30 23 58 -0.076
15 20 74 0.627
13 23 69 1.768
42 6 15 -0.105
31 14 96 -0.948
20 28 26 1.251
25 21 3 0.260
44 5 14 -0.853
11 40 71 -0.919
31 26 135 -0.010
43 15 129 0.087
28 22 44 -0.687
23 31 26 0.256
39 12 121 0.013
26 20 82 -0.606
41 9 50 0.802
12 35 30 -0.311
24 19 59 -0.375
15 34 66 0.468
17 31 27 -0.686
39 13 17 -0.175
39 10 56 -0.453
42 13 16 0.172
42 15 91 0.218
14 27 103 6.030
34 22 20 -0.340
16 27 72 -0.140
26 31 61 -0.679
9 43 102 -0.619
11 37 30 0.430
26 26 77 0.210
34 15 121 -0.461
27 29 21 -0.994
14 15 31 -0.500
38 8 84 0.576
29 25 22 -0.232
25 37 77 0.638
15 39 66 -0.800
32 15 6 0.129
25 30 0 -0.808
39 14 123 -0.182
25 30 114 -0.234
11 38 30 0.408
19 27 74 -0.564
15 28 145 -0.546
23 31 100 0.390
16 33 67 -0.645
16 36 68 0.346
31 20 6 -0.543
36 20 56 0.286
40 15 55 0.156
13 21 33 2.401
29 24 61 1.361
28 23 136 0.022
13 34 35 0.479
36 11 89 -0.701
33 10 121 -1.000
34 16 56 -0.798
17 35 38 -0.375
38 9 11 0.262
35 12 89 -0.710
30 25 22 1.474
16 24 31 0.760
14 28 144 2.939
18 19 73 2.064
40 14 86 -0.682
40 16 84 -0.684
28 16 97 -0.893
39 5 131 -0.889
35 24 19 0.090
32 21 6 -0.128
38 11 90 -0.435
17 43 137 -1.005
25 29 24 -0.729
32 13 42 0.490
20 19 149 0.121
40 13 14 -0.539
30 28 98 -0.897
28 24 98 -0.335
23 23 76 -0.517
38 6 15 0.448
14 32 146 1.292
39 10 49 -0.393
37 9 50 -0.307
17 31 37 4.395
13 22 29 -0.799
38 3 46 -0.868
22 19 3 -0.303
34 16 19 0.175
15 29 141 -0.140
28 19 4 -0.399
34 22 96 -0.322
31 17 5 -0.469
35 10 87 -0.923
17 34 141 -0.529
31 11 119 -0.698
42 7 127 0.807
32 19 5 -0.319
28 31 115 -0.990
8 40 108 0.712
21 37 100 -0.533
40 11 47 -0.183
8 38 35 -0.853
34 18 19 -0.877
21 19 63 0.028
19 33 137 0.331
9 40 109 -0.309
31 9 45 -0.958
14 32 147 -0.430
16 23 1 -0.796
21 21 38 0.841
37 15 127 0.494
25 27 23 0.535
31 26 43 -0.391
36 3 7 -0.344
38 10 87 0.257
34 15 53 -0.997
17 28 103 -0.957
40 10 87 0.829
32 16 5 -0.132
29 26 134 -0.307
36 6 83 -0.721
21 18 31 -0.618
20 26 3 1.347
16 29 31 0.008
23 24 76 0.266
39 13 84 0.535
11 34 107 -1.007
39 14 55 -0.526
32 22 42 1.511
18 30 26 -0.592
29 23 115 -0.705
19 28 33 -0.941
14 32 110 -1.004
15 31 72 -0.942
38 14 53 0.643
19 19 138 -0.143
30 28 94 -1.009
37 19 131 -0.962
18 29 113 -0.839
12 27 66 0.867
38 4 87 -0.878
39 0 12 -0.934
15 32 145 -0.559
30 16 79 -0.361
39 10 91 -0.871
19 23 27 0.300
41 10 122 0.271
30 22 118 -0.802
19 24 64 1.010
37 13 93 -1.021
40 12 14 -0.179
35 12 83 -0.954
13 38 104 -0.690
42 6 12 -0.818
25 31 77 -0.035
30 29 22 1.905
35 17 43 0.242
14 27 74 -0.050
20 28 149 -1.027
28 22 23 -0.656
24 24 136 -0.158
36 10 83 -0.216
40 10 88 -0.640
41 11 15 -0.714
12 30 109 -0.760
13 37 140 -0.672
17 28 141 0.593
14 36 141 -0.646
35 19 80 -0.427
39 3 131 -0.949
37 18 56 0.001
17 22 113 0.563
39 13 11 -0.351
24 26 149 -0.954
21 18 0 -0.302
18 27 65 0.172
30 11 44 0.491
41 7 50 1.188
26 25 137 -0.694
11 37 146 -0.590
36 17 89 -0.415
42 18 130 -0.420
25 19 3 -0.078
41 8 90 0.056
13 30 102 1.417
25 27 99 -0.370
22 37 100 -0.509
38 11 10 0.497
19 28 73 -0.846
37 12 13 -0.742
40 16 18 -0.637
31 23 118 0.016
13 28 31 1.297
40 11 125 0.497
38 8 49 0.268
26 23 60 -0.444
13 32 69 0.705
11 34 30 0.118
39 10 122 0.305
22 24 37 -0.782
25 30 24 -0.613
19 35 101 0.733
16 26 29 -0.931
25 32 99 -0.718
16 36 104 -0.552
16 34 102 -0.286
19 23 65 0.028
38 9 51 0.248
20 26 138 1.702
14 35 140 -0.019
14 34 105 1.762
41 7 12 0.600
36 20 121 -0.633
42 9 17 -0.213
34 14 6 0.058
24 23 149 -0.948
25 24 5 0.564
28 17 80 -0.278
29 27 136 0.261
38 3 12 -1.032
25 25 137 -0.559
12 35 147 0.202
40 15 85 0.197
13 37 30 -0.917
40 16 46 0.010
35 21 95 -0.079
20 25 28 0.434
23 29 63 0.391
16 19 73 2.401
21 20 0 0.381
15 23 103 2.632
39 11 121 0.072
21 12 0 1.626
39 15 85 -0.130
17 30 31 -0.320
40 15 53 0.403
29 25 23 -0.293
28 30 136 0.948
39 8 15 -0.540
35 21 133 0.878
9 33 29 -0.621
32 20 6 -0.003
41 6 127 -0.504
28 15 116 -0.183
33 10 80 -0.017
23 34 99 -1.038
35 16 95 0.629
21 23 63 -0.020
26 23 59 -0.086
19 28 63 -0.433
26 25 136 -0.954
36 15 7 -0.440
40 5 84 -0.028
19 36 138 -0.455
36 23 7 0.060
27 28 42 -0.346
38 15 92 -0.490
29 14 79 -0.826
31 15 21 0.433
14 36 110 -0.836
35 2 85 -0.986
39 10 92 -0.956
34 18 41 0.623
15 29 149 -0.113
45 10 17 -0.469
39 12 93 -0.936
36 1 82 -0.357
43 11 16 0.125
25 23 38 -0.835
30 21 58 0.082
17 31 144 3.410
38 9 53 -0.886
40 5 16 -0.584
18 27 143 -0.728
23 25 25 1.985
30 27 98 -0.615
18 19 110 0.952
15 37 103 0.641
12 32 109 0.593
35 19 7 -0.066
20 24 2 -0.427
38 16 127 0.046
12 29 68 -0.345
27 25 98 0.479
13 37 139 -0.994
40 19 88 0.767
23 26 137 -0.691
20 22 76 -0.146
36 13 47 -1.029
42 8 53 0.599
34 17 47 -0.254
38 13 17 -0.011
34 24 7 -0.364
24 29 60 -1.042
36 9 87 0.387
39 13 86 -0.913
9 33 32 -0.592
35 19 118 0.163
35 16 94 -0.788
13 30 30 1.322
33 20 6 0.725
40 15 86 1.604
37 13 92 -0.777
13 22 33 2.077
20 23 1 1.396
18 27 27 0.867
13 39 147 -0.520
17 27 3 -1.070
17 28 29 -0.962
35 16 8 -0.123
40 20 55 -0.817
12 39 105 -0.031
42 6 46 -0.308
41 8 52 -0.906
27 15 82 -0.746
36 16 56 -0.504
21 28 79 -0.977
28 15 114 0.887
40 8 127 -0.015
32 13 121 -0.770
42 14 126 -0.648
14 35 142 -0.643
37 19 93 -0.959
27 26 62 1.020
15 42 75 -1.045
36 17 83 -0.395
35 6 82 0.830
26 12 4 -0.135
38 18 8 -0.224
38 14 48 -0.151
36 20 83 -0.625
25 16 137 0.189
25 27 62 0.319
35 14 46 0.061
39 5 11 -0.511
31 6 79 0.196
19 31 104 0.210
41 9 16 0.151
36 20 120 0.142
13 36 35 0.553
38 13 87 0.182
25 29 61 -0.109
10 33 145 -0.797
40 14 83 0.222
41 6 12 0.386
41 6 15 -0.428
11 31 143 0.001
12 28 105 2.396
26 29 60 -0.990
20 22 0 0.939
9 37 146 -0.463
27 30 40 -0.827
34 14 7 -0.099
35 20 19 -0.516
22 24 2 0.497
25 29 135 -0.713
11 24 105 5.946
11 44 102 -0.878
38 13 122 0.014
39 17 121 -0.432
32 24 42 2.172
22 38 100 -0.700
22 25 24 1.024
16 25 27 -0.914
40 6 127 -0.659
29 19 22 0.679
14 31 33 -0.208
19 27 28 0.772
41 7 127 -0.656
36 14 48 -0.514
26 16 117 -0.921
41 15 88 0.600
38 15 89 0.188
22 16 112 2.306
7 33 107 -0.882
15 26 70 0.014
36 8 118 1.561
27 19 60 -0.835
35 17 82 -0.494
31 22 42 0.217
45 8 126 0.143
17 31 143 -0.230
16 35 103 -0.390
41 12 14 0.500
27 19 23 -0.723
14 31 111 -0.660
42 13 124 -0.915
18 21 31 -0.331
11 26 67 -1.071
19 25 68 0.072
35 25 132 -0.001
40 14 13 0.456
33 19 19 -0.386
20 31 37 -0.427
41 12 49 -0.497
22 20 3 -0.149
14 35 33 1.359
22 28 149 -0.117
34 12 85 -1.020
30 14 79 -0.851
30 13 79 -0.329
15 31 74 0.668
42 8 92 -0.372
39 13 85 -0.165
25 26 99 -0.797
14 28 74 -0.587
39 8 89 -0.536
12 37 69 -0.376
12 35 34 -0.779
41 3 12 -0.706
28 24 77 -0.909
25 22 99 -0.794
19 27 64 1.304
22 23 27 -0.014
19 33 26 -1.035
33 18 19 -0.263
38 17 132 -0.655
40 3 15 0.003
31 16 117 0.027
36 21 57 -0.137
17 24 31 -0.525
15 25 146 0.917
36 19 94 -0.631
20 24 113 -0.035
39 19 88 -0.162
20 18 138 1.501
26 9 4 0.267
39 15 92 -0.506
19 22 138 0.372
23 22 28 -0.401
36 10 47 -1.005
16 22 27 -0.956
35 24 7 -0.301
21 28 101 -0.071
37 12 120 -0.521
15 35 149 -0.994
35 16 57 -0.612
14 33 105 2.896
21 25 2 -0.180
9 31 143 0.230
32 21 118 0.152
39 19 54 -0.254
11 37 104 -0.202
29 22 22 0.013
20 27 76 -0.102
12 39 143 -0.134
17 31 142 1.968
22 34 24 0.093
35 17 81 0.529
26 19 117 -0.217
13 33 68 0.178
7 32 108 -0.704
11 37 67 -1.062
15 33 71 -0.244
31 4 79 0.256
13 37 109 -0.791
29 18 41 -0.749
36 17 19 -0.365
40 18 17 -0.470
29 21 59 0.285
26 19 116 0.544
17 25 112 0.405
30 26 60 2.732
18 36 37 -0.873
29 22 42 -0.160
37 19 56 0.820
34 12 9 -0.150
16 23 73 0.620
34 21 19 -0.358
40 20 88 -0.084
13 39 68 0.149
35 16 20 0.507
34 7 48 -0.342
10 40 139 -1.018
27 20 39 1.056
36 18 18 -0.809
38 17 9 -0.917
23 25 63 -0.082
16 30 75 -1.025
23 12 0 1.778
21 29 26 -0.703
19 21 113 -0.112
41 10 11 -0.285
33 5 85 -0.375
10 31 68 -0.811
32 18 116 -0.745
12 34 107 -0.687
33 14 44 0.200
26 19 78 -0.713
38 3 131 -1.021
35 16 85 -0.924
27 25 40 -0.793
16 37 103 2.025
35 12 43 0.351
32 14 81 -0.702
22 28 2 -0.736
27 24 117 -0.095
39 10 9 0.120
34 25 95 0.173
37 12 49 -0.922
35 9 119 1.113
42 10 53 0.623
22 23 3 -0.233
13 29 107 -0.963
31 17 94 -0.889
14 30 29 -0.703
41 11 14 -0.068
11 33 32 -0.123
26 21 59 -0.085
31 16 119 -0.550
32 20 58 0.654
15 30 69 -0.604
32 22 57 -0.540
15 34 105 -0.124
15 32 104 1.015
41 14 48 -0.760
40 17 88 -0.171
40 11 124 -0.092
34 18 42 1.145
35 8 127 -0.644
14 29 105 2.602
14 26 66 -0.391
15 31 148 -0.290
43 15 49 -0.617
36 23 19 -0.189
31 24 42 -0.141
15 30 147 -0.526
35 19 95 -0.039
38 3 87 -0.921
42 6 90 -0.243
30 25 135 -0.305
11 36 68 -0.611
15 18 74 0.793
17 25 74 -0.179
40 11 54 -0.800
26 29 135 -0.984
13 40 29 -0.587
8 35 32 -0.389
40 15 54 -0.390
19 16 75 -0.329
14 22 106 1.710
38 20 94 -1.007
35 18 82 -0.663
29 28 134 -1.004
37 2 7 -0.690
20 29 75 0.669
12 29 67 -0.694
37 14 53 -0.846
23 24 112 1.176
15 27 72 0.009
24 25 116 -0.544
29 15 115 1.058
15 25 70 0.116
23 28 79 -0.959
15 31 38 -0.591
32 5 82 -0.902
23 33 99 -1.040
37 7 83 -0.519
14 20 34 0.561
18 28 113 -0.261
26 26 79 -0.809
40 15 125 0.045
17 37 72 -0.739
14 31 106 -1.041
28 14 4 -0.342
39 5 45 -0.669
16 25 110 0.248
26 20 116 -0.426
18 28 76 0.125
37 10 50 -0.246
32 23 40 -0.754
14 35 66 -0.147
21 18 2 1.439
28 24 136 0.774
19 26 113 -0.464
18 32 38 0.294
39 16 17 0.273
14 29 31 0.922
38 19 56 0.528
22 32 138 -0.168
14 32 103 3.220
13 38 66 -0.567
20 27 38 1.002
38 17 93 -0.923
38 13 124 -0.288
30 17 22 0.343
16 28 141 2.096
32 12 45 -0.922
26 22 79 0.911
25 13 4 -0.605
34 8 85 -0.008
26 20 59 -0.120
23 36 62 -0.767
34 10 7 0.035
20 27 27 2.095
9 34 65 -0.498
13 32 67 0.062
14 37 110 -0.998
14 44 111 -1.011
10 40 105 -0.415
21 32 65 -0.603
38 12 11 2.050
42 12 50 -0.184
38 18 57 -0.965
41 7 16 -0.231
17 33 67 0.054
19 31 113 -0.035
39 11 93 -0.973
41 4 16 0.611
13 38 67 -1.075
32 4 82 -0.858
32 21 98 -0.964
28 14 40 2.733
30 17 10 -1.016
29 25 59 0.060
11 32 142 -0.703
31 20 21 1.097
17 31 113 -0.832
30 23 23 -0.233
22 34 25 0.972
35 5 11 -0.246
34 26 95 0.769
24 19 2 0.249
37 13 13 -0.575
39 17 88 -0.106
12 31 144 5.437
10 34 66 -0.469
37 9 53 -0.747
32 12 8 -0.172
10 37 110 -1.038
15 26 75 -1.068
38 8 123 -0.735
40 11 15 -0.722
38 10 53 0.715
13 31 71 -0.242
35 17 47 -0.711
16 38 142 -0.657
27 32 134 -0.861
36 16 118 0.023
41 9 14 -0.576
23 26 78 -0.015
11 29 67 -0.423
23 25 61 -0.324
17 34 37 -0.825
39 16 92 -0.616
15 27 29 -0.847
16 27 37 2.129
17 21 31 -0.513
15 29 31 0.036
12 30 71 0.111
38 14 90 -0.745
37 8 18 -0.591
31 14 5 -0.335
25 27 4 -0.998
23 19 27 -0.417
33 14 47 -0.657
23 27 78 -0.246
26 24 135 -0.944
41 15 54 -0.844
42 8 16 0.179
38 14 8 -0.299
32 27 98 -0.929
21 29 149 -0.694
29 16 115 0.482
27 30 79 -0.727
34 7 131 -1.041
12 30 140 -0.347
15 24 29 -0.779
38 15 91 -0.202
28 21 117 -0.903
29 25 60 3.523
10 36 30 -0.674
15 24 149 -0.187
13 35 146 -0.530
39 14 129 -0.782
16 39 69 -0.665
18 26 28 0.497
16 25 143 0.505
11 43 102 -0.743
38 16 85 -0.843
28 16 42 0.162
40 8 12 -0.217
16 32 32 0.298
31 24 97 1.696
42 1 46 -0.743
40 6 124 -0.246
31 19 94 -0.932
11 41 109 -1.001
34 18 9 0.758
16 35 68 -0.941
13 22 106 1.956
23 19 63 0.103
35 21 20 -0.076
34 16 10 0.534
40 8 49 -0.513
36 6 45 -0.200
17 36 0 -1.030
15 28 103 1.036
11 31 109 0.273
14 38 142 -0.731
13 29 146 4.165
15 31 67 -0.619
26 12 44 -0.812
17 19 1 -0.592
20 31 1 -0.688
28 15 117 -0.524
38 16 11 -0.496
18 28 139 -0.530
27 20 59 -0.470
25 19 117 -0.346
23 7 78 -0.674
24 30 61 -0.112
16 24 65 1.405
17 37 68 -0.787
39 13 18 -0.929
40 19 55 0.073
16 28 148 1.534
16 30 1 -0.454
16 21 1 -0.614
15 34 103 0.511
22 14 0 2.038
15 32 36 2.498
13 36 105 0.125
21 21 26 -0.303
38 14 131 -0.437
36 15 10 -0.161
23 27 26 -0.086
30 18 61 2.513
16 33 148 0.515
24 30 24 -0.493
34 20 6 -0.031
35 19 45 -0.253
33 10 124 -0.497
11 34 72 0.406
34 12 8 0.525
18 28 64 1.466
42 18 128 -0.057
44 11 52 -0.472
24 23 82 -0.632
42 6 17 -0.524
11 31 34 -0.707
39 13 87 -0.746
22 9 0 1.669
34 7 8 -0.420
28 20 77 -0.965
39 12 84 0.431
25 29 114 0.031
15 33 70 0.402
32 24 6 0.080
29 17 77 0.227
15 33 104 -0.487
22 27 37 -0.558
27 25 78 -0.381
22 20 112 2.915
41 10 127 -0.064
33 10 119 -0.622
29 16 58 -0.170
24 23 26 -0.670
39 10 84 -0.351
39 17 55 -0.861
25 20 114 2.921
24 23 114 2.621
36 14 127 0.174
30 12 77 0.979
34 20 20 -0.567
28 20 23 -0.451
42 13 49 -0.839
15 37 148 1.546
19 22 3 1.025
34 12 117 0.385
19 23 73 0.467
35 17 11 -0.375
39 7 49 0.367
31 18 120 -0.593
32 19 94 -0.840
13 33 102 2.288
44 7 126 0.032
28 15 82 -0.783
36 15 133 1.713
12 24 29 -0.956
14 28 104 0.130
21 22 138 0.662
16 31 104 0.382
40 10 83 0.231
31 14 118 0.488
31 22 118 -0.887
38 14 45 0.323
14 33 34 -0.388
34 15 134 1.101
27 23 135 0.273
32 8 123 -0.689
26 9 0 1.224
33 17 58 0.729
22 29 24 -0.423
35 17 85 -0.955
14 25 67 -0.527
24 24 114 -0.387
20 36 63 -0.222
37 16 122 0.177
39 12 17 0.157
15 32 149 -0.959
34 21 80 -0.045
16 29 75 -1.038
25 19 62 -0.221
20 26 0 -0.003
17 26 38 -0.161
37 12 126 -0.535
19 35 65 -0.014
23 14 3 0.112
19 26 28 0.708
40 16 54 -0.265
39 12 87 -0.845
42 7 90 0.175
13 38 72 0.887
15 33 27 -0.859
32 17 120 -0.205
20 40 64 -0.656
17 32 36 2.530
38 13 132 -0.990
19 26 75 2.304
29 17 5 0.142
14 22 34 0.024
16 33 38 -1.027
32 24 80 -0.480
29 27 97 -1.005
26 11 4 -0.069
25 26 24 0.806
11 36 110 -1.062
28 17 116 0.799
21 25 37 1.978
39 9 129 -0.867
27 17 39 1.933
16 26 68 1.421
29 17 39 1.796
18 30 37 -0.066
41 13 50 0.865
28 18 97 -0.976
28 26 134 -0.849
26 13 44 -0.778
10 30 65 -0.971
16 30 148 0.346
20 24 75 0.473
18 29 27 -0.360
5 44 108 -0.960
13 27 103 0.641
40 11 130 -0.409
13 37 147 -0.823
39 12 55 0.434
22 24 101 2.807
19 29 147 -0.974
5 32 30 -0.930
31 19 77 -0.382
26 19 22 0.464
15 27 34 0.681
41 15 55 0.532
15 30 144 2.241
23 30 62 -0.800
19 23 34 -0.103
34 14 57 -0.627
22 26 2 -0.351
40 9 85 0.349
37 14 93 -0.924
25 16 76 1.937
20 33 26 -0.943
10 37 65 -1.008
38 7 123 -0.769
43 12 125 -0.006
20 26 75 2.113
13 29 71 0.242
28 18 41 -0.628
17 32 69 0.135
34 23 57 -0.507
39 17 93 -0.898
38 7 121 -0.162
19 25 38 0.231
10 19 31 -0.336
28 24 120 -0.559
41 11 53 1.690
23 26 139 0.423
36 11 119 0.564
24 36 62 -0.798
31 19 80 -0.441
30 28 21 -0.989
25 33 62 -0.357
21 34 63 -1.090
38 15 9 -0.095
36 22 6 1.855
6 41 108 -0.969
16 34 111 -0.141
18 21 110 0.808
36 12 82 -0.904
29 23 60 1.486
24 27 26 -0.021
24 24 62 -0.713
37 7 18 -0.320
28 25 77 -0.864
18 26 113 -0.351
29 23 43 -0.793
30 24 23 -0.165
29 22 80 -0.119
8 32 32 -0.470
30 19 44 -0.943
40 11 50 0.248
28 24 97 -1.076
39 15 126 0.290
15 28 37 0.067
35 14 57 -0.956
33 27 22 -0.063
19 34 26 -0.948
16 24 74 0.965
36 15 46 -0.494
35 20 57 0.167
27 21 5 1.373
16 25 73 -0.708
23 22 114 2.402
34 19 10 -0.808
18 31 112 -0.855
41 11 49 -1.047
27 24 114 0.226
26 30 25 -0.811
42 13 92 -0.698
38 14 49 -0.757
15 34 104 0.272
12 30 27 -0.996
35 18 6 0.764
16 27 65 2.517
17 21 73 0.080
22 26 113 0.015
27 23 44 -0.736
35 13 83 -0.430
21 23 139 0.786
38 11 55 -0.704
9 31 106 -0.815
25 26 136 -0.489
16 31 34 -0.556
36 9 12 -0.251
16 20 141 1.382
14 42 111 -1.032
25 24 24 0.037
41 7 11 -0.365
29 27 43 -0.668
37 16 54 -0.700
39 7 124 -0.305
42 14 13 0.029
35 10 46 -0.294
11 21 31 -0.227
18 28 0 -0.518
37 10 9 -0.064
37 18 120 -0.046
14 34 71 0.363
35 15 20 0.732
36 9 83 -0.449
19 26 31 -0.538
8 36 72 -0.896
16 29 37 1.599
16 37 142 -0.436
31 19 6 -0.460
17 36 36 2.400
10 35 32 -0.819
34 25 119 -0.887
36 4 7 -0.544
17 39 68 -0.994
27 12 115 0.164
13 32 27 -1.029
42 12 49 -0.523
29 31 135 -0.102
30 20 117 -0.214
37 1 131 -1.043
28 23 79 1.075
15 39 140 -0.156
36 15 57 -0.591
32 19 40 -0.617
12 35 66 -0.882
32 27 97 -0.764
39 9 92 -0.791
20 29 64 -0.542
20 26 38 0.705
33 18 6 -0.130
32 13 81 -0.522
39 16 84 -0.795
40 12 131 -0.659
20 25 1 0.847
17 32 75 0.617
16 34 72 -0.687
29 18 116 0.121
12 34 109 0.522
40 9 83 0.296
30 11 79 -0.559
21 26 28 0.013
10 35 108 -0.790
36 22 130 -1.037
16 29 69 0.781
30 18 80 -0.082
14 29 111 -0.123
15 29 75 -0.851
32 19 81 -0.502
28 26 79 1.262
24 29 24 -0.384
29 9 117 0.635
25 22 39 0.533
45 3 46 -0.800
14 26 146 0.481
14 31 27 -0.813
17 28 102 0.156
43 9 17 -0.184
15 31 140 -0.484
28 23 98 -0.887
16 24 148 2.352
37 18 17 0.604
25 21 5 0.257
24 21 24 0.867
29 19 44 -0.893
31 18 40 -0.002
17 29 144 1.074
12 37 70 0.714
37 3 85 -0.978
17 30 105 1.094
18 17 2 0.893
39 6 16 -0.443
37 18 81 0.380
18 28 74 -0.005
27 20 117 -0.033
16 29 140 -0.650
15 21 29 -0.766
17 29 141 -0.435
23 24 25 0.947
43 12 88 -0.646
41 11 129 -0.231
11 32 29 0.212
24 29 100 -0.335
19 18 73 -0.849
15 32 32 4.400
39 16 54 -0.423
40 6 131 -0.867
36 23 58 -0.351
20 34 26 -0.601
30 20 61 2.252
15 35 103 2.575
36 7 118 0.434
12 30 149 -0.047
36 16 120 -0.816
40 6 12 1.070
18 27 148 0.360
15 27 104 -1.042
37 17 20 -0.405
41 12 50 0.675
17 19 110 1.107
11 31 146 -0.838
36 6 7 -0.704
20 23 3 1.366
14 29 110 -1.036
37 14 55 -0.307
21 22 2 0.784
16 38 0 -1.037
42 10 91 -0.111
27 20 98 -0.612
25 19 99 -0.971
17 39 137 -0.605
39 10 11 -0.478
26 22 39 -0.782
40 11 11 -0.676
43 11 17 0.570
34 21 6 0.973
29 19 42 -0.548
25 15 5 1.329
36 7 7 0.698
35 24 119 -0.816
33 4 123 -0.829
36 12 12 0.420
35 13 86 -1.003
32 18 81 -0.461
35 12 132 -0.959
12 28 65 -0.996
36 9 10 0.595
26 27 23 0.122
28 23 41 0.154
30 14 117 1.128
19 20 31 -0.355
36 17 49 -0.513
28 28 116 -0.912
27 23 116 -0.494
30 23 60 3.665
23 25 26 -0.688
40 13 16 0.359
41 8 50 -0.305
42 13 91 -0.170
37 16 48 -0.516
20 32 99 -0.882
21 25 75 0.782
39 15 11 -0.462
32 24 133 -0.961
12 34 145 -0.676
17 31 26 -1.008
24 15 2 0.417
37 15 17 -0.320
39 21 130 -0.922
39 12 86 0.125
16 27 29 -0.935
17 21 34 0.768
34 16 81 0.576
13 25 66 -0.958
12 36 107 -0.994
33 21 6 0.155
39 7 11 -0.491
23 29 25 1.702
25 31 23 1.760
31 22 44 -0.126
18 25 38 0.447
42 9 88 0.529
42 14 125 0.101
33 14 5 -0.173
35 16 81 0.431
11 38 72 -0.001
28 33 77 0.284
40 3 123 -0.916
24 29 62 -0.973
20 31 26 -0.995
27 29 23 -0.738
11 30 30 1.214
41 19 88 -0.519
33 12 81 -0.398
38 10 90 -0.051
11 28 67 0.308
9 37 107 -0.975
39 5 121 -0.964
41 11 18 -0.473
40 11 49 0.247
13 32 141 -0.418
13 34 149 -0.386
13 35 30 -0.113
12 35 102 2.974
13 35 148 -1.042
27 21 98 -0.269
17 20 73 0.788
30 8 117 0.037
37 19 92 -0.435
22 21 112 3.137
15 31 104 0.308
28 23 59 0.344
41 17 130 -0.269
28 18 78 0.805
38 10 123 -0.258
21 35 99 -0.831
43 10 15 -0.611
31 23 94 -1.004
38 10 83 0.373
15 35 148 -0.648
39 9 125 -0.612
17 24 73 2.885
11 33 29 -0.584
13 27 140 0.529
27 24 44 -0.809
43 12 16 0.149
16 28 28 0.806
12 30 107 0.064
35 14 53 -1.012
12 34 68 0.467
30 17 77 0.734
41 16 125 0.469
30 19 59 -0.493
17 25 144 -0.857
25 21 98 -0.184
30 19 43 -0.685
20 17 138 2.634
26 15 5 1.658
32 19 117 -0.256
42 2 17 0.677
33 25 57 -0.553
33 13 84 -0.146
39 9 50 0.391
25 27 114 -0.372
38 21 19 0.299
31 24 22 0.637
18 19 34 -0.286
31 21 6 -0.565
35 26 94 -0.578
37 4 18 -0.140
12 32 30 -0.093
16 25 31 -0.324
37 17 17 0.548
41 16 130 -0.395
36 13 9 1.276
18 34 38 -0.659
39 22 83 -0.861
9 33 107 -0.905
41 13 123 -0.228
32 14 9 0.230
40 11 129 -0.815
38 12 7 0.303
40 8 54 -0.682
41 9 15 -0.794
35 25 94 -0.619
10 29 35 0.112
11 32 65 -0.841
16 27 110 -0.535
25 20 116 -0.586
16 26 75 -0.111
22 25 38 -0.874
9 31 108 -0.767
14 31 105 3.141
23 34 24 -0.328
21 30 149 -0.949
12 40 71 -0.609
32 16 97 -0.715
25 32 79 -0.776
35 7 84 -0.871
29 32 60 -1.068
26 27 100 2.374
16 21 27 -1.002
17 36 138 1.141
41 10 13 -0.163
16 26 110 -0.137
34 12 54 -0.873
33 20 58 0.191
43 7 17 0.520
25 29 101 1.396
43 10 127 -0.221
17 30 1 -0.983
38 9 12 2.503
40 5 14 -0.666
40 12 53 -0.247
7 35 35 -0.680
23 26 5 -0.129
40 13 92 -0.733
40 11 14 0.307
30 17 44 -0.079
37 11 127 -0.170
22 30 138 -0.037
39 8 123 -0.788
41 10 87 1.002
13 32 140 -0.091
10 32 102 2.191
34 17 20 -0.696
29 21 39 -0.750
40 8 47 -0.314
30 23 40 0.859
42 15 17 -0.923
15 26 146 0.808
33 20 131 -0.725
13 32 70 2.156
29 20 117 -0.229
35 14 89 -0.554
30 22 98 1.657
12 37 109 0.507
17 32 148 -0.206
16 39 137 -1.057
27 25 39 -0.177
12 39 71 -0.763
38 6 18 0.020
23 25 78 0.365
16 35 100 -0.866
18 22 75 2.174
35 22 95 -0.868
15 33 112 -0.767
21 30 138 -0.420
39 11 47 -0.557
11 20 68 -0.013
38 12 132 -0.977
27 30 62 -0.067
14 32 148 -0.991
19 20 73 0.339
38 18 122 -0.102
17 26 28 0.486
18 29 76 -0.423
19 33 37 -0.452
23 28 5 -0.119
23 22 4 -0.912
18 27 100 -0.258
40 16 129 -0.531
23 29 61 -0.504
12 31 68 0.164
28 27 60 -0.161
42 13 129 -0.252
17 35 37 -0.822
18 32 1 0.269
31 26 58 -0.350
43 7 14 -0.567
41 16 55 0.362
14 37 109 -0.876
41 17 88 -0.344
33 14 9 0.272
41 15 48 -0.735
34 18 96 0.466
29 23 25 0.278
24 31 62 -0.365
38 20 122 -0.678
30 19 22 0.323
40 12 122 0.425
20 36 64 0.728
40 10 90 0.068
31 25 135 -0.299
20 24 1 1.301
41 15 128 -0.064
18 31 102 -0.117
17 14 2 0.672
25 24 98 -0.335
12 32 67 -0.188
19 26 26 -0.890
44 9 52 -0.818
14 35 112 -0.542
11 36 146 0.163
29 32 96 -0.472
20 29 23 -0.233
41 15 11 -0.001
28 21 41 -0.085
33 19 80 -0.584
44 5 126 0.051
14 36 33 -0.825
22 29 38 -0.969
25 15 4 -0.441
40 13 128 -0.089
15 28 141 -0.051
20 23 26 0.519
13 32 36 1.493
40 10 86 -1.051
14 36 144 -0.906
13 39 35 0.520
13 39 106 -0.363
37 11 47 -0.668
38 18 132 -0.785
34 17 43 0.445
31 28 94 -1.027
20 29 65 0.153
21 29 64 -0.385
11 32 32 -0.287
24 21 76 1.261
43 10 129 0.037
8 41 108 0.196
21 17 138 2.353
27 19 39 0.644
24 34 114 -0.852
37 13 53 -0.608
43 9 51 -0.712
11 34 67 0.034
29 27 23 -0.507
37 9 45 -0.021
13 31 109 -0.324
38 8 11 -0.337
15 33 30 2.139
20 25 25 0.809
29 14 115 0.915
36 6 118 1.733
18 35 140 0.124
41 13 47 -0.204
13 31 105 1.338
33 22 97 2.726
13 36 30 -0.503
35 16 11 -0.400
33 28 120 -0.719
27 22 79 0.511
14 29 66 0.251
37 17 8 -0.125
11 27 66 -0.869
39 9 56 -0.876
19 31 0 -0.625
22 31 78 -0.880
23 23 3 -0.309
41 12 51 -0.599
40 6 13 -0.092
17 27 65 0.937
43 9 13 -0.312
30 23 21 -0.241
25 33 77 0.729
18 25 65 1.931
22 20 24 0.598
24 31 99 -0.643
25 32 26 -0.791
29 19 43 -0.406
20 29 28 -0.596
15 26 29 -0.792
20 27 139 0.267
11 35 143 2.566
35 15 93 -0.800
23 27 101 1.948
36 9 48 0.138
44 15 129 0.010
12 37 143 -0.276
37 13 120 -0.276
19 29 104 0.324
36 15 83 -0.801
38 9 129 -0.813
40 18 53 -0.365
40 9 125 -0.536
37 18 6 0.896
16 32 68 -0.976
36 20 7 -0.290
20 30 149 -1.013
13 33 105 2.152
25 26 98 -0.027
40 10 126 -0.671
17 26 74 -0.094
42 15 11 -0.752
42 18 46 -0.078
28 21 114 0.995
23 29 37 -0.650
18 31 100 -0.738
13 30 144 -0.960
9 42 35 -1.001
9 41 109 -0.448
36 22 7 -0.311
26 26 25 3.033
24 19 76 -0.105
34 14 96 0.222
17 31 68 -0.599
38 13 10 0.001
41 13 14 -0.222
21 28 28 0.045
41 18 129 -0.731
22 33 62 -0.756
37 17 6 1.823
28 20 60 -0.615
20 25 73 -0.844
13 33 104 -0.753
36 19 20 1.043
34 22 97 2.778
34 19 59 -0.949
24 30 62 -0.273
11 37 108 -0.818
23 28 0 -0.813
15 27 70 -0.251
26 21 4 -0.363
41 13 17 -0.408
20 30 28 -0.699
15 34 70 -0.274
13 25 147 0.511
13 36 147 0.210
30 22 134 1.269
43 8 17 0.615
43 16 52 0.409
15 36 140 0.422
11 38 32 0.148
33 17 56 -0.816
14 21 31 0.164
36 22 18 -0.773
14 23 107 -0.684
38 16 131 -0.574
37 5 13 -0.589
15 33 32 0.306
13 22 107 -0.078
24 22 5 0.375
23 27 113 -0.229
28 16 61 3.411
32 19 42 0.431
43 9 14 -0.534
22 23 112 1.321
28 29 21 -0.984
22 28 79 -0.989
41 9 124 0.074
29 23 22 -0.883
15 22 34 0.745
13 32 149 -0.643
27 16 61 2.144
36 19 7 -0.503
20 36 101 1.219
28 21 59 -0.266
41 14 46 0.219
33 12 46 -0.302
23 27 100 0.014
16 30 141 -0.262
35 14 10 -0.320
34 14 119 -0.448
36 6 130 -0.364
23 29 139 -0.464
33 16 134 -0.156
31 24 136 2.145
38 6 46 -0.828
31 25 21 1.522
39 13 9 0.588
23 32 77 -0.042
22 32 79 -0.959
39 15 131 -0.889
31 23 22 1.469
12 27 111 -1.056
36 9 8 -0.197
19 24 37 -0.208
40 10 55 0.449
42 10 50 1.501
36 17 57 -0.153
38 16 47 -0.596
33 26 95 0.490
23 34 115 -0.897
37 8 131 -0.913
36 18 20 -0.810
45 8 17 -0.723
32 30 22 -0.137
14 32 74 0.799
33 19 95 -0.922
44 12 52 -0.873
19 21 28 0.559
39 11 9 0.146
31 21 77 -0.311
21 23 25 -0.160
37 7 86 -0.802
23 35 115 -0.913
18 34 36 2.554
33 17 81 -0.685
37 14 47 -0.729
10 40 35 -1.003
42 9 128 0.383
31 18 6 -0.495
20 27 26 -0.525
28 27 135 0.040
17 23 27 -0.940
16 38 137 -1.038
13 25 106 2.533
19 34 63 -0.327
14 27 144 -0.603
30 18 42 0.171
29 22 136 0.651
12 32 105 2.631
41 17 18 -0.665
17 35 112 -0.724
11 32 70 1.275
17 26 103 -1.061
39 4 15 -0.620
22 25 25 -0.597
11 33 30 -0.252
23 26 26 -0.045
27 25 136 0.445
29 36 60 -1.059
34 19 9 0.760
43 13 16 0.345
13 24 29 -0.915
14 27 106 2.872
29 22 77 -0.098
27 30 25 0.891
40 7 90 -0.319
18 35 37 -0.903
36 17 87 -0.674
25 32 25 -0.387
25 24 76 0.306
35 11 126 -0.601
32 21 21 0.445
37 18 83 -0.943
13 27 145 -0.882
4 43 108 -1.016
33 26 22 0.195
38 10 131 -0.854
36 23 120 0.176
18 24 113 0.421
22 25 2 -0.717
42 12 14 0.280
15 22 28 1.269
12 36 32 0.257
30 21 41 1.128
23 12 1 1.562
37 15 121 -0.507
13 32 66 -0.217
35 7 127 -0.783
41 11 47 -0.163
32 15 117 -0.119
18 18 110 0.534
17 25 76 -0.625
28 22 118 0.212
32 27 95 0.315
28 18 42 0.182
43 7 11 -0.727
25 27 5 0.630
12 42 102 -0.727
40 13 18 -0.622
24 26 76 1.864
43 13 91 -0.037
30 9 79 0.343
24 30 27 -0.375
20 31 64 0.432
37 15 122 -0.515
33 11 45 -0.750
30 19 118 0.154
28 20 76 -0.633
33 16 42 -0.121
11 43 146 -0.144
22 37 62 -0.796
19 30 38 0.322
36 7 130 -0.033
18 24 68 0.629
41 14 92 -0.866
12 25 67 -0.460
38 16 10 0.444
15 34 33 -1.034
20 28 27 1.206
34 17 82 -0.802
31 24 98 -0.983
16 25 70 -0.118
28 25 44 -0.873
26 23 100 -0.590
11 40 72 -0.311
40 14 129 -0.827
17 33 103 -0.880
24 23 136 -0.503
15 36 103 1.658
15 33 148 -0.474
26 32 39 -0.984
33 17 97 2.395
16 40 140 -0.079
37 11 132 -0.498
20 30 65 -0.002
13 33 74 -0.844
11 36 32 -0.185
30 18 116 0.069
31 16 5 -0.029
40 17 84 -0.689
43 5 51 -0.850
21 33 101 0.576
39 16 122 0.621
13 36 69 -0.728
35 2 82 -0.183
22 28 26 -0.063
26 13 4 -0.468
20 30 64 0.769
12 35 143 0.555
41 12 127 -0.173
27 26 115 -1.019
41 13 91 -0.708
38 21 91 -0.729
33 14 80 -0.576
39 8 87 -1.053
17 33 36 2.598
12 29 70 1.504
16 34 66 -0.569
35 10 7 -0.477
31 13 79 -0.168
39 8 49 -0.689
35 19 6 0.039
16 37 0 -1.035
32 10 8 -0.729
28 29 135 -0.139
33 18 56 -0.817
14 37 142 -0.768
32 16 134 1.240
18 31 33 -0.822
37 10 12 0.358
33 25 133 -0.224
42 18 125 0.476
26 29 137 -0.403
31 24 59 -0.496
11 32 147 -0.488
41 11 127 -0.550
38 11 86 -0.327
37 10 49 0.334
33 23 133 0.228
34 18 8 0.211
43 19 130 -0.540
24 27 78 -0.363
7 39 105 -0.613
32 13 8 -0.200
40 11 86 1.145
41 15 49 -0.923
26 23 137 -0.415
31 9 79 0.400
27 27 39 0.755
36 12 10 0.834
21 26 37 2.896
17 24 27 -0.906
17 27 75 -1.023
36 21 19 -0.046
37 20 130 -0.996
34 19 18 -0.996
36 12 132 -0.909
23 32 24 -0.528
17 15 73 1.867
15 33 113 -0.996
17 35 36 1.695
40 13 17 -0.731
35 18 118 0.085
19 24 72 -0.630
45 13 91 -0.774
38 18 80 0.121
13 31 143 -0.768
39 5 84 -0.389
34 20 93 -0.862
43 6 16 -0.789
19 37 63 -0.067
16 29 71 0.010
29 23 98 1.584
13 35 66 -0.016
41 7 92 -0.533
30 26 21 -0.674
39 11 130 -0.207
12 36 35 1.277
31 17 120 -0.573
32 16 44 -0.079
30 22 61 2.391
11 33 108 -0.630
24 14 0 1.713
12 35 69 0.433
16 20 69 1.178
23 34 23 -0.827
18 24 73 -0.441
28 21 44 -0.651
35 13 133 0.986
34 20 9 0.574
41 13 122 -0.106
39 10 14 0.932
17 29 100 -0.633
30 20 116 0.785
22 29 64 -0.520
16 33 147 -0.915
15 33 66 -0.715
18 30 2 -1.007
37 17 121 -0.594
12 18 34 0.494
36 13 83 -0.782
19 28 38 0.144
15 34 0 -1.050
27 21 115 -0.887
25 26 5 0.572
10 38 72 -0.752
12 34 105 3.530
30 14 116 0.128
32 27 134 -0.742
19 40 138 -0.648
40 11 13 0.635
37 11 89 -0.442
34 12 7 0.129
13 30 35 3.108
43 14 125 -0.139
22 24 3 -0.521
11 36 143 3.087
39 9 47 -0.936
12 34 32 1.038
13 37 66 -0.691
23 36 137 -0.994
19 24 111 -0.790
13 39 66 -0.394
5 40 108 -0.996
21 26 26 0.078
31 15 118 0.089
36 10 9 1.732
40 11 48 0.431
39 11 53 -0.319
18 22 64 2.546
30 22 22 0.644
23 15 3 0.043
23 21 2 1.367
39 7 121 -0.133
18 23 28 0.829
38 10 12 3.023
13 31 67 -0.422
37 9 48 0.142
38 10 47 -0.384
20 29 5 -0.472
42 10 128 0.216
30 17 118 -0.866
26 15 44 -0.824
35 18 47 -0.121
41 12 90 -0.055
19 23 1 1.290
13 32 148 -1.063
24 25 139 0.767
19 33 63 -0.460
35 15 11 -0.358
22 31 137 -1.014
33 23 57 -0.478
17 21 141 0.603
19 27 37 0.917
31 23 98 -0.792
34 15 8 0.420
40 11 89 -0.191
39 10 126 -1.090
16 40 36 0.002
38 10 14 -0.029
36 5 18 -0.289
38 14 10 0.601
17 20 34 0.755
19 18 149 0.368
25 29 26 -0.563
14 37 33 -0.280
26 21 78 0.120
28 30 40 -0.795
37 7 48 -0.571
25 32 60 -0.893
13 29 36 4.561
42 9 15 -0.141
43 9 91 0.545
43 7 15 -0.905
26 19 61 1.534
29 26 60 3.235
11 41 72 -0.105
28 14 5 -0.164
28 28 40 -0.815
42 6 16 -0.738
41 13 18 -0.571
43 15 91 0.097
11 31 106 1.375
31 26 57 -0.457
38 14 7 -0.429
12 38 147 -0.163
35 11 48 0.065
14 37 106 0.616
27 28 61 -0.501
28 9 4 -0.480
30 24 21 -0.353
18 22 28 -0.278
37 10 47 -0.746
35 20 133 0.751
14 26 29 -0.830
23 15 0 2.445
25 21 61 0.677
31 22 21 0.428
42 7 14 -0.688
26 28 39 -1.022
42 13 52 0.313
31 20 22 0.623
15 17 33 2.236
28 29 60 -0.650
41 7 51 -0.984
34 20 7 0.402
29 29 41 0.070
44 7 16 0.973
32 23 43 0.484
19 28 76 -0.128
27 20 82 -0.593
12 34 34 -0.745
19 19 1 0.825
17 30 37 1.356
35 9 9 1.262
38 18 88 -0.184
30 23 134 -0.502
26 30 23 -0.639
41 16 129 -0.525
42 3 12 -0.834
35 16 120 -0.593
39 13 10 0.426
35 7 119 1.322
39 17 122 -0.479
36 17 92 -0.715
16 30 149 -0.044
23 19 112 0.776
10 30 35 0.023
23 25 135 -0.650
16 41 36 0.385
37 16 121 -0.784
9 36 102 -0.472
16 19 34 0.929
36 18 87 -0.691
33 11 84 -0.404
34 15 20 -0.555
31 18 134 0.105
37 13 87 -0.257
42 7 53 0.430
13 21 71 1.883
9 41 107 -0.987
10 29 70 2.952
31 20 44 0.016
25 22 79 1.064
37 12 90 -0.616
38 23 130 -1.003
29 19 117 -0.798
32 21 120 -0.809
20 28 113 -0.551
25 16 3 0.507
13 26 70 -0.499
26 24 39 -0.634
29 26 42 0.760
24 17 137 0.006
22 25 114 1.001
14 39 67 0.295
23 27 139 -0.579
44 6 52 0.257
14 35 32 3.716
16 38 112 -0.665
1 45 108 -0.988
37 15 132 -0.795
18 32 100 -0.370
23 34 114 -0.950
28 17 40 2.310
13 39 112 -0.703
17 25 33 0.862
37 4 8 0.028
31 19 22 -0.314
16 24 28 1.409
37 10 45 0.036
28 29 136 1.324
19 28 28 -0.638
14 30 68 0.511
34 19 57 -0.257
16 21 141 -0.214
14 34 68 -0.639
24 30 4 -0.966
26 13 3 0.056
23 34 25 0.700
40 9 50 1.595
38 16 89 0.092
14 35 147 -0.307
28 11 115 0.745
34 22 133 -0.529
12 30 67 -1.041
16 26 67 -0.077
10 32 146 -0.828
12 41 147 -0.787
32 18 133 -0.007
27 26 42 -0.264
13 27 29 -0.708
37 11 123 -0.780
14 31 142 2.965
27 27 134 -0.386
30 27 136 -0.188
23 27 25 0.791
9 37 35 -0.980
33 14 115 1.595
38 20 120 -0.308
34 14 43 0.291
34 9 124 -0.347
30 0 82 -0.957
19 19 31 -0.456
35 14 11 -0.396
10 41 71 -0.905
26 29 61 -0.576
37 3 7 -0.406
14 25 66 -0.556
36 9 85 -0.513
28 28 115 -0.947
12 29 31 0.376
33 15 43 0.666
14 30 34 -1.067
32 15 96 -0.926
28 28 136 0.178
19 35 113 -0.938
39 13 45 0.395
38 16 83 0.273
33 13 121 -0.299
36 21 133 1.273
34 11 120 -0.940
20 32 148 -0.537
19 30 113 -0.786
34 13 10 1.339
40 9 55 -0.248
42 2 46 -0.603
22 22 26 -0.729
14 22 107 -0.854
36 15 6 -0.926
31 25 58 -0.423
26 26 135 -0.426
33 12 117 0.225
33 17 9 0.836
26 10 4 0.333
24 28 100 0.296
13 26 147 1.266
16 32 104 -0.636
27 25 42 -0.285
25 29 23 2.350
20 27 5 -0.670
30 20 44 -0.366
9 35 107 -0.951
12 42 72 -0.677
33 15 7 0.415
32 22 40 -0.649
44 12 128 -0.327
43 15 124 -0.975
16 21 147 1.903
38 12 55 -0.324
35 18 20 0.639
25 25 114 0.553
27 22 39 1.897
18 29 102 -0.087
19 28 64 0.214
12 31 67 -0.524
26 22 137 0.389
16 29 29 -1.012
24 25 0 -0.851
41 15 13 0.542
20 34 140 -0.562
40 16 10 0.389
20 24 138 1.443
29 21 21 -0.823
17 29 140 -0.618
43 8 53 0.811
33 16 119 -0.418
19 31 101 0.249
37 16 87 -0.136
36 17 120 0.085
41 5 13 0.705
16 35 109 -0.998
34 0 82 -0.423
42 15 125 0.353
40 4 46 -0.696
26 28 62 1.166
35 12 49 -0.088
27 29 115 -0.965
36 7 50 -0.402
13 28 74 -0.587
39 11 83 0.629
16 27 104 1.912
14 31 102 2.835
35 12 85 -0.918
37 7 11 0.317
