41 13 17 -0.408
31 24 59 -0.496
24 20 38 -0.792
12 37 35 1.816
30 27 21 -0.976
35 15 133 0.412
44 7 16 0.973
36 17 89 -0.415
16 30 1 -0.454
32 21 6 -0.128
29 26 98 -0.922
39 6 16 -0.443
36 14 49 -0.744
21 19 2 1.479
40 11 91 -0.030
19 30 111 -1.030
31 20 42 -0.418
37 14 54 -0.703
8 26 107 -0.748
30 16 120 -0.727
14 40 113 -0.640
9 33 32 -0.592
32 14 97 -0.339
27 26 135 -0.413
43 14 49 -0.059
35 19 47 -0.723
32 21 59 -0.217
24 13 1 2.821
35 13 46 0.083
16 35 141 0.046
27 20 116 -0.485
21 20 2 -0.241
12 34 27 -1.054
17 23 33 0.857
17 30 70 -0.935
20 18 139 1.477
21 25 37 1.978
11 33 107 -0.947
34 19 6 0.819
41 10 130 -1.001
26 19 39 0.518
10 42 105 -0.555
41 12 14 0.500
13 34 141 -0.422
12 33 105 2.386
10 33 110 -1.034
13 34 68 0.342
24 30 25 -0.382
31 23 43 -0.063
27 26 115 -1.019
14 40 112 -0.731
32 17 118 0.025
23 23 25 0.610
18 29 113 -0.839
30 17 61 2.526
16 23 34 1.216
30 25 135 -0.305
14 15 31 -0.500
17 22 34 0.825
32 14 9 0.230
35 14 89 -0.554
19 18 138 -0.578
17 29 110 -0.535
38 12 48 -0.512
36 9 87 0.387
31 12 45 -0.883
23 27 24 -0.272
32 28 134 -0.785
16 28 148 1.534
16 22 110 -0.237
35 17 82 -0.494
28 15 118 -0.508
32 16 6 -0.037
26 24 60 -0.440
28 22 39 -0.871
27 25 44 -0.787
33 11 84 -0.404
31 27 22 2.874
30 21 41 1.128
38 8 14 -0.697
13 32 106 -0.907
11 29 69 -0.757
23 35 24 -0.031
37 17 10 0.457
33 21 80 -0.348
32 4 82 -0.858
16 28 33 -0.666
12 36 30 0.405
12 34 112 -0.757
29 24 80 -0.184
8 32 146 -0.907
14 32 68 -0.446
15 34 142 -0.586
21 29 38 -0.826
15 31 75 -0.176
35 19 19 -0.330
30 26 97 -1.002
29 21 26 0.002
21 24 139 -0.659
26 26 44 0.587
39 7 91 -0.557
12 31 107 -0.365
27 19 97 -0.881
37 18 17 0.604
31 27 43 -0.372
37 22 19 0.262
40 8 13 0.108
17 26 27 -0.216
34 14 7 -0.099
23 19 112 0.776
40 10 52 -0.455
35 10 8 -0.525
33 23 133 0.228
19 25 27 1.963
13 41 71 -0.978
24 14 2 0.504
42 10 91 -0.111
26 20 76 -0.237
16 32 71 0.415
12 31 35 0.567
27 20 117 -0.033
28 19 60 -0.781
24 31 26 0.260
40 6 13 -0.092
18 33 101 -0.241
15 21 34 0.246
13 30 36 0.143
39 10 50 1.833
39 19 131 -0.884
8 36 72 -0.896
26 32 39 -0.984
12 35 147 0.202
13 37 112 -0.667
36 7 18 -0.904
38 12 49 -0.168
24 18 82 -0.702
16 34 36 3.364
16 22 73 0.610
16 32 142 -0.263
33 20 118 -0.035
34 19 9 0.760
27 23 44 -0.736
41 13 53 1.140
36 17 120 0.085
37 12 13 -0.742
12 32 35 -0.165
28 25 60 0.805
31 26 22 -0.567
13 38 67 -1.075
41 12 48 -0.765
10 32 109 0.304
30 21 21 1.110
12 36 109 0.809
15 31 103 -0.262
33 18 81 -0.691
18 34 149 -0.862
18 26 64 1.069
17 25 74 -0.179
14 24 107 0.405
12 40 105 0.588
10 34 69 -0.266
32 24 6 0.080
37 16 92 -0.750
24 19 63 -0.016
11 40 106 0.475
25 22 3 0.288
33 16 134 -0.156
31 28 22 -0.904
40 5 126 -0.756
16 31 34 -0.556
23 32 62 -0.452
13 38 30 0.661
36 14 89 -0.445
20 25 25 0.809
10 32 146 -0.828
21 20 0 0.381
25 30 23 0.501
31 16 21 0.818
17 35 112 -0.724
16 15 73 1.418
31 16 41 0.909
37 10 46 -0.319
42 9 51 -0.838
36 24 132 -0.675
7 39 105 -0.613
24 24 114 -0.387
29 17 42 -0.447
11 37 70 -0.044
17 31 37 4.395
42 13 128 -0.055
31 24 21 1.172
44 4 50 -0.845
27 26 62 1.020
41 15 124 -0.882
16 27 27 -0.650
26 21 99 -0.657
15 30 68 0.258
42 4 50 -0.866
39 16 8 0.317
11 26 66 1.416
42 10 92 -0.680
28 20 61 1.524
38 3 46 -0.868
27 23 77 0.385
20 39 138 -0.630
16 34 103 0.813
30 13 44 0.047
33 26 95 0.490
33 15 80 0.001
38 10 90 -0.051
19 29 33 -0.739
10 37 110 -1.038
9 39 35 -1.025
35 19 55 -0.701
13 30 103 3.524
32 21 9 0.843
15 28 148 1.253
28 24 77 -0.909
12 27 107 -0.226
24 16 1 2.965
15 35 36 1.442
20 31 73 -0.630
41 10 18 -0.666
21 18 138 0.999
16 29 141 1.991
14 34 105 1.762
15 31 110 -1.021
39 14 83 0.429
12 31 149 -0.166
41 14 83 0.136
18 20 31 -0.504
7 35 108 -0.145
33 18 40 -0.833
11 35 105 -0.420
34 10 81 -0.476
38 11 14 -0.130
27 24 99 -0.435
25 18 76 1.914
21 21 139 1.543
42 12 127 -0.715
15 28 145 -0.546
10 30 65 -0.971
24 22 5 0.375
16 31 140 -0.118
7 33 102 -0.507
19 27 31 -0.328
40 10 55 0.449
35 26 94 -0.578
40 19 55 0.073
37 16 56 0.199
33 9 84 -0.376
14 19 73 0.003
29 18 134 -0.315
34 24 132 -0.646
38 16 55 -0.646
11 35 71 -0.596
21 14 0 -0.308
42 7 53 0.430
37 5 15 0.050
32 21 134 1.263
28 15 116 -0.183
42 11 129 0.002
11 20 33 1.477
17 25 37 2.161
35 10 80 0.037
12 31 144 5.437
26 24 135 -0.944
11 36 68 -0.611
37 10 45 0.036
8 36 109 0.203
29 19 41 -0.084
11 36 140 -1.023
42 10 54 -0.809
35 16 94 -0.788
17 29 140 -0.618
35 18 6 0.764
17 19 73 -0.201
36 14 45 -0.370
42 7 50 -0.331
39 8 86 -0.341
19 27 28 0.772
37 8 16 0.141
17 31 68 -0.599
34 4 85 -0.082
34 10 45 -0.208
18 37 137 -0.446
41 8 91 0.624
20 22 76 -0.146
35 8 127 -0.644
12 36 67 -1.044
39 13 14 1.034
37 13 45 -0.022
16 22 75 1.262
22 34 138 -0.608
33 16 95 0.002
41 10 83 0.221
34 12 85 -1.020
14 28 140 1.349
27 25 78 -0.381
26 22 137 0.389
41 6 127 -0.504
34 15 134 1.101
12 35 143 0.555
23 23 24 1.426
15 35 32 0.089
17 23 27 -0.940
31 19 94 -0.932
12 32 103 4.704
14 38 32 -0.641
22 25 63 -0.577
20 30 139 0.548
21 34 101 0.928
24 29 99 -0.909
29 27 21 -0.976
38 14 8 -0.299
12 37 109 0.507
10 32 32 -0.097
41 4 12 -0.173
37 11 47 -0.668
27 21 115 -0.887
35 24 19 0.090
18 27 65 0.172
37 18 83 -0.943
21 29 63 -0.511
41 14 46 0.219
40 14 125 0.162
12 38 146 1.346
27 27 78 -0.482
16 34 140 0.309
26 18 61 1.738
38 15 53 -0.803
43 11 90 0.552
42 14 13 0.029
18 27 37 0.828
40 7 87 -1.051
13 40 142 -0.902
15 37 102 -0.524
13 37 104 -1.051
16 28 1 -0.405
35 7 7 -0.662
33 16 42 -0.121
16 22 74 1.183
25 30 24 -0.613
14 34 142 -0.729
22 22 101 2.797
20 28 113 -0.551
10 33 145 -0.797
35 16 47 -0.678
35 6 82 0.830
34 8 8 -0.338
35 19 45 -0.253
43 10 49 -0.801
38 15 93 -0.914
41 15 125 0.239
39 11 126 -0.044
33 26 120 -0.326
32 21 40 -0.642
14 35 147 -0.307
43 14 128 0.245
25 26 60 -0.590
34 9 44 -0.688
39 8 90 0.090
40 13 87 1.002
17 36 38 -0.674
19 31 113 -0.035
11 36 146 0.163
20 18 63 -0.600
31 14 7 -0.195
29 17 22 0.912
39 11 84 0.429
18 25 69 0.323
41 18 129 -0.731
33 21 21 -0.125
21 22 139 1.639
40 13 18 -0.622
30 22 135 0.841
31 14 120 -0.720
21 18 3 -0.297
35 10 46 -0.294
16 29 31 0.008
15 33 149 -0.937
38 4 12 0.393
35 17 85 -0.955
29 16 96 -1.011
20 29 2 -0.158
30 18 134 -0.675
14 31 68 -0.710
29 14 5 0.023
15 42 75 -1.045
13 20 68 -0.575
39 12 54 -0.467
35 24 7 -0.301
39 14 123 -0.182
21 20 112 2.714
41 7 51 -0.984
28 17 42 0.279
19 25 31 -0.635
36 25 132 0.107
38 18 80 0.121
39 3 123 -0.926
17 29 72 0.071
32 21 133 0.135
40 9 83 0.296
13 36 29 -0.866
24 38 77 0.044
13 32 35 2.015
40 2 12 0.502
37 18 8 0.366
34 20 93 -0.862
18 16 2 0.209
42 10 13 0.055
16 29 66 -0.385
35 16 8 -0.123
8 36 146 -0.908
29 16 22 0.818
43 5 46 -0.535
24 15 2 0.417
36 14 48 -0.514
37 16 45 0.069
31 18 80 -0.318
14 32 145 -0.133
17 29 103 -0.638
30 20 61 2.252
38 12 10 0.696
24 21 139 0.128
31 22 120 -0.812
20 25 113 -0.507
40 14 86 -0.682
16 40 36 0.002
16 22 27 -0.956
14 29 142 1.910
39 7 14 1.208
34 12 121 -0.883
40 12 13 0.636
19 26 63 -0.552
25 29 101 1.396
18 28 104 -0.068
9 30 35 0.043
34 19 18 -0.996
40 14 46 0.437
37 15 81 0.554
32 19 134 1.492
29 22 39 -0.361
39 17 132 -0.832
19 25 139 0.620
15 22 74 1.129
38 10 123 -0.258
29 14 97 -0.884
35 14 9 1.159
35 14 132 -0.959
12 24 33 2.354
14 24 70 0.015
34 9 80 -0.140
11 32 65 -0.841
35 20 132 -0.767
28 21 44 -0.651
11 30 144 5.773
13 26 70 -0.499
42 9 90 0.130
25 19 3 -0.078
33 17 134 -0.448
20 26 75 2.113
33 21 95 0.120
22 26 101 1.620
13 29 105 1.938
29 27 39 -0.789
10 19 31 -0.336
21 28 63 -0.345
42 8 13 -0.417
26 30 77 0.469
35 22 80 -0.056
10 33 30 -0.265
13 38 147 0.320
37 10 130 0.075
16 37 36 1.510
14 30 71 0.051
48 0 12 -0.959
27 22 99 -0.264
27 18 61 2.225
41 15 92 0.175
22 25 4 -0.920
30 27 97 -1.059
32 19 59 -0.328
11 27 107 -0.593
15 32 32 4.400
9 37 107 -0.975
33 26 21 0.508
30 12 115 -0.452
32 23 6 -0.152
18 28 38 0.417
15 35 33 0.802
41 13 18 -0.571
41 10 50 0.389
38 10 8 0.429
8 33 102 -0.906
16 30 37 -0.448
29 17 21 2.413
27 26 39 0.877
17 28 27 -0.517
40 8 127 -0.015
40 11 54 -0.800
22 30 24 0.009
22 20 112 2.915
41 13 127 -0.374
36 16 49 -0.290
31 20 21 1.097
12 35 102 2.974
22 32 138 -0.168
34 15 56 -0.904
27 19 98 -0.629
30 22 133 -0.531
44 5 14 -0.853
27 30 40 -0.827
42 16 129 -0.348
39 15 9 -0.260
20 24 38 -0.823
14 26 146 0.481
38 7 124 -0.149
40 20 55 -0.817
22 19 114 2.224
37 5 7 -0.639
15 36 66 0.789
21 32 38 -0.958
18 38 148 0.037
26 30 60 -0.880
16 35 106 -0.268
35 8 118 1.368
41 9 123 -0.606
36 21 133 1.273
38 14 57 1.040
32 22 6 -0.097
32 20 44 -0.230
21 32 65 -0.603
43 14 17 -1.001
33 11 44 -0.543
13 24 146 2.568
32 13 118 0.514
22 31 138 -0.743
38 12 90 -0.324
30 16 41 0.194
45 7 88 -0.466
21 30 113 -0.752
14 30 37 0.632
37 16 131 -0.993
27 21 116 -0.367
15 33 104 -0.487
24 21 60 -0.811
18 28 140 0.461
27 27 60 0.708
39 17 93 -0.898
35 14 10 -0.320
20 31 26 -0.995
34 15 20 -0.555
29 27 60 3.086
29 23 59 0.009
14 38 33 0.591
43 3 12 -0.949
26 31 79 -0.749
34 10 9 0.205
32 19 40 -0.617
31 9 119 -0.882
40 10 88 -0.640
19 28 0 -0.046
27 20 82 -0.593
11 31 69 0.296
28 18 97 -0.976
33 17 56 -0.816
28 25 41 -0.763
24 23 26 -0.670
12 34 68 0.467
31 22 80 -0.221
22 30 138 -0.037
28 20 115 -0.880
33 19 119 0.089
41 21 55 -0.868
19 23 0 -0.318
15 33 70 0.402
10 36 106 0.433
23 28 39 -0.442
12 32 67 -0.188
16 30 144 1.627
35 17 57 -0.378
41 6 90 -0.371
36 11 121 -0.547
26 13 116 0.371
23 29 37 -0.650
28 28 60 -0.709
30 10 117 0.345
17 35 36 1.695
34 21 59 -0.706
28 24 44 -0.882
24 24 99 -0.892
28 17 80 -0.278
24 12 0 1.732
7 33 108 0.167
27 20 98 -0.612
42 8 14 -0.486
24 32 99 -0.610
11 37 71 -0.959
25 27 61 -0.025
36 23 121 -0.437
35 14 131 -0.837
39 8 51 0.320
13 34 70 0.425
15 31 67 -0.619
36 20 18 -0.753
30 18 40 0.157
35 20 18 -1.007
27 31 24 -0.721
16 34 65 1.714
20 25 112 3.493
34 15 7 0.599
40 9 51 -0.879
14 30 68 0.511
38 20 133 0.968
42 11 56 -0.572
13 27 36 4.321
15 35 34 -0.581
33 14 5 -0.173
14 35 143 1.122
33 22 58 -0.241
35 17 10 -0.270
35 9 80 -0.165
36 21 132 -0.019
11 34 107 -1.007
33 9 123 -0.563
5 48 108 -0.700
14 29 36 4.856
25 20 82 -0.657
28 21 39 0.015
15 28 141 -0.051
13 31 145 1.005
16 25 27 -0.914
16 32 32 0.298
34 14 8 0.320
14 27 103 6.030
35 7 87 -0.976
18 19 31 -0.422
15 36 36 1.032
19 21 38 0.310
41 12 49 -0.497
29 20 116 0.269
37 14 56 -0.179
19 29 104 0.324
38 12 13 0.095
32 14 121 -0.960
36 13 87 0.004
23 37 114 -0.908
33 12 119 -0.744
12 30 33 0.695
30 25 120 -0.642
35 12 80 0.091
32 14 8 -0.104
21 30 63 0.115
37 10 83 -0.211
13 32 31 -0.859
39 10 129 -0.911
29 13 117 -0.780
37 5 18 0.045
17 20 34 0.755
37 9 123 -0.835
32 5 119 -0.777
14 30 147 1.370
34 12 8 0.525
40 13 122 0.446
24 21 135 0.051
31 23 134 0.152
13 39 140 -0.926
37 17 6 1.823
16 34 148 0.119
38 11 131 -0.876
31 17 97 -0.812
12 39 68 -0.452
28 25 136 1.543
30 14 5 -0.055
33 23 59 -0.709
14 32 110 -1.004
10 41 72 -0.815
38 17 128 -0.522
40 15 53 0.403
43 11 49 -0.064
23 21 112 1.067
42 7 9 -0.410
36 20 121 -0.633
35 17 18 -0.914
40 11 127 -0.431
32 26 43 -0.361
13 34 35 0.479
25 25 137 -0.559
28 26 136 2.295
21 26 38 1.023
36 14 122 -0.419
34 8 85 -0.008
32 23 57 -0.448
16 38 69 -0.667
29 25 60 3.523
42 9 127 -0.218
42 0 12 -0.909
18 25 27 -0.936
36 7 85 -0.770
20 18 27 -0.305
41 9 83 0.131
10 34 145 -0.821
40 11 53 1.680
14 37 149 -0.907
14 31 27 -0.813
21 19 139 1.622
17 31 65 -0.006
17 37 67 -0.632
24 23 4 -0.577
17 36 69 -0.616
17 33 33 -0.373
15 24 149 -0.187
13 25 142 0.293
37 17 92 -0.811
35 9 45 0.299
40 8 14 -0.377
33 19 6 0.826
11 34 143 0.245
36 17 87 -0.674
11 28 35 0.426
24 24 3 -0.977
14 34 66 -0.435
38 19 91 -0.602
18 26 65 1.303
31 16 5 -0.029
13 25 141 -0.353
13 30 141 0.027
21 16 2 1.564
33 26 58 -0.181
18 27 139 -0.346
10 40 139 -1.018
22 16 3 -0.854
36 14 83 -0.584
31 18 134 0.105
14 30 104 -0.706
12 36 34 -0.839
32 19 10 -0.817
12 30 27 -0.996
38 16 56 0.408
39 18 131 -0.728
26 10 4 0.333
39 8 89 -0.536
11 34 145 -0.166
38 5 12 1.697
28 28 115 -0.947
34 15 47 -0.110
35 13 87 -0.613
29 36 60 -1.059
16 37 68 -0.734
36 19 94 -0.631
33 21 119 -0.279
29 23 41 -0.113
29 22 21 -0.637
40 10 54 -0.788
31 24 94 -1.005
15 31 104 0.308
34 9 8 -0.318
18 22 110 0.923
12 34 35 -0.056
23 26 5 -0.129
8 35 108 0.831
37 15 10 0.535
25 32 79 -0.776
28 21 26 0.045
31 15 5 0.125
28 25 116 -0.842
20 27 26 -0.525
43 11 129 0.363
33 18 6 -0.130
15 33 110 -1.019
30 22 44 -0.379
40 17 88 -0.171
40 9 14 -0.290
23 26 135 -0.684
19 21 110 1.497
43 10 17 0.681
28 19 61 0.015
36 9 47 -0.843
12 36 66 1.460
29 21 136 0.942
23 25 113 -0.130
16 37 103 2.025
34 18 21 -0.009
19 20 31 -0.355
13 28 71 0.502
30 21 43 -0.736
17 39 137 -0.605
12 33 35 -0.004
15 35 137 -0.635
29 24 24 3.090
34 19 119 -0.553
15 28 142 4.617
33 24 80 -0.376
13 39 142 -0.745
20 23 138 -0.012
36 12 10 0.834
34 22 7 0.283
43 12 53 0.404
28 14 117 -0.904
32 15 5 -0.195
33 14 115 1.595
16 34 37 2.114
41 7 52 1.162
23 31 100 0.390
10 40 72 -1.066
19 26 73 0.534
21 31 5 -0.495
38 7 87 -0.846
38 9 129 -0.813
29 23 79 0.717
24 30 24 -0.493
30 23 40 0.859
11 25 33 1.150
37 15 92 -0.552
15 35 144 -0.713
33 22 95 0.274
16 28 70 -0.491
37 20 130 -0.996
20 24 2 -0.427
11 29 102 2.578
12 39 30 0.160
31 12 115 -0.622
39 11 85 0.195
37 14 80 0.364
41 14 124 -0.896
38 13 51 0.700
18 30 139 -0.345
10 27 144 4.673
14 36 67 -0.177
15 38 140 -0.071
14 30 74 0.773
40 6 16 -0.613
22 22 4 -0.987
18 31 139 -0.613
31 23 94 -1.004
41 12 51 -0.599
34 16 93 -0.922
34 17 119 -0.586
32 13 42 0.490
31 16 43 0.134
39 5 45 -0.669
45 16 51 -0.213
23 24 114 1.145
34 17 82 -0.802
24 23 114 2.621
17 24 103 -1.026
13 35 109 -0.668
18 29 27 -0.360
37 17 120 -0.063
37 12 10 -0.180
38 18 122 -0.102
39 10 53 0.323
34 20 20 -0.567
18 28 113 -0.261
38 16 10 0.444
22 28 138 -0.106
23 29 100 1.087
28 12 44 -0.203
29 28 22 -0.927
22 34 25 0.972
33 18 96 -0.075
20 25 37 5.028
37 8 48 -0.182
18 31 33 -0.822
19 35 113 -0.938
31 18 79 0.914
33 20 19 -0.334
18 22 68 -0.732
30 25 94 -1.018
37 13 131 -0.188
36 16 20 -0.472
15 30 147 -0.526
33 13 84 -0.146
36 16 57 -0.535
23 20 38 -0.812
12 32 146 1.374
14 31 148 -1.030
20 27 149 -0.706
26 13 4 -0.468
38 14 45 0.323
16 27 1 -0.397
19 27 64 1.304
29 19 23 -0.363
15 34 103 0.511
27 26 77 -0.774
39 14 92 -0.686
16 27 72 -0.140
23 24 100 -0.454
19 25 148 0.453
34 16 56 -0.798
41 19 88 -0.519
19 28 112 0.646
33 18 94 -0.826
40 14 55 0.250
16 38 33 0.036
12 35 69 0.433
39 15 47 -0.142
41 10 47 -0.267
17 14 2 0.672
37 11 54 -0.770
13 32 141 -0.418
38 8 16 -0.649
19 27 76 0.354
38 9 89 0.072
10 32 106 -0.850
24 32 23 -0.564
27 23 82 -0.533
21 30 27 0.177
26 15 5 1.658
34 9 9 0.763
32 18 56 -0.915
34 18 119 -0.509
30 9 79 0.343
21 14 138 2.699
36 22 20 -0.586
43 9 124 -0.659
20 23 26 0.519
37 19 131 -0.962
13 40 143 -0.300
30 19 115 0.043
14 33 30 -0.750
30 23 43 -0.589
28 28 116 -0.912
35 16 6 -0.768
33 12 81 -0.398
33 23 57 -0.478
38 11 129 -0.583
27 28 23 -0.233
30 16 79 -0.361
30 22 41 0.353
25 29 114 0.031
36 11 83 -0.295
26 29 60 -0.990
23 15 0 2.445
23 35 23 -0.922
16 20 34 -0.042
38 11 51 0.414
20 35 26 -0.834
22 29 2 -0.832
12 29 31 0.376
38 9 45 0.143
38 10 45 -0.078
26 15 4 -0.458
18 35 140 0.124
37 14 92 -0.698
14 33 142 1.634
20 29 5 -0.472
31 12 7 -0.330
13 29 106 2.194
12 32 109 0.593
40 14 83 0.222
14 35 140 -0.019
28 26 59 -0.118
30 18 80 -0.082
16 39 69 -0.665
42 7 14 -0.688
29 21 42 -0.261
23 21 138 1.475
26 11 4 -0.069
27 23 62 0.572
20 23 101 -0.045
34 20 96 -0.447
11 32 143 1.542
20 20 26 -0.161
24 28 23 0.311
14 39 35 0.386
37 13 87 -0.257
40 19 88 0.767
40 15 125 0.045
38 11 93 -0.927
41 11 48 -0.760
23 20 136 -0.445
43 4 126 0.105
15 30 66 -0.154
10 24 67 -1.031
36 19 95 -0.088
39 15 83 0.565
40 5 14 -0.666
13 41 112 -0.719
37 18 131 -0.444
30 26 133 -0.660
16 34 143 -0.429
36 18 57 -0.455
12 37 112 -0.804
35 20 57 0.167
34 17 10 0.439
38 14 56 0.571
43 10 91 -0.324
12 34 29 -0.071
35 18 45 -0.371
37 13 90 -0.449
38 17 94 -0.990
19 26 74 -0.692
11 35 35 0.827
24 18 114 3.269
44 13 51 0.286
29 21 115 -0.985
38 18 8 -0.224
23 25 25 1.985
34 17 20 -0.696
31 26 96 -0.471
13 36 102 0.679
34 17 132 -0.845
13 33 69 -0.331
42 1 46 -0.743
41 6 14 -0.710
11 21 105 3.317
38 10 48 -0.335
21 29 149 -0.694
12 36 142 1.148
36 3 7 -0.344
20 23 0 -0.452
26 16 82 -0.793
38 19 83 -0.880
34 20 119 -0.487
16 33 102 -0.428
34 17 83 -0.473
15 35 110 -0.735
11 30 69 -0.588
31 18 40 -0.002
24 22 78 -0.239
41 5 88 0.186
18 33 104 0.385
25 13 4 -0.605
38 12 83 0.039
22 25 39 -0.406
34 16 81 0.576
14 33 0 -0.626
43 15 129 0.087
16 29 102 -0.306
39 11 18 -0.741
19 28 111 -0.979
40 11 13 0.635
27 20 61 0.245
14 31 34 -0.597
39 12 85 -0.225
25 34 62 -0.639
25 28 99 -0.233
38 14 89 0.205
11 31 143 0.001
41 9 92 -0.868
16 27 142 4.543
16 29 104 -0.222
37 15 121 -0.507
40 6 12 1.070
23 29 61 -0.504
29 26 100 1.611
40 14 88 -0.459
31 20 118 -0.029
14 40 67 0.009
26 27 41 -0.703
43 15 124 -0.975
24 27 62 -0.771
24 20 62 -0.999
25 19 2 0.097
17 26 68 -0.626
15 31 148 -0.290
23 27 149 -0.848
13 32 72 -0.644
38 21 19 0.299
31 11 44 -0.404
13 30 70 1.793
42 18 128 -0.057
34 9 45 -0.336
32 21 41 1.144
29 9 79 0.598
23 23 114 2.437
18 29 144 -0.597
28 22 118 0.212
28 33 77 0.284
18 30 2 -1.007
36 9 130 -0.065
32 16 41 1.508
38 11 90 -0.435
24 27 27 -0.832
29 18 23 -0.694
40 6 84 -0.269
30 24 115 -0.727
19 18 1 0.687
39 12 11 -0.214
23 13 3 0.140
37 7 84 -0.694
15 37 103 0.641
17 32 148 -0.206
27 25 82 -0.630
40 12 11 -0.335
17 35 68 0.931
40 6 126 -0.651
40 7 11 -0.864
35 14 41 0.790
38 9 84 -0.125
32 19 5 -0.319
29 23 60 1.486
43 8 17 0.615
40 10 121 -0.456
25 34 24 -0.568
41 17 17 -0.408
28 30 23 -0.125
21 28 79 -0.977
36 22 7 -0.311
6 29 108 -1.010
39 15 48 -0.566
37 6 86 0.899
16 38 137 -1.038
25 29 99 -0.764
43 7 52 -0.791
38 14 122 0.056
14 33 71 0.003
39 2 12 1.744
35 7 47 -0.956
13 38 66 -0.567
38 18 93 -0.984
34 15 10 -0.270
25 26 76 1.437
37 14 46 -0.528
5 46 108 -0.930
41 7 16 -0.231
34 17 93 -0.896
33 15 81 -0.493
26 30 99 -0.581
34 15 96 0.112
39 17 128 -0.225
36 14 82 -0.503
20 27 65 -0.399
21 28 37 3.052
29 35 60 -1.030
25 25 38 -0.850
31 24 58 -0.340
30 27 94 -1.042
19 19 110 1.660
26 14 44 -0.818
38 21 84 -0.514
18 27 27 0.867
21 30 77 -0.541
39 3 12 1.235
16 33 37 1.618
14 35 144 0.720
25 22 76 0.079
31 16 7 -0.405
35 17 41 0.369
15 27 72 0.009
26 22 135 -0.679
40 10 51 -0.472
17 30 74 -0.968
39 10 84 -0.351
38 6 46 -0.828
25 26 98 -0.027
16 23 145 -0.777
17 26 73 2.549
35 8 82 0.691
26 30 62 0.859
42 16 128 0.017
38 8 9 0.546
23 25 114 0.955
21 10 0 0.287
23 30 39 -0.414
36 10 9 1.732
29 20 61 2.685
4 43 108 -1.016
21 33 26 -0.768
25 29 135 -0.713
37 10 12 0.358
13 35 29 -0.343
20 24 138 1.443
40 14 128 -0.179
5 32 30 -0.930
33 13 119 -0.556
31 23 118 0.016
15 31 71 0.558
14 38 145 -0.537
36 1 82 -0.357
24 29 135 -0.654
12 35 66 -0.882
24 31 24 -0.593
29 26 115 -1.052
14 31 67 -0.323
27 7 4 -0.036
14 39 112 -0.728
39 11 48 0.500
25 10 44 -0.823
18 26 112 -0.905
29 29 41 0.070
42 8 92 -0.372
18 22 138 0.152
30 16 40 -0.021
10 32 102 2.191
19 19 138 -0.143
40 11 47 -0.183
39 11 123 -0.897
26 30 136 -0.986
23 28 5 -0.119
14 31 105 3.141
36 21 57 -0.137
33 20 119 -0.727
16 33 103 -0.709
39 11 93 -0.973
35 18 58 0.531
31 12 4 -0.260
28 17 40 2.310
12 41 112 -0.782
13 37 66 -0.691
17 22 113 0.563
12 28 68 -1.010
17 32 138 0.632
28 21 114 0.995
17 29 65 0.647
25 22 39 0.533
37 8 18 -0.591
26 30 135 -0.854
18 27 28 0.383
15 21 29 -0.766
15 27 110 -0.670
33 16 8 -0.230
15 25 147 0.448
31 15 119 -0.686
31 19 116 0.197
11 26 105 6.535
32 18 133 -0.007
18 34 38 -0.659
34 15 80 -0.438
27 24 135 0.547
21 28 28 0.045
30 20 43 -0.667
17 27 111 -0.534
27 28 26 -0.779
20 34 26 -0.601
37 20 132 0.436
15 25 31 0.676
10 29 70 2.952
11 36 32 -0.185
13 36 143 0.092
37 11 84 -0.722
32 14 81 -0.702
41 14 49 -0.833
42 17 88 0.006
41 5 84 -0.113
42 8 17 -0.015
27 28 39 0.696
21 30 28 -0.531
20 25 139 0.591
40 10 124 0.026
13 39 111 -0.981
36 16 19 -0.634
19 21 63 -1.078
23 27 25 0.791
36 20 56 0.286
35 20 45 -0.332
39 9 83 0.157
35 22 7 -0.237
42 8 53 0.599
17 25 27 -0.889
12 37 72 -0.348
44 4 126 -0.122
41 11 18 -0.473
21 26 26 0.078
28 26 116 -0.884
41 5 13 0.705
34 26 57 -0.909
25 34 25 -0.558
25 32 26 -0.791
35 7 85 -0.962
28 16 43 -0.682
39 15 88 -0.114
14 24 68 -0.950
33 17 43 0.585
40 8 17 0.781
35 16 19 -0.178
25 21 135 -0.161
39 9 129 -0.867
30 22 61 2.391
41 16 54 -0.353
33 9 81 -0.689
39 13 48 0.112
21 21 112 3.589
36 9 84 -0.795
24 25 116 -0.544
19 29 147 -0.974
33 10 123 -0.497
27 25 59 0.478
17 29 144 1.074
19 30 73 -0.883
39 9 11 -0.450
39 10 123 -0.559
20 26 138 1.702
11 36 107 -0.412
40 16 53 -0.266
33 20 7 -0.412
13 31 143 -0.768
22 33 137 -0.761
17 28 72 0.956
14 34 72 0.753
12 31 34 -0.889
26 26 62 1.386
18 18 31 -0.249
24 34 25 -0.622
37 10 131 -0.913
13 32 69 0.705
29 27 136 0.261
34 12 117 0.385
16 23 1 -0.796
33 19 42 0.596
17 28 26 -1.046
38 17 121 -0.566
41 8 49 0.762
37 9 53 -0.747
20 21 73 0.152
19 18 149 0.368
12 24 66 -1.086
26 22 5 0.716
33 19 95 -0.922
18 24 112 1.607
40 11 50 0.248
26 23 100 -0.590
17 30 143 -0.073
26 14 116 -0.132
37 18 6 0.896
28 29 136 1.324
41 7 49 0.181
32 17 121 -0.470
33 11 45 -0.750
42 18 46 -0.078
12 36 107 -0.994
43 12 90 0.574
36 17 80 -0.320
20 27 27 2.095
18 19 63 -0.432
38 9 90 -0.645
31 24 98 -0.983
20 36 64 0.728
22 35 100 0.567
38 6 15 0.448
41 11 14 -0.068
11 33 32 -0.123
13 27 149 -0.028
37 12 122 0.130
16 31 75 -1.022
33 14 97 -0.929
26 21 4 -0.363
37 7 85 -0.953
37 16 89 -0.337
19 25 0 0.234
25 22 99 -0.794
15 31 144 1.127
33 22 59 -0.697
13 32 110 -1.045
36 16 45 -0.452
30 18 5 -0.337
27 16 59 -0.635
36 8 85 -1.001
38 13 18 -0.708
34 21 19 -0.358
19 21 34 -0.159
39 7 90 -0.575
10 40 35 -1.003
38 14 18 -0.272
15 36 140 0.422
29 23 61 1.490
18 34 101 -0.128
11 37 107 -0.985
37 6 85 -0.645
32 8 123 -0.689
35 19 95 -0.039
17 28 137 -0.010
32 24 59 -0.376
36 5 82 0.880
19 24 26 2.621
16 32 105 0.403
38 16 7 -0.370
22 29 139 -0.270
7 35 145 -0.918
9 42 146 -0.850
38 11 46 -0.145
14 25 66 -0.556
19 20 110 1.021
18 30 73 -0.776
35 16 95 0.629
15 32 144 2.216
44 17 128 -0.078
37 10 121 -0.762
25 31 79 -0.739
29 24 96 -0.743
20 24 75 0.473
32 22 58 0.284
31 19 5 -0.194
15 24 111 -0.541
28 19 41 0.111
35 5 44 -0.742
38 11 43 0.310
14 36 112 -0.864
21 25 138 -0.035
41 12 90 -0.055
39 12 93 -0.936
24 24 82 -0.617
13 39 106 -0.363
42 3 12 -0.834
24 28 0 -0.836
27 15 78 -0.781
15 25 73 0.685
39 11 121 0.072
36 4 7 -0.544
12 22 67 0.347
13 36 72 0.883
41 13 54 -0.822
19 23 31 -0.603
27 32 59 -0.828
39 13 54 -0.292
16 28 28 0.806
43 10 15 -0.611
36 15 93 -0.862
38 14 123 -0.579
15 36 109 -0.996
36 14 43 0.188
38 6 123 -0.719
11 33 104 -0.514
17 35 38 -0.375
27 25 114 0.508
11 32 107 -0.675
22 32 78 -0.868
32 17 20 -0.907
32 25 95 -0.356
38 12 57 0.896
31 19 59 -0.724
39 16 94 -1.037
16 27 28 3.720
29 22 23 -0.529
44 9 52 -0.818
27 30 62 -0.067
30 11 117 0.294
16 39 113 -1.013
34 23 133 -1.039
20 27 2 -0.497
22 26 2 -0.351
39 10 49 -0.393
30 17 118 -0.866
41 10 124 -0.066
17 29 26 -1.049
30 19 22 0.323
19 20 73 0.339
32 21 97 1.371
26 19 78 -0.713
12 37 71 -0.881
19 23 28 1.006
18 33 137 -0.355
20 33 137 -0.693
23 25 135 -0.650
15 41 75 -1.026
20 19 138 1.495
40 9 125 -0.536
23 24 112 1.176
41 9 129 -0.281
37 8 50 -0.251
42 14 125 0.101
39 11 13 -0.174
12 25 106 2.187
30 27 60 2.872
24 19 2 0.249
18 21 147 1.061
10 31 35 0.639
23 34 114 -0.950
21 36 64 -0.855
16 30 32 0.066
28 11 4 -0.437
49 5 88 -0.330
17 23 34 0.549
17 33 100 -0.842
19 28 33 -0.941
12 36 70 1.349
35 18 82 -0.663
38 21 91 -0.729
16 30 141 -0.262
40 12 86 -0.092
45 17 51 0.208
12 30 102 1.617
24 30 62 -0.273
23 22 3 -0.972
18 30 28 -0.137
6 37 108 -0.247
34 19 21 -0.359
15 33 72 -0.992
19 36 138 -0.455
29 28 136 -0.319
32 19 118 0.131
32 27 95 0.315
24 28 63 -0.695
37 15 131 -0.836
27 30 99 -0.360
17 39 68 -0.994
30 23 61 2.064
26 29 135 -0.984
11 34 106 -0.477
34 14 96 0.222
14 40 147 -0.579
39 14 128 -0.318
31 19 120 -0.620
27 23 117 -0.291
13 39 112 -0.703
17 30 113 -0.821
35 21 95 -0.079
41 4 16 0.611
5 40 108 -0.996
20 28 28 0.598
29 31 135 -0.102
35 3 84 -0.388
34 18 96 0.466
19 32 101 -0.165
19 24 76 -0.241
24 29 139 -0.641
42 6 53 0.329
23 29 77 -0.873
18 26 37 2.202
16 27 104 1.912
12 27 140 0.204
38 12 87 -0.382
20 7 0 0.341
16 25 143 0.505
22 31 137 -1.014
15 30 141 -0.895
40 13 54 -0.472
33 18 117 -0.090
19 23 27 0.300
13 33 34 -0.906
26 13 44 -0.778
25 29 39 -0.618
22 37 78 -0.770
21 27 25 0.944
9 41 146 -0.806
42 15 52 0.264
17 33 29 -0.714
42 12 50 -0.184
36 16 56 -0.504
9 32 70 -0.621
42 10 124 -0.534
31 14 79 0.236
43 15 49 -0.617
28 14 4 -0.342
22 37 62 -0.796
17 30 26 -0.268
32 22 134 1.203
21 31 149 -0.752
16 31 142 4.360
13 27 145 -0.882
31 5 82 -0.865
14 36 109 0.278
17 31 27 -0.686
20 25 2 -0.011
26 27 39 -0.621
13 41 105 0.682
30 18 43 -0.499
35 17 19 -0.230
21 30 75 0.518
36 6 84 -0.469
36 14 6 -0.868
29 24 59 -0.082
0 49 108 -1.008
18 32 101 -0.199
14 32 67 -0.157
13 23 69 1.768
31 19 118 -0.013
20 29 28 -0.596
30 17 96 -0.759
18 31 100 -0.738
35 21 133 0.878
27 19 61 2.752
26 26 25 3.033
35 2 85 -0.986
36 15 6 -0.926
27 21 97 -1.004
37 19 18 -0.493
14 33 74 -0.152
38 10 121 -0.851
32 25 58 -0.154
38 6 91 -0.892
30 19 79 -0.746
23 20 114 2.505
25 26 99 -0.797
38 16 87 -0.754
11 34 69 -0.234
34 23 21 -0.022
29 20 4 -0.375
12 37 107 -0.622
24 30 100 1.754
40 12 16 0.004
34 23 7 -0.489
23 36 23 -0.968
12 24 70 0.055
12 32 107 -0.414
23 27 100 0.014
14 22 34 0.024
26 21 59 -0.085
29 16 43 -0.792
20 27 63 -0.441
35 16 45 -0.450
14 36 110 -0.836
21 24 113 -0.350
11 33 145 -0.079
22 23 3 -0.233
16 24 37 2.162
35 24 20 0.444
12 28 66 -0.469
35 24 58 0.300
35 20 41 0.537
41 12 11 -0.674
15 30 69 -0.604
27 31 60 -0.844
21 34 63 -1.090
38 12 121 -0.277
30 18 22 0.056
41 16 55 0.362
36 16 94 -0.915
36 12 15 -0.656
16 27 65 2.517
18 22 141 0.417
28 19 59 -0.205
24 31 77 0.488
12 33 109 -0.621
15 23 31 -0.172
32 15 79 0.573
18 26 141 0.505
23 22 113 -0.428
15 33 113 -0.996
11 33 108 -0.630
15 39 66 -0.800
19 33 1 -0.639
28 27 96 -0.757
33 17 6 0.169
37 7 131 -1.031
43 10 126 0.774
27 23 116 -0.494
37 11 90 -0.222
44 8 126 0.152
37 14 17 0.308
34 5 8 -0.399
30 28 98 -0.897
19 23 34 -0.103
13 34 109 -0.653
28 27 62 -0.565
17 22 33 1.160
11 26 71 -0.056
10 41 102 -0.372
34 17 117 -0.710
39 15 126 0.290
39 9 15 -0.669
38 12 9 0.475
19 31 33 -0.795
16 36 72 -0.906
29 23 135 2.318
37 7 18 -0.320
20 27 28 0.317
7 35 35 -0.680
39 10 91 -0.871
14 28 31 0.110
22 25 114 1.001
20 40 64 -0.656
17 30 104 1.341
40 21 55 -0.539
24 26 139 -0.597
25 37 77 0.638
38 4 85 -0.990
16 37 143 -0.443
24 25 135 -0.729
25 33 60 -0.968
38 20 122 -0.678
40 13 121 -0.543
28 16 116 0.764
22 23 38 1.343
35 18 41 0.454
27 15 40 2.594
39 17 88 -0.106
34 26 95 0.769
28 15 117 -0.524
40 12 130 -0.533
13 32 67 0.062
19 25 141 0.287
22 30 25 0.967
29 20 21 -0.706
32 21 43 -0.311
41 6 12 0.386
15 32 145 -0.559
13 38 72 0.887
31 18 119 -0.687
12 28 142 -0.712
12 29 68 -0.345
14 40 29 -0.488
11 40 72 -0.311
26 25 78 -0.313
36 14 127 0.174
41 10 122 0.271
35 22 82 -0.777
30 16 39 1.938
28 20 114 1.813
39 13 12 1.791
41 12 127 -0.173
27 21 98 -0.269
18 22 147 2.501
32 10 8 -0.729
9 31 106 -0.815
39 14 88 -0.115
37 13 20 -0.598
39 7 13 -0.094
40 10 126 -0.671
38 10 86 0.523
12 29 67 -0.694
25 29 136 -0.790
14 24 74 -0.603
22 19 0 1.856
41 11 127 -0.550
15 33 102 -0.413
30 25 21 -0.817
42 17 128 -0.254
39 8 123 -0.788
19 24 72 -0.630
37 20 6 1.054
19 21 75 1.982
18 22 31 -0.316
36 12 82 -0.904
26 15 38 0.254
17 29 149 0.145
19 18 2 0.302
28 20 118 0.050
38 15 90 -0.331
18 26 27 -0.045
21 26 2 0.167
25 22 135 0.137
25 27 24 1.598
26 23 97 -1.072
37 11 53 -0.586
12 36 69 0.782
10 34 65 -0.630
37 23 132 0.246
17 28 103 -0.957
17 29 74 -0.977
14 27 27 -0.788
24 26 24 0.035
42 13 123 -0.169
19 31 27 1.092
17 35 113 -1.017
35 13 43 0.457
27 17 118 -0.097
36 20 133 0.669
26 19 22 0.464
31 17 81 -0.501
28 19 4 -0.399
26 21 61 0.702
23 25 0 -0.847
15 29 70 -0.637
13 29 31 -0.838
12 24 105 5.558
21 22 138 0.662
39 7 50 0.556
27 12 4 -0.391
15 36 148 -1.081
35 18 95 0.376
29 19 44 -0.893
11 27 105 4.329
23 35 137 -0.950
39 5 15 -0.651
17 33 149 -0.917
37 8 44 -0.657
24 30 77 -0.842
14 20 73 0.286
39 11 125 -0.948
23 34 25 0.700
15 19 69 1.499
42 8 126 -0.965
19 26 111 -1.029
35 9 126 -0.735
17 25 144 -0.857
39 10 47 -0.402
21 29 37 3.198
40 12 125 -0.028
11 43 147 -0.830
25 24 116 -0.497
14 21 31 0.164
13 36 67 -0.318
32 23 81 -0.827
19 28 26 1.152
34 23 19 -0.306
21 37 101 1.113
18 26 26 -1.021
16 35 74 1.888
25 24 114 -0.247
10 28 65 -0.731
28 34 77 0.376
14 30 66 -0.822
29 14 39 1.905
36 21 120 -0.095
35 13 47 -0.555
37 20 57 -0.241
41 7 123 -0.816
31 18 116 0.081
11 41 30 -0.922
25 21 3 0.260
26 29 23 -0.805
39 17 120 -0.233
39 9 92 -0.791
40 13 129 -0.703
13 23 71 2.019
24 15 114 2.982
23 22 4 -0.912
37 11 127 -0.170
14 37 36 -0.111
41 9 86 0.042
18 30 103 -0.834
15 33 71 -0.244
32 15 9 0.537
32 19 79 0.682
38 10 51 0.477
39 13 11 -0.351
13 40 29 -0.587
16 31 36 2.404
23 33 78 -0.739
18 18 73 2.447
21 26 37 2.896
34 10 7 0.035
27 29 26 -0.749
15 29 69 -0.622
17 21 69 -0.108
28 21 22 -0.555
12 32 70 0.931
31 19 42 2.111
44 11 52 -0.472
29 26 60 3.235
14 37 67 -0.290
13 33 106 2.163
23 19 114 1.966
37 14 8 -0.185
38 13 90 -0.460
32 24 21 1.200
26 23 80 0.085
26 26 39 -0.674
34 15 83 -0.777
15 23 74 0.924
40 12 85 0.425
31 21 44 -0.126
39 12 121 0.013
39 8 14 0.690
11 23 107 -0.645
19 20 138 -0.073
31 9 45 -0.958
39 9 47 -0.936
18 24 75 1.739
29 16 117 -0.615
20 21 2 0.714
36 23 83 -0.854
16 35 137 -0.657
22 22 2 0.926
31 21 41 0.523
40 12 128 -0.259
37 21 133 1.518
12 29 70 1.504
18 37 73 -0.506
36 10 50 -0.347
16 31 112 -0.629
10 35 146 -0.745
38 12 86 0.009
37 12 123 -0.072
11 40 145 -0.282
39 12 91 -0.296
35 20 133 0.751
39 11 54 -0.013
43 10 16 -0.209
20 30 101 0.456
30 20 22 0.206
38 18 17 -0.061
39 14 49 -0.813
37 10 50 -0.246
36 9 12 -0.251
15 29 149 -0.113
19 34 63 -0.327
30 21 77 -0.268
33 7 123 -0.696
33 22 19 -0.148
36 11 120 -0.924
41 7 17 0.029
35 12 83 -0.954
30 22 118 -0.802
33 26 133 -0.123
25 33 24 -0.762
19 24 2 -0.448
39 12 123 -0.171
19 28 38 0.144
27 19 23 -0.723
37 13 17 0.596
29 28 134 -1.004
40 12 91 0.012
39 10 89 0.855
36 17 18 -0.858
35 21 94 -0.671
16 23 140 1.083
35 7 44 -0.678
15 35 140 0.015
36 15 131 -0.963
22 34 100 0.545
19 30 0 -0.641
38 17 92 -0.409
13 29 74 -0.535
12 30 148 -1.063
27 29 41 -0.788
9 36 146 -0.619
36 23 58 -0.351
24 19 59 -0.375
38 16 131 -0.574
38 12 53 -0.698
12 41 102 -0.419
11 33 146 0.794
22 20 136 -0.378
34 19 97 2.752
13 19 34 0.501
33 23 119 -0.863
20 19 149 0.121
29 24 41 0.425
44 12 88 -0.553
38 12 129 -0.925
14 31 111 -0.660
39 12 92 -0.637
38 11 45 0.053
31 13 7 -0.407
33 22 81 -0.767
7 33 107 -0.882
45 3 46 -0.800
38 13 128 -0.762
35 13 85 -0.880
28 20 42 0.213
35 9 47 -0.599
33 24 58 -0.549
38 18 84 -0.587
22 31 149 -0.757
20 34 101 0.624
13 40 70 0.282
42 5 17 0.707
17 31 26 -1.008
29 22 96 -0.780
15 23 103 2.632
39 10 9 0.120
29 12 115 1.069
14 33 70 0.249
14 37 142 -0.768
31 24 134 -0.877
18 20 73 2.284
11 42 109 -0.851
32 18 116 -0.745
20 23 3 1.366
20 37 62 -0.977
31 22 42 0.217
44 5 126 0.051
13 37 71 -0.799
35 14 121 -0.967
18 23 110 1.494
43 9 14 -0.534
27 30 25 0.891
16 23 70 -0.103
9 36 102 -0.472
44 12 51 0.398
12 36 35 1.277
10 31 68 -0.811
34 15 53 -0.997
35 27 94 -0.734
18 25 33 0.759
31 20 96 -0.947
13 26 71 -0.155
18 29 64 -0.399
42 15 11 -0.752
10 35 71 -0.574
14 28 67 0.034
39 10 15 -0.398
12 38 143 0.481
39 15 92 -0.506
17 21 110 -0.068
30 20 115 -0.691
14 33 69 -0.678
19 23 69 -0.073
42 6 13 0.015
36 23 56 0.010
41 8 14 -0.598
40 5 46 -0.711
15 36 0 -0.710
15 34 102 -0.208
39 6 11 -0.596
26 31 23 -0.732
16 33 38 -1.027
13 40 102 -0.480
32 23 22 2.818
13 28 68 1.226
16 28 142 2.357
30 13 117 0.734
41 8 50 -0.305
34 19 7 0.467
36 22 120 0.015
16 29 37 1.599
38 22 120 0.146
44 12 128 -0.327
41 14 130 -0.791
23 12 0 1.778
11 30 35 -0.045
35 4 8 -0.099
16 27 75 0.759
31 16 133 0.539
20 26 76 -0.164
23 30 1 2.210
24 34 60 -0.972
40 3 123 -0.916
29 19 39 1.780
14 22 73 -0.632
22 28 2 -0.736
37 4 18 -0.140
17 29 64 2.212
34 22 95 0.065
35 14 46 0.061
36 16 120 -0.816
13 31 105 1.338
29 26 42 0.760
35 13 120 -0.766
40 14 130 -0.387
39 7 15 -0.272
29 15 21 2.416
29 27 43 -0.668
26 26 79 -0.809
40 4 16 -0.642
19 34 101 0.693
33 27 97 -0.769
11 37 147 -0.493
43 11 16 0.125
26 18 60 -0.778
40 12 131 -0.659
23 26 139 0.423
14 29 67 -0.126
12 42 102 -0.727
10 36 143 1.169
17 31 145 0.239
40 15 17 -0.063
27 11 4 -0.399
13 29 65 -0.864
31 25 43 -0.662
12 33 68 1.205
33 12 20 0.048
12 35 71 -0.488
7 37 71 -0.854
37 18 48 -0.591
21 15 0 -0.430
21 30 149 -0.949
40 8 47 -0.314
30 24 43 -0.871
19 38 138 -0.590
23 35 77 -0.579
11 30 107 -0.082
38 14 47 -0.480
38 16 127 0.046
37 8 14 0.366
15 18 74 0.793
22 38 100 -0.700
14 33 75 -0.754
22 20 0 -0.343
14 35 141 -0.427
37 4 8 0.028
30 28 21 -0.989
41 13 55 0.641
26 31 25 -0.590
15 32 71 0.254
27 23 61 0.099
18 28 74 -0.005
12 24 29 -0.956
13 40 105 0.817
35 20 58 0.221
39 14 86 0.210
27 20 59 -0.470
34 15 18 -0.998
29 22 80 -0.119
41 14 50 1.139
36 17 45 -0.125
17 21 34 0.768
36 7 127 -0.742
39 15 131 -0.889
25 27 59 -0.810
14 33 33 -0.085
21 25 75 0.782
23 14 3 0.112
13 37 36 1.657
24 34 77 -0.846
37 13 132 -0.750
31 18 6 -0.495
27 22 79 0.511
33 15 43 0.666
16 18 31 -0.482
16 35 112 -0.702
44 11 127 -0.726
14 25 67 -0.527
12 31 109 0.075
27 14 82 -0.774
33 19 134 1.657
12 31 106 -0.187
35 14 53 -1.012
20 35 137 -0.803
38 7 54 -0.700
11 34 67 0.034
32 15 117 -0.119
35 18 118 0.085
20 17 0 0.822
26 27 114 0.483
42 17 130 -0.337
18 17 2 0.893
12 39 102 -0.659
18 30 112 0.355
16 27 103 -0.922
24 21 82 -0.595
26 26 60 -0.894
37 12 127 0.281
22 25 24 1.024
20 23 112 3.794
26 22 61 0.653
42 7 51 -0.860
18 25 76 0.005
35 21 20 -0.076
10 35 32 -0.819
15 33 30 2.139
37 20 56 0.510
19 22 26 -0.118
22 9 0 1.669
24 29 62 -0.973
37 10 9 -0.064
36 20 6 2.073
14 34 104 -0.720
23 27 139 -0.579
22 25 1 2.260
38 15 56 0.637
33 8 123 -0.706
32 18 5 -0.033
41 10 13 -0.163
26 27 59 -0.822
21 23 2 -0.445
18 25 37 0.959
21 23 138 1.183
20 35 138 -0.726
10 40 145 -0.821
25 26 4 -1.006
15 29 71 0.744
36 22 57 -0.217
30 14 116 0.128
12 27 145 -0.966
39 12 55 0.434
15 28 37 0.067
14 29 31 0.922
30 29 94 -1.009
40 11 126 -0.581
28 23 41 0.154
27 27 135 -0.209
15 26 141 -0.212
25 24 60 -0.376
14 25 142 0.545
36 1 131 -1.052
41 10 129 -0.668
13 38 139 -1.052
39 13 51 0.669
43 18 128 -0.360
14 32 75 -0.684
21 29 138 0.088
36 16 18 -0.999
34 14 83 -0.147
27 25 98 0.479
27 16 61 2.144
41 11 92 -0.592
40 10 18 -0.586
14 32 147 -0.430
11 31 105 2.752
43 7 50 -0.742
30 28 96 -0.473
29 12 44 -0.350
10 40 105 -0.415
44 5 15 -0.779
40 15 85 0.197
30 12 7 0.482
27 25 120 -0.551
40 6 124 -0.246
29 13 39 1.951
17 29 37 2.198
17 32 75 0.617
36 10 121 -0.442
28 20 60 -0.615
33 24 43 0.326
34 12 119 -0.423
30 12 40 0.387
22 19 112 1.803
41 15 13 0.542
19 29 28 -0.536
38 12 123 -0.451
34 18 86 -0.879
34 23 57 -0.507
19 21 138 1.383
34 16 117 -0.787
28 27 135 0.040
36 12 49 -0.433
29 17 39 1.796
19 30 149 -0.837
38 13 57 1.017
20 23 25 0.267
23 22 28 -0.401
37 23 19 0.250
38 15 8 0.173
16 32 143 -0.427
12 39 143 -0.134
42 8 12 -0.833
12 32 147 -0.195
22 27 26 -0.475
30 20 41 0.229
14 31 36 4.764
43 13 124 -0.537
39 11 86 -0.102
24 23 149 -0.948
34 12 47 -0.326
8 41 108 0.196
34 19 10 -0.808
25 26 136 -0.489
11 40 30 1.360
9 32 35 0.598
30 14 77 0.995
39 9 127 -0.508
13 34 143 0.532
13 24 29 -0.915
11 32 145 -0.780
17 25 28 -0.269
38 12 55 -0.324
35 18 121 -0.227
15 33 147 -0.944
28 26 134 -0.849
21 19 112 0.679
20 28 137 -0.639
13 31 111 -0.790
40 14 92 -0.896
31 7 7 -0.237
18 24 65 1.512
14 33 31 1.065
15 22 29 -0.590
17 30 29 -0.901
27 29 135 0.699
21 29 101 1.796
45 2 88 -0.457
36 9 8 -0.197
16 26 144 -0.420
18 25 63 -0.498
34 12 124 -0.140
21 16 75 -0.539
21 21 38 0.841
12 39 32 -0.277
34 5 44 -0.687
4 39 108 -0.942
31 26 58 -0.350
22 29 99 -1.050
31 16 119 -0.550
31 24 60 3.739
32 13 8 -0.200
36 5 7 -0.669
37 12 121 -0.334
37 14 47 -0.729
32 22 116 -0.889
16 22 29 -0.957
25 32 24 -0.809
16 27 140 3.063
11 41 106 0.094
32 23 59 -0.276
40 12 14 -0.179
41 15 17 -0.653
38 16 91 -0.505
33 26 22 0.195
13 33 32 0.908
38 19 93 -0.960
37 17 20 -0.405
34 13 119 -0.730
12 37 30 1.689
30 24 136 2.070
22 33 62 -0.756
15 25 104 1.688
9 38 107 -0.959
33 18 58 0.092
35 17 132 -0.827
17 23 28 0.560
37 9 49 0.313
15 29 75 -0.851
33 15 10 0.928
42 10 11 -0.296
41 14 88 -0.054
34 24 7 -0.364
39 9 50 0.391
39 15 84 -0.598
37 17 131 -0.984
35 6 119 0.909
39 14 89 0.681
14 26 74 -0.394
37 16 133 0.390
40 12 124 -0.273
15 27 66 0.784
26 20 98 -0.289
18 35 138 0.920
32 18 134 1.188
35 13 10 -0.577
16 22 70 -0.136
42 16 51 1.061
21 21 26 -0.303
37 18 133 1.034
23 24 28 -0.568
17 40 137 -0.555
42 7 17 0.800
42 19 125 -0.148
41 12 50 0.675
35 6 44 -0.658
33 10 8 0.173
38 15 92 -0.490
22 19 27 -0.405
13 38 106 -0.387
16 21 73 1.510
11 38 147 -0.751
36 7 84 -0.402
13 30 32 2.352
34 20 7 0.402
13 39 32 -0.764
31 20 40 -0.185
28 15 22 0.404
29 18 117 -0.591
31 25 135 -0.299
16 32 70 -0.911
12 33 36 0.056
26 19 76 -0.201
24 22 139 1.090
18 31 112 -0.855
12 31 68 0.164
32 19 96 -0.795
15 31 32 4.547
12 37 69 -0.376
42 6 17 -0.524
12 37 66 1.439
38 11 53 -0.597
37 1 46 -0.824
34 10 119 -0.714
26 27 23 0.122
41 18 125 0.222
15 27 34 0.681
18 30 101 -0.039
40 11 15 -0.722
41 10 87 1.002
35 11 118 1.304
31 26 57 -0.457
39 10 51 0.501
15 28 105 1.374
27 29 59 -0.686
34 12 44 -0.008
38 13 122 0.014
39 9 48 0.388
30 17 42 -0.055
42 11 52 0.569
13 35 65 -0.814
12 37 145 -0.727
11 35 107 -0.875
37 15 48 -0.479
15 32 67 -0.206
31 25 41 1.342
36 13 83 -0.782
37 11 18 -0.180
32 4 123 -0.755
22 23 4 -0.978
36 6 118 1.733
28 31 115 -0.990
39 13 131 -0.723
31 11 118 0.561
21 23 27 -0.371
17 30 27 -0.889
36 16 133 0.259
28 22 96 -0.759
18 30 26 -0.592
25 28 24 1.518
17 27 102 -0.340
23 26 24 -0.173
25 24 5 0.564
29 22 59 0.127
15 25 149 -0.065
14 22 28 -0.065
6 34 108 -1.016
32 16 115 0.009
29 16 115 0.482
18 23 76 0.221
21 27 1 0.579
15 32 72 -0.263
12 32 145 0.143
17 26 69 0.277
30 24 57 -0.540
27 16 78 -0.448
18 34 73 -0.409
12 38 70 1.208
22 26 38 -0.858
40 18 54 -0.354
14 42 111 -1.032
26 24 63 -0.454
24 34 24 -0.569
34 14 9 -0.089
41 15 129 -0.888
37 18 120 -0.046
33 19 43 0.270
32 18 43 0.439
32 20 119 -0.648
16 31 141 0.549
23 22 76 -0.726
37 16 91 -0.803
21 35 99 -0.831
16 25 110 0.248
33 16 9 0.869
27 29 39 -0.920
41 15 54 -0.844
40 15 49 -0.754
19 21 1 0.705
18 32 139 -0.436
16 19 34 0.929
43 5 14 -0.761
13 28 105 1.400
21 23 25 -0.160
31 20 22 0.623
42 11 17 -0.157
27 25 42 -0.285
13 37 72 -0.333
38 14 126 0.571
12 31 141 -0.825
20 32 65 -0.015
19 34 73 -0.411
41 14 125 0.225
16 27 69 1.490
39 13 45 0.395
41 9 84 0.209
39 6 50 1.152
37 18 81 0.380
15 35 75 -0.776
43 13 46 0.153
35 15 49 -0.456
31 28 43 -0.544
33 17 10 -0.242
40 13 85 0.052
18 35 113 -1.000
12 41 143 -0.512
27 30 24 -0.063
42 7 92 -0.473
22 17 0 1.291
35 8 126 -0.818
20 32 137 -0.396
35 16 11 -0.400
23 20 25 -0.072
15 37 0 -0.715
38 14 87 -0.306
25 33 39 -0.983
13 39 147 -0.520
39 18 93 -0.927
28 9 4 -0.480
35 17 11 -0.375
35 15 85 -0.931
27 29 25 -0.960
31 16 22 -0.063
15 25 144 1.687
38 15 45 -0.610
29 27 115 -1.030
13 31 67 -0.422
43 12 125 -0.006
16 29 68 -0.260
16 19 73 2.401
33 13 96 0.036
32 15 58 0.152
15 36 144 1.959
35 12 54 -0.748
39 12 126 0.295
15 28 33 0.624
20 24 1 1.301
9 29 109 -0.274
36 8 118 1.561
40 15 129 -0.528
15 37 66 -1.016
31 17 5 -0.469
34 11 120 -0.940
27 18 39 2.207
15 31 31 -0.358
27 31 62 0.072
25 15 4 -0.441
16 32 140 0.202
38 8 123 -0.735
31 17 10 -0.418
29 14 117 -0.813
22 21 3 -0.210
38 19 8 -0.345
29 24 61 1.361
42 2 12 -0.948
22 16 0 1.003
34 24 6 1.461
37 19 95 -0.475
37 8 12 0.909
12 33 143 3.378
19 25 113 -0.242
28 24 41 -0.469
42 16 88 0.416
38 12 17 0.143
12 32 66 -0.577
42 13 125 0.274
28 16 59 -0.615
17 24 110 -0.205
23 25 78 0.365
20 33 0 -0.605
22 27 4 -0.968
26 13 3 0.056
40 13 125 -0.991
43 4 88 0.189
19 22 34 -0.146
38 20 84 -0.673
37 13 121 -0.884
38 9 51 0.248
18 23 34 -0.194
42 8 125 -0.856
15 26 71 0.890
15 40 113 -0.957
37 18 57 -0.062
37 8 87 0.423
24 30 63 0.590
34 25 57 -0.902
25 28 4 -1.016
16 27 37 2.129
18 34 64 0.525
16 26 72 -0.110
19 20 63 -0.818
16 29 142 5.472
11 26 67 -1.071
36 11 87 -0.891
31 16 96 -0.881
34 11 47 -0.684
26 26 114 -0.297
37 13 80 0.069
37 14 13 -0.682
15 31 38 -0.591
13 34 0 -1.056
36 7 130 -0.033
23 37 77 0.001
11 37 146 -0.590
21 25 2 -0.180
40 11 55 -0.055
34 22 80 0.066
23 25 28 -0.369
13 27 103 0.641
38 12 11 2.050
31 11 4 0.618
12 30 71 0.111
15 28 144 0.014
26 16 5 1.241
13 32 66 -0.217
35 23 94 -0.663
18 37 67 -0.783
38 17 56 0.899
31 19 40 -0.153
17 24 65 1.826
31 14 5 -0.335
33 24 6 0.069
44 14 129 0.080
34 19 56 0.579
39 9 84 -0.143
11 30 109 0.390
16 26 110 -0.137
40 10 16 0.553
31 15 7 -0.550
31 19 22 -0.314
37 17 56 0.181
18 23 65 0.478
13 35 149 -0.385
40 18 53 -0.365
39 10 124 -0.331
41 15 50 1.584
12 37 147 -0.791
32 21 98 -0.964
9 38 35 -0.729
14 33 111 -0.090
33 12 117 0.225
20 26 38 0.705
20 27 111 -0.921
26 22 39 -0.782
12 32 33 1.380
11 37 30 0.430
39 7 131 -0.872
16 32 141 -0.517
42 18 91 -0.622
16 38 0 -1.037
36 12 120 -0.509
29 21 117 -0.889
35 8 50 -0.466
17 36 140 -0.172
39 10 127 -0.204
38 7 46 -0.794
15 24 72 -0.400
37 18 56 0.001
22 37 100 -0.509
40 11 128 -0.826
31 27 59 -0.575
39 9 56 -0.876
37 10 53 -0.727
16 31 37 0.188
34 16 118 0.081
28 33 134 -0.964
9 44 105 -0.450
37 13 46 -0.310
42 10 129 -0.554
29 21 135 0.829
43 9 51 -0.712
29 33 60 -1.054
26 24 6 -0.709
16 28 141 2.096
18 23 111 -0.885
14 34 106 -0.500
38 16 132 -0.850
22 33 138 -0.217
12 37 106 -0.662
43 7 12 -0.855
14 31 106 -1.041
15 24 29 -0.779
23 20 3 -0.436
14 32 66 -0.956
19 26 26 -0.890
21 23 139 0.786
35 19 96 -0.326
39 21 19 0.116
16 24 33 1.051
35 16 82 -0.468
39 3 131 -0.949
15 34 34 -0.606
14 28 74 -0.587
13 35 35 0.429
22 32 100 -0.719
38 7 123 -0.769
21 18 2 1.439
15 25 103 5.622
42 5 16 -0.821
42 5 12 -0.903
11 20 68 -0.013
21 27 113 -0.715
38 12 45 0.470
37 24 121 -0.430
14 31 142 2.965
41 10 90 -0.031
37 12 120 -0.521
15 42 147 -0.597
12 30 142 3.309
33 14 43 0.551
14 31 33 -0.208
13 36 139 -1.007
32 12 8 -0.172
38 7 13 0.031
13 27 140 0.529
15 33 74 -0.951
37 14 57 -1.042
13 25 147 0.511
20 28 26 1.251
19 32 64 -0.686
11 31 34 -0.707
34 21 97 2.879
39 17 92 -0.801
31 17 77 0.988
23 24 24 1.047
11 31 146 -0.838
14 37 110 -0.998
14 43 111 -0.977
36 8 10 1.101
17 21 113 0.246
40 14 129 -0.827
21 26 113 -0.918
38 10 87 0.257
22 18 3 -0.338
29 26 134 -0.307
37 11 55 -0.517
17 23 64 2.994
29 23 21 -0.944
27 28 42 -0.346
12 34 66 -0.699
13 32 36 1.493
35 2 82 -0.183
16 37 100 -0.907
32 30 59 -0.882
14 37 147 -0.391
18 29 1 0.422
37 11 45 0.143
17 31 112 0.539
40 16 84 -0.684
24 31 115 -0.880
30 24 41 0.357
31 17 116 -0.339
24 25 99 -1.056
17 30 37 1.356
12 34 107 -0.687
44 9 90 0.076
27 22 39 1.897
39 15 120 -0.886
20 32 101 0.154
24 36 62 -0.798
32 15 94 -0.952
27 27 79 1.169
30 26 23 -0.399
32 14 58 0.178
29 32 135 0.018
38 13 10 0.001
40 6 14 -0.493
38 20 131 -0.930
26 27 24 0.344
40 7 46 -0.690
22 25 25 -0.597
37 7 86 -0.802
11 34 72 0.406
20 28 149 -1.027
15 28 67 0.053
31 20 44 0.016
35 11 87 -0.927
12 33 66 -0.952
22 17 138 1.138
14 27 74 -0.050
12 38 35 1.586
43 10 127 -0.221
12 33 106 -0.472
9 40 108 0.706
29 21 5 -1.007
39 4 12 1.165
35 17 94 -0.731
33 13 117 -0.130
16 23 103 -0.981
25 24 99 -0.879
22 21 114 1.115
17 28 102 0.156
12 41 147 -0.787
38 15 123 -0.126
44 6 15 -0.820
35 11 126 -0.601
13 27 33 0.451
31 6 79 0.196
28 15 97 -1.061
16 30 148 0.346
18 19 73 2.064
36 17 83 -0.395
32 26 21 0.949
15 31 111 -1.055
42 8 127 1.018
13 30 31 0.535
23 19 27 -0.417
31 14 81 -0.439
27 25 136 0.445
38 12 92 -0.782
42 20 125 -0.016
12 36 105 0.103
13 26 36 4.014
40 14 50 1.830
23 33 25 1.655
17 26 28 0.486
12 24 146 2.225
40 17 11 -0.179
34 24 58 0.287
27 29 60 -0.655
15 34 144 0.523
24 26 25 0.275
16 26 34 -0.169
16 28 74 0.598
19 35 101 0.733
32 18 42 -0.188
36 13 92 -0.917
21 27 38 -0.928
30 19 41 0.260
25 25 61 -0.086
39 12 48 -0.542
14 38 36 0.005
22 25 2 -0.717
37 9 50 -0.307
15 31 149 -0.047
40 8 54 -0.682
19 31 101 0.249
40 9 11 -0.342
23 23 76 -0.517
39 4 15 -0.620
26 20 3 0.563
35 3 7 -0.374
14 40 111 -0.993
41 9 88 -0.555
29 30 96 -0.512
11 33 70 2.872
13 36 104 -1.050
27 26 60 -0.496
33 9 119 -0.483
24 31 99 -0.643
23 26 99 -0.707
37 8 127 -0.754
26 26 135 -0.426
16 36 113 -0.987
8 40 108 0.712
34 7 11 -1.015
28 21 117 -0.903
45 4 88 -0.311
29 14 21 2.705
40 12 52 -0.629
33 21 6 0.155
25 28 23 0.776
32 19 42 0.431
17 37 113 -0.985
15 40 148 1.695
15 29 103 3.504
31 25 22 1.106
17 37 68 -0.787
11 32 109 -0.756
42 11 128 0.331
36 16 8 -0.151
16 38 142 -0.657
33 10 124 -0.497
18 22 28 -0.278
12 30 149 -0.047
35 11 7 0.084
18 32 1 0.269
33 25 95 0.409
13 22 107 -0.078
15 31 141 -0.755
42 15 88 0.297
10 34 66 -0.469
40 9 16 -0.342
14 35 34 -0.418
35 22 95 -0.868
39 18 92 -0.440
37 8 47 -1.060
38 14 55 -0.344
28 15 4 -0.287
28 18 114 1.947
15 22 69 1.438
31 24 118 -0.110
22 28 25 0.625
10 36 146 -0.912
40 12 53 -0.247
20 24 74 -0.617
17 23 73 1.031
28 21 97 -0.972
20 17 149 0.255
16 27 29 -0.935
20 20 73 -0.590
11 24 67 -0.984
13 24 107 0.532
12 29 34 -1.066
20 22 74 -0.772
20 30 26 -1.019
16 24 148 2.352
13 41 140 -0.927
27 22 44 -0.702
43 9 91 0.545
36 19 134 0.507
30 26 41 -0.102
14 23 107 -0.684
14 35 142 -0.643
27 27 23 -0.908
40 18 18 -0.851
14 37 68 0.919
16 29 71 0.010
29 9 117 0.635
40 15 50 0.597
23 28 79 -0.959
42 12 51 -0.211
29 25 59 0.060
11 40 71 -0.919
22 33 79 -0.996
41 11 46 0.185
37 13 56 -0.652
38 13 15 -0.114
38 11 48 -0.351
19 28 27 0.341
37 24 95 0.103
18 36 1 -0.937
31 15 81 -0.895
31 27 95 0.285
36 23 6 1.273
13 35 69 -0.308
29 19 40 2.680
27 31 23 -0.378
26 9 0 1.224
23 22 138 1.522
8 34 108 -0.387
41 16 129 -0.525
9 36 143 -0.759
17 22 74 -0.263
19 22 73 -0.208
40 13 92 -0.733
20 34 63 -0.237
20 27 139 0.267
38 12 132 -0.977
19 40 138 -0.648
34 16 86 -0.976
14 35 112 -0.542
24 24 136 -0.158
31 4 79 0.256
16 26 73 -0.683
32 17 5 -0.276
38 15 57 -0.880
34 20 6 -0.031
39 15 91 -0.210
40 10 125 -0.375
35 15 43 0.574
18 24 34 -0.201
34 14 10 0.681
19 23 26 0.527
37 1 131 -1.043
25 17 5 1.588
42 18 130 -0.420
14 30 142 2.018
14 34 112 -0.689
17 23 141 2.451
18 42 137 -1.047
31 17 40 0.148
39 8 91 -0.498
20 35 101 0.777
35 13 86 -1.003
20 26 2 -0.943
30 20 116 0.785
39 15 123 -0.851
42 11 124 0.081
29 13 118 -0.379
35 18 47 -0.121
38 11 121 -0.363
18 26 75 2.308
14 31 70 -0.215
30 24 42 0.772
41 16 17 -0.852
27 19 60 -0.835
37 13 129 -0.914
16 37 148 -0.869
41 11 52 -0.800
29 9 4 -0.058
14 20 34 0.561
30 27 41 0.224
37 22 6 1.451
30 24 134 -0.261
39 14 17 -0.071
10 31 29 -0.650
28 20 77 -0.965
12 25 33 0.390
30 25 96 -0.674
24 26 4 -0.866
35 16 121 -0.509
28 31 25 -0.668
22 19 76 -0.224
40 12 17 -1.019
26 23 76 1.313
36 6 130 -0.364
9 41 109 -0.448
15 33 27 -0.859
12 39 35 1.563
31 30 97 0.256
23 17 138 1.311
15 32 66 -0.508
38 19 86 -0.804
41 10 48 -0.909
30 30 22 1.423
18 21 31 -0.331
28 29 135 -0.139
11 37 104 -0.202
10 35 143 -0.839
39 16 92 -0.616
39 11 15 -0.160
19 23 65 0.028
35 19 93 -0.742
23 36 114 -0.953
18 33 106 -0.318
14 34 68 -0.639
38 20 91 -0.128
40 8 16 -0.420
41 5 14 -0.959
41 10 127 -0.064
33 20 58 0.191
25 20 114 2.921
32 18 118 0.023
30 21 58 0.082
30 20 21 0.176
40 10 130 -0.312
16 29 140 -0.650
32 17 44 -0.405
13 26 147 1.266
26 29 114 0.605
33 21 57 -0.952
39 14 11 -0.301
21 28 101 -0.071
38 16 84 -0.726
38 13 9 -0.263
37 12 48 -0.511
20 20 2 -0.213
35 24 95 -0.232
31 23 98 -0.792
18 22 148 0.260
42 12 129 -0.010
38 8 125 -0.912
42 13 17 -0.529
36 6 83 -0.721
13 28 74 -0.587
32 18 9 0.752
27 20 44 -0.827
17 19 1 -0.592
21 24 0 0.726
23 25 24 -0.595
16 24 65 1.405
33 18 91 -0.743
29 22 22 0.013
21 19 0 2.119
41 4 11 -0.602
33 27 22 -0.063
41 12 13 0.669
21 21 0 1.262
18 27 69 0.405
34 18 57 0.004
37 17 132 -0.216
18 32 27 0.579
22 12 78 -0.588
22 22 26 -0.729
43 14 91 0.077
17 28 29 -0.962
16 25 28 1.702
27 16 77 1.492
18 29 76 -0.423
34 15 8 0.420
38 13 83 0.596
32 23 98 -0.916
19 36 140 -0.669
14 37 111 -0.929
14 33 110 -0.996
22 29 62 -0.251
22 34 137 -1.010
18 33 37 -0.898
34 9 47 -0.779
37 3 123 -0.907
12 35 104 0.006
18 32 38 0.294
30 19 21 1.781
32 22 57 -0.540
30 29 60 1.353
41 9 50 0.802
43 13 126 -0.902
39 15 11 -0.462
36 18 120 0.086
35 14 133 -0.106
11 31 35 0.644
41 12 47 -0.282
38 14 48 -0.151
39 15 122 -0.063
30 26 60 2.732
42 7 16 0.260
40 12 88 -0.146
15 32 33 0.546
35 17 47 -0.711
33 27 133 -0.831
33 26 43 -0.381
30 23 120 -0.820
41 4 15 -0.061
27 27 62 0.878
30 21 42 -0.470
25 32 114 -0.232
38 15 91 -0.202
41 15 18 -0.609
12 35 32 0.429
16 36 103 -0.401
14 32 36 4.619
38 11 12 2.226
28 29 60 -0.650
19 29 38 0.324
18 30 76 -0.505
27 25 40 -0.793
12 28 143 1.781
20 30 64 0.769
18 30 27 -0.212
40 7 16 -0.485
17 31 142 1.968
23 11 1 -0.610
35 9 11 0.606
15 25 28 -0.422
24 14 0 1.713
34 27 95 0.528
25 31 60 -0.885
32 16 81 -0.295
35 20 19 -0.516
13 25 31 0.351
25 22 79 1.064
38 11 55 -0.704
32 22 42 1.511
31 20 6 -0.543
38 6 18 0.020
38 10 91 -0.139
13 25 107 0.883
16 23 31 0.513
43 10 125 0.163
34 11 124 -0.087
14 25 106 2.104
17 36 148 -0.822
29 22 135 0.144
7 38 108 -0.458
40 5 84 -0.028
33 19 41 0.353
36 12 45 0.243
15 32 74 -0.551
31 26 42 -0.362
33 4 123 -0.829
31 26 60 2.166
40 16 18 -0.637
17 24 74 -0.039
37 12 53 -0.741
28 21 59 -0.266
14 24 71 1.582
13 32 27 -1.029
23 31 0 -0.856
10 25 66 -0.822
36 12 89 -0.571
30 21 23 -0.403
17 30 65 0.454
42 13 124 -0.915
40 7 125 -0.545
32 23 61 2.537
27 29 21 -0.994
37 4 84 -0.442
12 36 146 -0.373
29 14 115 0.915
40 9 124 -0.265
16 36 36 1.378
41 8 90 0.056
19 31 37 0.225
37 12 84 -0.862
22 36 138 -0.525
14 33 104 1.638
17 33 111 -0.533
29 16 44 -0.034
30 17 77 0.734
14 19 34 0.622
42 14 92 -0.024
16 39 36 -0.038
25 31 24 -0.881
9 45 102 -0.878
29 26 21 -0.838
23 23 3 -0.309
25 29 24 -0.729
16 39 0 -1.049
26 26 99 -0.978
25 20 3 0.634
41 12 129 -0.443
37 15 122 -0.515
12 32 108 -0.903
32 26 135 0.019
39 10 16 -0.762
26 31 60 -0.966
15 34 69 0.229
27 22 62 0.926
14 30 141 0.106
42 11 53 -0.378
15 38 103 1.405
31 5 79 -0.038
36 12 12 0.420
15 31 66 -0.912
39 14 129 -0.782
25 25 24 -0.194
31 24 22 0.637
40 7 92 -0.158
25 15 61 1.846
15 32 110 -0.987
13 34 106 -0.492
35 20 93 -0.783
16 24 111 -1.007
31 25 95 0.853
35 15 95 0.315
28 11 115 0.745
15 32 143 -0.527
40 9 52 -0.815
38 14 13 -0.666
28 27 59 -0.288
19 22 110 1.769
30 14 118 0.122
24 27 26 -0.021
37 14 83 0.302
38 4 46 -0.619
12 38 104 -0.359
36 12 50 -0.302
16 26 140 2.805
6 45 108 -0.955
30 13 116 -0.503
23 12 78 -0.618
38 9 11 0.262
29 23 25 0.278
31 11 119 -0.698
36 26 120 -0.081
29 25 98 1.032
15 37 149 -0.998
16 25 73 -0.708
28 31 99 -0.327
37 3 87 -0.983
37 9 8 0.612
16 35 36 3.115
31 19 6 -0.460
39 6 48 0.001
30 12 77 0.979
13 39 66 -0.394
28 16 117 -0.988
45 12 52 0.034
40 13 11 -0.739
30 22 40 0.428
27 12 115 0.164
39 14 93 -0.822
45 3 88 -0.559
20 19 63 -0.609
19 30 65 0.103
27 19 40 2.257
35 13 84 -0.384
31 17 118 -0.508
12 39 72 -0.011
20 29 113 -0.486
40 15 11 0.142
39 10 131 -0.859
23 12 1 1.562
19 23 64 -0.736
36 18 83 -0.618
13 38 102 -0.287
41 19 125 0.274
28 31 135 0.058
36 8 82 0.729
39 13 49 -0.304
12 32 104 -1.048
16 21 113 0.097
35 16 56 -0.302
29 16 40 1.285
23 26 3 -0.371
17 29 143 -0.297
12 18 34 0.494
42 11 50 1.542
36 23 22 -1.102
40 20 54 -0.342
25 28 39 -1.031
24 16 4 -0.572
26 28 61 -0.691
16 36 143 -0.514
25 25 4 -1.008
20 28 63 -0.783
30 24 94 -1.048
21 28 25 0.729
27 17 79 -0.209
40 18 17 -0.470
13 38 143 0.127
14 36 36 -0.193
35 17 81 0.529
40 10 90 0.068
28 27 115 -1.026
36 23 120 0.176
15 31 72 -0.942
19 25 73 -0.932
44 11 124 -0.927
24 34 62 -1.046
37 11 48 0.354
34 19 59 -0.949
26 28 58 -0.223
34 9 121 -0.866
13 22 29 -0.799
32 17 81 0.097
35 7 127 -0.783
29 22 42 -0.160
18 25 38 0.447
40 13 49 -0.470
24 24 78 -0.275
24 9 78 -0.626
41 17 130 -0.269
41 14 18 -0.347
28 26 39 -0.462
19 39 138 -0.602
41 8 51 -0.589
35 19 6 0.039
15 31 36 1.413
37 10 87 0.325
18 18 2 -0.434
30 15 5 -0.093
17 23 65 1.203
16 26 31 0.017
17 24 63 -0.804
37 19 19 0.025
28 11 82 -0.948
35 13 83 -0.430
16 34 100 -0.939
29 36 96 -0.504
41 11 51 -0.339
29 22 97 -1.055
15 30 110 -0.867
39 12 47 -0.630
16 33 112 -0.652
30 21 98 1.767
26 10 44 -0.855
39 16 54 -0.423
22 20 62 -0.908
41 2 12 -0.789
31 21 42 0.443
31 15 58 0.479
38 14 86 0.443
32 13 96 -0.533
11 28 143 0.839
15 36 142 -0.157
43 8 52 -0.040
31 16 77 -0.141
37 2 131 -1.011
24 17 0 1.708
34 21 133 -0.604
16 24 31 0.760
27 20 114 1.729
41 17 125 0.220
16 35 104 -0.524
39 7 123 -0.771
24 25 0 -0.851
42 11 121 0.147
13 33 139 -1.023
36 21 19 -0.046
39 13 128 -0.581
24 22 76 0.278
20 21 138 0.770
11 20 69 0.249
29 32 134 -0.936
36 20 19 -0.405
37 7 45 -0.456
15 35 103 2.575
39 18 91 0.267
14 28 104 0.130
16 25 68 -0.096
32 12 4 -0.461
37 16 94 -1.010
17 30 64 2.195
27 32 62 -0.264
22 23 112 1.321
39 9 124 -0.225
13 27 31 0.030
38 10 49 0.347
24 30 27 -0.375
14 31 69 -0.692
39 11 10 0.628
22 21 26 0.040
12 19 33 1.745
18 21 73 2.476
41 13 128 -0.387
14 37 146 -0.130
23 26 78 -0.015
34 16 79 0.056
16 19 74 1.186
39 13 89 0.796
15 29 32 1.844
22 21 0 1.570
42 6 46 -0.308
33 22 97 2.726
32 11 8 -0.566
27 24 44 -0.809
37 15 89 -0.134
36 15 18 -1.021
17 27 75 -1.023
33 7 121 -0.960
38 8 89 -0.666
22 35 115 -0.837
36 7 7 0.698
24 21 25 -0.032
27 25 76 -0.344
26 23 59 -0.086
17 26 74 -0.094
31 22 44 -0.126
14 22 103 5.306
22 15 138 2.578
23 16 3 -0.009
20 29 26 -1.051
42 4 12 -0.727
39 9 122 0.419
32 27 133 -0.923
39 11 130 -0.207
33 14 45 -0.873
31 27 58 -0.236
26 21 78 0.120
17 27 28 0.347
27 27 39 0.755
16 24 74 0.965
11 41 109 -1.001
37 13 120 -0.276
12 34 34 -0.745
35 18 132 -0.689
25 29 25 -0.625
20 23 2 0.114
14 37 32 -0.771
17 41 137 -1.065
20 19 2 -0.375
20 22 63 -1.057
34 14 56 -0.956
19 27 65 -0.038
7 28 108 -0.611
18 27 142 1.734
35 17 6 -0.277
34 23 58 0.309
13 31 33 -1.059
14 30 105 2.176
16 26 27 -0.648
39 17 55 -0.861
37 19 56 0.820
42 10 53 0.623
43 15 53 -0.896
23 34 99 -1.038
15 37 148 1.546
35 20 81 0.577
13 35 70 1.043
40 13 126 -0.605
43 7 15 -0.905
39 10 85 -0.142
32 16 97 -0.715
23 30 62 -0.800
25 15 78 -0.765
38 14 90 -0.745
27 24 114 0.226
41 15 87 1.235
28 14 116 0.896
24 11 0 1.476
43 7 51 -0.934
30 23 21 -0.241
15 33 141 -0.818
29 15 22 0.710
17 21 141 0.603
36 12 20 -0.729
28 18 42 0.182
24 29 100 -0.335
34 22 57 -0.622
14 26 29 -0.830
36 23 7 0.060
36 23 132 0.012
16 25 70 -0.118
13 40 30 -0.739
42 15 10 0.666
20 34 64 -0.627
14 37 106 0.616
22 27 2 -0.858
13 36 33 -0.490
34 18 8 0.211
12 36 71 -0.826
24 21 99 -0.585
36 13 121 -0.614
43 8 15 -0.442
37 22 95 0.020
38 10 16 -0.637
13 34 105 1.474
16 30 111 -0.608
39 11 9 0.146
41 12 15 -0.676
15 29 31 0.036
22 37 99 -0.802
18 20 27 -0.923
13 37 147 -0.823
42 16 17 -0.966
16 24 64 4.637
43 7 14 -0.567
34 25 119 -0.887
12 26 106 0.848
37 16 48 -0.516
13 35 34 -0.748
39 12 83 0.315
39 16 84 -0.795
23 34 24 -0.328
19 35 148 -0.014
19 31 73 -0.515
13 26 33 0.126
31 18 120 -0.593
10 39 30 -0.791
40 8 46 -0.891
39 14 51 0.959
17 36 68 0.471
30 26 21 -0.674
13 29 67 -0.190
41 17 88 -0.344
42 2 17 0.677
32 22 95 0.161
23 27 63 -0.647
26 29 136 -0.926
19 24 111 -0.790
12 33 70 0.887
37 7 16 -0.735
28 24 136 0.774
35 18 94 -0.592
17 28 38 -0.073
38 13 48 -0.245
18 31 27 0.242
39 4 14 0.112
14 23 69 1.500
20 24 76 0.001
20 31 101 0.276
30 27 42 0.724
14 36 143 -0.006
40 17 84 -0.689
8 38 35 -0.853
15 30 140 1.323
33 21 42 0.414
30 27 136 -0.188
31 17 120 -0.573
19 26 149 -0.802
15 41 68 -0.665
23 16 1 3.047
17 35 103 0.709
36 19 55 -0.379
39 5 131 -0.889
24 10 0 1.711
36 9 85 -0.513
12 37 70 0.714
24 30 4 -0.966
38 15 86 -0.911
24 32 77 -0.438
33 28 120 -0.719
11 41 139 -1.027
31 17 117 -0.601
26 20 44 -0.675
19 23 76 0.187
28 24 120 -0.559
14 32 143 -0.618
34 14 57 -0.627
19 33 137 0.331
20 32 26 -0.765
33 25 57 -0.553
18 30 64 0.633
14 37 33 -0.280
40 17 17 -0.189
19 33 63 -0.460
17 33 72 -0.859
37 20 121 -0.564
34 9 124 -0.347
15 26 70 0.014
40 10 129 -0.946
13 23 74 -0.518
39 9 89 0.518
25 16 116 -0.009
31 17 94 -0.889
17 24 34 0.373
30 24 120 -0.731
35 16 83 -0.704
22 24 139 -0.593
36 2 85 -1.018
32 15 96 -0.926
33 13 121 -0.299
29 26 39 -0.717
31 23 97 -0.804
31 20 119 -0.586
13 26 103 1.389
26 16 38 0.312
36 12 121 -0.930
26 20 39 0.471
19 32 149 -0.796
26 20 116 -0.426
36 7 118 0.434
17 20 63 -0.748
29 24 136 0.348
26 19 116 0.544
12 29 29 -0.935
41 15 11 -0.001
16 19 1 -0.621
27 31 25 -0.360
35 10 87 -0.923
14 35 66 -0.147
28 35 77 0.460
43 6 50 -0.614
35 16 87 -0.646
17 34 141 -0.529
37 7 7 -0.625
43 4 46 -0.252
31 9 79 0.400
32 24 80 -0.480
15 30 27 -0.778
20 28 139 0.258
42 17 129 -0.632
18 24 37 0.362
30 16 21 -0.858
36 14 81 0.742
34 16 96 0.295
30 19 42 -0.538
37 7 123 -0.638
40 16 86 -0.156
22 32 24 0.052
14 38 142 -0.731
15 36 112 -0.684
28 18 116 -0.226
29 15 116 0.087
28 28 40 -0.815
20 33 64 -0.714
26 17 39 1.789
27 27 25 -0.988
36 10 10 1.378
39 16 87 -0.749
17 24 37 0.850
9 31 108 -0.767
31 18 44 -0.357
40 15 46 0.435
34 11 83 -0.996
20 23 149 -0.278
15 35 74 -0.807
11 42 146 0.225
15 35 149 -0.994
36 22 18 -0.773
29 23 43 -0.793
41 12 16 0.127
32 23 40 -0.754
9 36 108 1.161
31 17 44 -0.276
11 31 102 1.114
38 8 85 0.183
34 12 54 -0.873
31 26 59 -0.334
17 25 104 0.191
36 16 93 -0.653
39 8 15 -0.540
13 31 71 -0.242
25 30 4 -0.994
41 14 17 -0.831
37 19 92 -0.435
38 11 89 -0.237
14 26 36 4.155
13 36 70 1.208
32 26 95 -0.004
27 21 78 0.828
13 32 34 -0.445
16 21 1 -0.614
31 18 7 -0.502
12 34 67 -0.958
35 23 19 -0.121
19 28 73 -0.846
25 26 62 -0.217
38 17 131 -0.860
18 24 28 0.204
36 18 20 -0.810
30 21 136 2.607
32 21 58 0.143
22 14 0 2.038
34 20 82 -0.832
14 34 109 -0.647
35 7 45 -0.185
38 17 9 -0.917
33 18 80 -0.423
31 15 21 0.433
17 31 70 -0.923
12 21 69 0.676
35 14 87 0.071
29 18 39 1.639
38 14 93 -0.980
21 33 137 -0.441
27 9 119 0.629
38 7 85 -0.912
17 24 141 3.227
12 30 68 -1.082
41 13 16 0.197
11 45 139 -1.030
36 9 118 1.426
26 11 44 -0.783
15 26 31 -0.897
13 33 66 -0.637
14 22 29 -0.798
37 10 124 -0.213
17 29 104 0.783
20 31 63 -1.035
13 29 107 -0.963
10 40 107 -1.015
13 33 36 0.033
11 27 35 0.605
29 20 98 1.838
34 17 9 0.947
14 32 31 0.685
17 26 38 -0.161
15 38 143 -0.412
18 30 38 0.964
38 11 86 -0.327
39 14 54 -0.039
30 14 79 -0.851
34 17 133 0.664
33 19 97 1.676
15 36 106 0.062
26 21 60 -0.671
39 10 86 -0.164
36 23 94 -0.433
35 12 49 -0.088
36 15 132 -0.790
33 12 46 -0.302
37 9 127 -0.708
15 30 149 0.027
14 32 106 -0.071
29 24 60 1.995
34 7 131 -1.041
34 15 95 0.272
38 13 53 -0.784
26 28 24 0.184
22 25 139 0.267
27 20 40 2.018
15 28 110 -0.994
18 25 65 1.931
29 19 22 0.679
32 21 116 -0.786
30 19 43 -0.685
21 27 37 3.372
13 37 140 -0.672
14 41 140 -0.828
35 20 95 -0.173
40 7 124 -0.117
21 26 63 -0.239
36 11 89 -0.701
16 21 28 -0.335
17 25 149 0.260
22 22 28 -0.746
35 10 127 -0.569
17 30 1 -0.983
10 38 107 -0.996
12 24 107 0.431
22 38 114 -0.936
16 25 34 0.684
34 13 43 0.684
25 23 3 0.110
16 37 142 -0.436
18 24 68 0.629
41 13 91 -0.708
30 23 41 1.205
13 30 148 -0.964
15 42 137 -0.765
40 5 15 -0.413
18 21 33 1.482
27 19 39 0.644
39 12 52 -0.140
24 29 26 -0.290
33 17 117 -0.614
37 13 13 -0.575
38 20 132 -0.237
40 10 127 0.070
17 25 34 -0.080
16 24 68 0.215
23 29 24 -0.545
23 32 24 -0.528
29 26 23 -0.385
35 14 124 -0.077
17 24 31 -0.525
36 11 9 1.063
12 32 27 -1.042
11 43 102 -0.743
12 31 32 -0.302
16 33 147 -0.915
24 21 4 -0.904
14 34 33 0.185
18 29 101 0.136
32 16 9 0.668
14 26 33 0.710
23 29 139 -0.464
13 28 31 1.297
40 11 49 0.247
37 14 48 -0.409
28 23 59 0.344
41 11 53 1.690
12 33 67 -0.646
40 6 11 -0.325
17 19 110 1.107
31 22 134 -0.714
17 31 143 -0.230
37 8 85 -1.051
32 24 97 2.744
35 17 119 -0.501
22 32 137 -0.956
23 19 63 0.103
30 23 97 -0.911
17 32 104 2.595
36 17 19 -0.365
22 24 4 -0.979
27 20 76 -0.662
39 9 55 0.088
35 15 47 -0.395
43 2 12 -0.754
29 22 77 -0.098
29 26 135 1.354
27 16 82 -0.751
21 26 101 1.015
26 28 39 -1.022
31 24 6 -0.311
38 17 122 0.072
12 30 29 -0.310
40 5 127 -0.388
37 8 13 -0.185
26 27 99 -0.373
39 12 53 0.442
30 23 98 0.901
13 34 34 -1.072
40 8 126 -0.696
23 22 24 1.605
28 24 98 -0.335
30 15 22 -0.049
20 29 137 -0.646
23 17 3 -0.427
32 19 97 -0.369
28 22 136 0.480
40 4 14 -0.096
40 14 87 1.004
30 28 60 2.888
23 21 2 1.367
15 37 144 2.255
23 23 4 -0.920
42 10 127 0.195
40 4 46 -0.696
16 26 1 -0.269
13 39 68 0.149
45 13 91 -0.774
32 21 96 -0.714
25 33 23 0.760
14 25 149 0.003
24 25 100 1.155
19 21 2 0.899
14 42 147 -0.676
41 13 129 -0.846
42 13 129 -0.252
32 30 22 -0.137
16 26 68 1.421
40 14 54 -0.494
31 20 116 -0.822
22 20 139 0.046
27 15 82 -0.746
37 10 49 0.334
39 16 126 0.306
21 30 64 -0.733
18 32 102 -0.052
37 15 18 -0.994
14 35 32 3.716
13 33 67 -0.048
25 29 115 -1.030
39 8 84 0.221
31 13 4 -0.267
29 26 136 0.146
37 7 48 -0.571
24 22 77 -0.621
30 20 44 -0.366
35 14 82 -0.863
41 17 128 -0.239
23 29 63 0.391
44 12 52 -0.873
23 27 37 -0.601
43 14 125 -0.139
31 21 21 1.786
16 27 70 -0.426
13 29 146 4.165
24 33 23 0.119
36 9 7 -0.442
33 22 98 -0.898
41 0 12 -0.976
39 10 122 0.305
40 11 16 0.164
33 27 80 -0.346
13 28 111 -0.059
34 7 121 -0.941
21 21 2 0.043
40 17 91 -0.352
15 28 104 -0.050
25 21 61 0.677
28 21 116 0.240
33 0 82 -0.724
39 11 90 -0.234
24 33 114 -1.049
22 37 114 -0.737
37 16 84 -0.324
39 16 85 -0.864
29 24 21 -0.660
33 22 43 0.327
40 9 50 1.595
25 24 135 -0.507
32 22 40 -0.649
24 21 62 -0.358
27 25 135 -0.031
27 16 39 -0.223
41 7 46 -0.712
35 19 10 -0.776
16 27 144 0.945
17 26 103 -1.061
13 39 29 -0.537
40 3 15 0.003
35 7 84 -0.871
33 19 20 0.088
35 15 8 0.480
42 14 49 -0.645
15 31 74 0.668
18 23 73 3.259
37 24 130 -0.987
13 22 106 1.956
34 9 81 -0.588
15 33 68 -0.482
37 7 13 -0.484
35 10 121 -0.978
21 24 26 0.300
13 21 71 1.883
12 21 71 1.250
25 17 38 0.251
22 29 113 -0.111
24 26 62 -0.623
29 24 42 -0.253
26 19 4 -0.750
13 41 72 -0.651
23 34 62 -0.242
16 21 33 0.859
14 36 149 -0.945
26 22 98 0.023
40 9 92 -0.866
37 13 89 -0.310
42 8 51 -0.819
19 32 65 2.299
27 30 39 0.909
14 33 103 2.551
35 21 132 -0.586
40 11 86 1.145
45 8 126 0.143
39 12 87 -0.845
11 38 109 -0.987
24 21 24 0.867
36 8 84 -0.178
36 12 57 1.269
27 18 5 1.545
36 15 83 -0.801
13 32 32 0.152
15 34 148 0.439
33 15 42 0.731
40 14 45 0.898
35 23 58 0.399
40 17 18 -0.637
29 21 97 -0.832
42 13 51 0.803
10 33 32 -0.738
39 12 51 0.599
36 17 10 0.203
32 15 44 -0.212
35 16 41 0.475
34 16 43 0.528
26 25 39 0.094
42 8 16 0.179
24 24 61 -0.043
43 6 88 0.398
34 4 45 -0.325
24 15 76 1.732
38 11 84 -0.669
30 13 79 -0.329
17 42 137 -1.030
28 21 61 0.246
36 15 46 -0.494
42 12 91 0.386
31 27 60 1.065
12 27 66 0.867
18 31 102 -0.117
12 35 35 0.070
25 30 114 -0.234
30 15 40 0.753
23 26 26 -0.045
24 12 1 2.889
41 9 90 0.219
32 19 58 0.386
33 10 119 -0.622
15 23 140 1.307
28 23 76 -0.529
20 34 140 -0.562
36 6 8 0.338
38 4 123 -0.737
34 25 58 0.210
41 11 15 -0.714
33 14 81 -0.272
42 2 46 -0.603
40 14 124 -0.885
14 27 142 1.122
39 14 52 -0.219
16 34 105 -0.659
20 28 1 1.876
38 9 48 -0.153
13 30 35 3.108
38 16 11 -0.496
11 34 110 -1.039
35 9 9 1.262
30 13 77 0.996
34 18 19 -0.877
25 33 62 -0.357
35 12 9 1.283
12 32 143 0.476
39 15 54 -0.319
29 21 21 -0.823
19 35 64 0.539
9 28 102 1.120
33 21 96 -0.675
24 28 99 -0.863
40 14 131 -0.704
11 37 108 -0.818
13 37 105 0.675
22 25 38 -0.874
21 16 0 0.456
30 25 115 -0.927
17 34 33 -0.950
34 7 45 -0.332
14 26 103 2.866
33 5 82 -0.118
31 24 136 2.145
24 22 25 0.134
20 24 26 0.980
40 11 125 0.497
41 19 91 -0.585
27 18 40 2.505
31 18 81 -0.578
24 14 1 2.842
36 11 124 0.510
12 40 70 1.089
21 19 31 -0.564
26 30 25 -0.811
12 40 71 -0.609
39 14 91 -0.416
26 23 42 -0.306
14 40 143 -0.580
38 14 84 -0.203
32 19 95 -1.025
33 16 96 -0.243
41 5 90 -0.154
15 39 0 -0.686
38 10 14 -0.029
41 14 13 0.768
11 32 66 -0.894
18 23 69 0.666
38 10 131 -0.854
42 9 50 0.907
12 34 69 0.039
33 12 43 0.496
13 17 34 0.326
36 22 6 1.855
42 15 49 -0.095
12 40 35 1.504
25 24 26 -0.764
12 38 67 -0.995
15 36 75 -1.047
33 11 9 -0.255
5 44 108 -0.960
41 12 91 -0.234
22 32 0 -0.372
32 21 118 0.152
38 14 131 -0.437
18 26 113 -0.351
36 20 57 -0.179
29 28 135 0.061
30 19 59 -0.493
10 41 109 -0.284
42 11 11 -0.460
10 30 35 0.023
11 29 105 1.692
22 24 38 0.305
11 37 106 -0.124
19 19 1 0.825
37 13 53 -0.608
34 15 9 0.464
42 14 18 -0.608
36 9 18 -0.293
43 12 88 -0.646
14 23 71 1.294
39 5 14 -0.932
16 33 144 3.367
31 14 80 -0.156
18 22 64 2.546
15 29 109 -0.698
16 37 147 -0.980
11 28 67 0.308
14 34 30 -0.861
32 9 45 -0.942
28 22 115 -1.047
20 18 110 -0.141
36 13 9 1.276
26 15 114 1.159
32 20 9 0.661
18 29 37 1.583
24 27 1 2.121
12 39 70 1.204
29 20 117 -0.229
35 24 119 -0.816
17 30 141 0.905
37 15 45 -0.138
9 43 102 -0.619
22 32 25 1.219
18 37 148 0.235
33 18 21 -0.128
30 29 22 1.905
29 12 118 -0.468
15 25 74 -0.173
37 22 56 0.050
14 27 75 0.311
27 26 99 -0.433
39 5 121 -0.964
27 30 60 -0.765
11 28 27 -1.091
16 29 69 0.781
28 29 59 -0.661
6 33 102 -0.770
33 11 20 -0.019
41 12 52 -0.171
19 34 64 -0.344
21 26 5 -0.283
10 32 143 1.454
39 1 12 -1.064
23 25 39 -0.587
25 24 59 -0.317
17 21 1 -0.505
39 12 90 -0.397
12 29 107 0.395
13 30 30 1.322
14 30 149 -0.974
34 15 119 -0.760
14 34 71 0.363
14 28 37 -0.100
41 13 88 0.388
38 10 47 -0.384
21 26 149 -0.717
19 28 100 -0.191
39 12 86 0.125
9 36 109 -0.718
27 22 63 -0.399
20 29 75 0.669
24 18 137 -0.039
35 14 126 -0.632
26 26 61 -0.482
20 29 65 0.153
11 34 109 0.283
12 33 30 0.207
37 9 119 -1.102
15 32 68 0.020
41 15 46 -0.014
33 10 44 -0.570
19 28 149 -0.782
14 31 74 0.830
31 8 117 -0.091
37 12 54 -0.700
14 26 142 1.402
15 37 67 -0.545
32 19 133 -0.011
38 15 89 0.188
30 16 116 -0.200
13 37 145 0.973
22 23 149 -0.401
38 21 131 -0.953
25 11 116 -0.061
42 12 46 0.168
23 24 3 -0.991
24 17 5 0.567
23 33 99 -1.040
14 37 109 -0.876
11 36 71 -0.894
37 15 55 -0.983
36 18 92 -0.938
37 8 129 -0.431
31 18 118 -0.037
27 18 4 -0.357
16 38 112 -0.665
30 25 41 -0.202
37 15 17 -0.320
16 21 141 -0.214
9 37 146 -0.463
42 10 18 -0.748
30 23 42 1.083
39 11 124 -0.916
20 29 64 -0.542
34 19 20 -0.466
16 29 111 -0.169
43 9 50 -0.764
40 12 129 -0.534
25 36 77 0.611
14 28 147 1.191
12 32 72 0.473
24 11 116 -0.359
45 6 16 1.242
31 28 134 -0.806
35 6 118 0.751
15 30 144 2.241
44 9 124 -0.322
37 14 122 -0.048
27 25 39 -0.177
32 17 120 -0.205
42 16 47 -0.485
35 16 120 -0.593
11 39 106 0.678
44 13 52 -0.190
33 10 9 -0.156
33 14 9 0.272
12 25 107 0.380
26 30 137 -0.451
12 30 143 0.913
4 42 108 -0.786
19 17 138 0.466
19 15 75 -0.658
24 22 136 -0.630
12 39 105 -0.031
23 21 101 3.385
24 20 3 -0.182
39 9 14 0.757
24 16 114 3.723
37 12 90 -0.616
40 11 48 0.431
38 11 130 -0.144
16 32 113 -1.023
1 47 108 -1.035
42 7 52 -0.116
22 26 149 -1.006
11 36 72 -0.855
5 43 108 -0.981
18 28 112 -0.774
40 12 50 -0.821
16 18 1 -0.560
18 28 0 -0.518
30 23 60 3.665
20 28 73 -0.794
14 36 33 -0.825
37 18 87 -0.238
11 38 145 -0.570
17 33 36 2.598
41 14 92 -0.866
12 32 30 -0.093
30 22 98 1.657
41 9 15 -0.794
37 9 121 -0.248
34 23 20 0.032
12 34 106 -0.381
23 28 1 2.098
36 20 120 0.142
18 23 74 -0.023
40 7 91 -0.846
29 18 59 -0.313
14 33 105 2.896
39 21 130 -0.922
27 26 42 -0.264
29 24 22 -0.218
21 17 138 2.353
18 32 112 -0.683
39 10 88 -0.705
17 26 112 -0.090
26 24 5 0.604
15 29 66 -0.379
17 29 112 -0.489
38 17 8 0.539
13 37 139 -0.994
16 26 65 1.583
41 9 126 -0.676
25 30 0 -0.808
28 21 77 -0.879
32 25 80 -0.262
13 27 72 0.013
34 15 121 -0.461
30 23 58 -0.076
36 10 83 -0.216
25 24 62 -0.910
32 6 119 -0.658
40 13 55 0.277
20 27 1 1.829
37 15 46 -0.173
27 10 45 -0.657
24 25 25 0.439
41 10 53 1.136
17 31 138 0.634
37 13 122 -0.089
13 34 149 -0.386
15 23 141 1.076
22 23 25 0.419
20 17 2 1.382
41 12 84 -0.387
18 25 141 -0.110
20 26 1 1.852
31 18 77 -0.330
28 24 60 -0.580
33 16 118 1.039
32 19 117 -0.256
14 32 74 0.799
16 20 141 1.382
10 37 146 -0.723
30 17 43 -0.403
34 14 43 0.291
32 25 59 -0.328
38 13 132 -0.990
35 21 120 -0.456
18 22 69 0.447
12 28 33 0.753
28 23 116 -0.933
22 15 1 -0.110
28 24 135 0.110
38 10 12 3.023
15 27 68 0.011
38 15 121 -0.630
35 16 85 -0.924
38 15 48 -0.304
28 29 26 -0.720
23 27 0 -0.633
35 7 119 1.322
12 25 69 0.905
31 28 94 -1.027
35 14 57 -0.956
16 22 34 0.278
41 13 130 -0.134
11 39 102 -0.838
40 14 91 -0.660
38 8 12 2.067
36 6 45 -0.200
25 15 5 1.329
23 25 26 -0.688
40 9 129 -0.462
33 5 45 -0.401
42 12 14 0.280
41 7 50 1.188
25 26 100 0.005
37 16 57 -0.952
15 31 140 -0.484
34 16 46 0.072
16 30 75 -1.025
29 24 98 3.345
13 34 33 -0.215
14 28 142 2.389
28 23 98 -0.887
9 33 29 -0.621
20 26 0 -0.003
29 18 116 0.121
10 36 35 -0.634
33 15 20 0.016
38 13 93 -0.878
15 33 148 -0.474
17 33 37 -0.823
33 21 20 0.117
32 18 41 1.343
9 38 109 -0.111
18 27 113 -0.730
15 25 1 -0.632
37 6 7 0.327
40 11 87 -1.009
35 11 48 0.065
31 29 96 -0.459
41 16 88 0.114
34 18 9 0.758
39 5 126 -0.608
16 31 29 -1.024
14 36 71 0.031
24 14 38 -0.084
41 3 15 0.449
11 37 67 -1.062
16 37 112 -0.824
10 29 108 -0.465
17 24 149 -0.119
21 33 23 -0.436
16 25 141 1.229
29 21 39 -0.750
30 21 95 -0.507
16 35 109 -0.998
11 35 109 0.439
19 21 3 0.983
27 28 99 -0.221
25 21 39 0.478
14 34 36 1.782
18 28 1 -0.271
27 15 4 -0.115
43 5 12 -0.757
26 16 117 -0.921
19 24 113 -0.307
13 30 110 -0.818
14 38 143 -0.287
29 22 61 1.282
41 6 15 -0.428
37 19 94 -1.004
25 27 25 0.012
36 18 122 -0.357
31 0 82 -0.893
39 19 93 -0.913
40 8 45 -0.452
36 18 133 0.723
22 21 63 -0.896
28 19 42 0.211
16 34 70 -0.909
14 27 31 0.960
26 28 62 1.166
29 17 117 -0.731
42 10 128 0.216
20 26 139 0.168
14 35 71 -0.196
14 39 105 -0.184
8 35 32 -0.389
34 13 82 -0.685
23 23 62 -0.825
13 35 143 0.393
32 22 59 -0.373
40 9 85 0.349
23 31 137 -0.965
32 16 116 -0.960
21 19 63 0.028
34 19 93 -1.000
14 26 144 2.158
11 41 72 -0.105
14 28 103 1.115
31 25 97 1.376
37 19 83 -0.546
14 32 69 -0.275
24 27 136 -0.590
36 14 9 -0.293
45 8 17 -0.723
13 33 33 -0.753
13 29 144 1.140
13 29 36 4.561
39 8 125 -0.965
36 19 120 -0.088
37 14 45 -0.020
17 15 73 1.867
38 13 13 -0.702
11 39 145 -0.431
36 15 7 -0.440
34 22 20 -0.340
40 20 88 -0.084
32 19 94 -0.840
26 17 3 0.622
28 19 120 -0.669
16 22 28 1.497
37 9 85 -0.665
35 18 57 -0.290
38 24 132 0.369
12 32 29 -0.253
14 25 144 1.208
40 15 18 -0.563
42 13 127 -0.897
26 16 39 0.015
28 25 77 -0.864
24 32 62 -1.063
15 25 146 0.917
14 35 33 1.359
18 33 102 0.167
31 18 22 0.584
31 22 21 0.428
31 25 58 -0.423
8 35 102 -0.067
40 13 83 0.205
28 26 41 -0.314
16 29 34 -0.492
37 10 85 -0.305
39 10 126 -1.090
40 13 50 0.999
24 21 76 1.261
24 32 24 -0.662
40 13 56 -0.571
23 34 115 -0.897
14 32 148 -0.991
42 15 51 0.707
38 12 56 -0.530
12 37 32 -0.145
16 30 34 -0.491
13 40 68 0.727
32 18 81 -0.461
11 38 107 -0.936
38 11 126 0.315
43 11 46 0.186
34 20 57 -0.584
42 19 130 -0.467
20 26 65 -0.176
41 11 13 0.825
16 39 137 -1.057
40 15 126 0.052
35 10 126 -0.654
40 6 91 -0.930
32 27 97 -0.764
32 11 53 -1.016
34 16 54 -0.759
14 18 74 0.526
22 24 37 -0.782
24 20 76 1.493
12 33 146 1.024
38 10 9 0.547
30 19 5 -0.921
20 15 75 -0.744
41 12 92 -0.374
38 13 49 0.380
35 17 9 0.799
28 20 21 -0.609
16 28 32 0.141
10 37 65 -1.008
14 30 103 -1.012
40 7 127 -0.466
28 13 116 0.490
41 7 90 -0.099
15 29 144 0.617
30 23 23 -0.233
18 25 28 0.094
42 12 13 0.019
24 29 24 -0.384
13 34 29 -0.209
16 32 27 -0.772
25 31 77 -0.035
1 45 108 -0.988
13 35 33 -0.491
13 28 142 -0.394
33 20 93 -0.858
43 6 17 -0.728
32 29 22 0.283
39 10 90 -0.366
22 31 100 0.331
28 14 40 2.733
31 13 116 0.245
38 17 80 0.344
12 30 69 0.104
30 28 135 2.483
31 13 120 -0.735
13 27 66 0.797
36 17 20 -0.321
13 28 106 2.852
24 26 61 -0.558
41 18 88 -0.234
41 9 13 0.147
13 30 67 -0.932
24 30 23 -0.332
14 32 111 -1.036
35 14 120 -0.826
31 22 118 -0.887
41 15 49 -0.923
15 36 29 0.074
11 32 70 1.275
19 31 0 -0.625
35 14 54 -0.798
28 12 4 -0.309
35 7 118 0.966
23 32 78 -0.885
10 35 72 -0.574
39 13 10 0.426
23 24 4 -0.842
11 32 144 5.096
41 15 128 -0.064
26 8 4 -0.126
12 25 67 -0.460
28 20 98 -0.404
11 28 144 6.021
19 34 26 -0.948
13 30 105 3.090
37 9 56 -0.687
31 16 115 -0.620
14 38 74 -0.799
29 19 79 -0.569
45 11 126 0.212
20 20 75 -0.251
17 32 72 -0.869
35 17 133 0.651
16 21 147 1.903
39 20 94 -0.943
32 22 21 1.034
25 29 27 -0.376
37 16 80 0.359
18 36 37 -0.873
22 32 23 -0.928
14 36 75 -1.072
41 14 16 1.045
14 29 66 0.251
38 12 84 -0.240
10 38 32 0.181
35 13 9 0.104
34 21 80 -0.045
33 18 43 0.421
31 23 58 -0.326
9 40 109 -0.309
20 28 37 -0.941
14 31 102 2.835
35 23 132 -0.630
18 30 1 -0.337
22 24 0 1.174
37 15 127 0.494
13 31 109 -0.324
16 32 36 2.757
15 19 73 0.415
32 21 42 -0.430
21 34 137 -0.422
31 17 41 0.927
14 33 144 2.852
17 24 64 0.877
15 32 34 -0.546
22 28 26 -0.063
9 31 143 0.230
41 13 49 -0.882
18 27 64 1.715
23 18 61 0.290
19 32 140 0.163
16 35 68 -0.941
39 5 12 1.117
23 25 76 0.494
16 29 1 0.407
25 32 99 -0.718
40 15 86 1.604
14 30 34 -1.067
37 12 18 -0.556
25 24 98 -0.335
9 34 65 -0.498
28 26 60 1.270
16 29 72 -0.225
30 24 61 1.852
17 33 75 -0.485
37 17 17 0.548
43 12 49 -0.108
23 33 114 -1.031
40 10 49 0.422
42 13 92 -0.698
18 16 73 1.847
17 20 73 0.788
14 36 141 -0.646
35 12 132 -0.959
18 28 68 -0.782
35 19 20 0.042
17 34 140 -0.206
6 32 108 -0.671
22 36 78 -0.802
15 32 113 -0.981
18 33 33 -0.836
41 14 48 -0.760
25 30 25 1.758
42 17 52 0.367
13 38 105 -0.189
22 28 113 -0.089
36 19 57 -0.337
11 35 143 2.566
20 37 101 0.474
22 22 3 -0.222
40 12 10 0.332
38 21 94 -1.013
33 17 97 2.395
19 30 64 0.836
40 14 122 0.063
18 32 100 -0.370
36 19 7 -0.503
38 10 129 -0.578
11 42 102 -0.768
42 9 15 -0.141
14 35 106 -0.052
11 28 65 -0.911
41 16 125 0.469
26 29 39 -0.581
27 27 136 0.152
31 13 79 -0.168
35 15 10 -0.273
25 15 3 0.062
15 34 66 0.468
11 35 106 -0.501
39 9 9 0.601
22 26 113 0.015
39 7 49 0.367
31 21 57 -0.863
20 30 27 0.576
40 9 130 -0.210
23 28 25 -0.652
29 26 96 -0.742
23 21 26 -0.190
34 17 47 -0.254
17 37 72 -0.739
41 16 130 -0.395
25 29 62 0.467
37 14 55 -0.307
38 11 9 0.066
32 26 42 0.079
22 32 99 -0.973
33 21 43 0.099
29 15 115 1.058
35 10 11 0.394
14 29 144 3.730
33 23 95 -0.350
12 29 146 -0.602
25 22 61 0.619
12 29 35 1.680
26 25 61 -0.653
28 27 77 0.295
19 27 3 0.966
42 6 15 -0.105
13 35 67 -0.220
15 32 149 -0.959
20 30 63 -0.122
16 34 72 -0.687
13 27 107 -0.251
12 35 106 3.271
29 18 115 -0.697
42 13 91 -0.170
41 16 91 0.472
31 22 136 2.124
44 5 16 0.870
23 23 26 -0.061
16 38 72 -0.790
32 16 118 0.631
31 19 44 -0.310
31 24 42 -0.141
19 20 2 -0.404
23 19 3 -0.828
15 32 140 1.339
40 12 54 -0.664
39 16 93 -0.913
21 30 37 5.336
18 37 64 -0.005
29 31 98 -0.210
30 20 117 -0.214
8 28 108 -0.639
17 29 100 -0.633
31 22 6 -0.251
28 25 135 0.845
23 30 25 1.377
32 9 81 -0.554
19 13 138 2.060
30 28 41 -0.317
37 18 122 -0.696
29 13 116 -0.471
36 22 130 -1.037
40 12 122 0.425
36 20 20 -0.082
39 13 123 -0.616
13 29 71 0.242
23 21 139 0.241
13 30 106 3.009
17 29 28 -0.750
21 25 38 1.214
37 19 81 0.804
15 37 74 -0.791
33 17 81 -0.685
39 7 85 -1.075
34 18 7 0.369
14 37 72 -0.737
34 12 123 -0.394
39 15 10 0.557
27 22 5 1.065
34 20 19 -0.135
36 15 20 -0.479
12 36 32 0.257
19 23 2 -0.521
23 27 39 -0.467
30 17 79 -0.394
22 16 63 -1.060
29 28 116 -0.850
31 26 43 -0.391
25 26 61 -0.884
14 26 145 -0.370
35 13 126 -0.592
13 33 74 -0.844
36 7 50 -0.402
42 20 130 -0.078
31 15 115 -0.695
13 31 68 -0.722
38 20 120 -0.308
43 9 126 -0.832
37 17 81 0.440
18 15 2 1.013
12 38 33 -0.614
11 39 139 -1.068
43 9 15 -0.375
13 33 35 1.764
29 24 23 -0.317
42 3 46 -0.807
35 25 133 -0.503
35 11 127 -0.597
20 26 111 -0.958
14 39 142 -0.744
12 30 67 -1.041
33 17 42 0.456
32 27 58 -0.646
18 16 34 0.585
39 16 123 -1.033
15 34 67 -0.591
36 15 56 -0.908
12 42 72 -0.677
17 27 3 -1.070
45 10 17 -0.469
39 17 94 -0.978
20 32 99 -0.882
14 33 34 -0.388
15 30 142 3.894
30 25 60 2.557
27 29 77 0.448
40 7 15 -0.445
30 22 59 -0.571
13 34 140 -0.691
31 29 60 2.506
34 17 54 -0.872
36 21 20 -0.515
43 5 51 -0.850
17 24 73 2.885
37 12 9 -0.985
37 13 54 -0.616
11 32 29 0.212
42 4 15 -0.362
26 32 61 -0.552
37 16 17 0.539
34 17 96 -0.337
32 18 10 -0.439
29 26 40 -0.760
9 35 108 0.277
40 10 89 -0.300
41 10 92 -0.093
29 16 118 -0.393
13 36 36 2.529
38 14 121 -0.555
10 32 35 0.458
35 10 132 -0.965
37 16 132 -0.858
19 26 148 0.502
27 16 42 -0.028
38 18 121 -0.365
30 22 96 -0.683
15 40 0 -1.039
12 35 34 -0.779
22 34 24 0.093
25 23 5 0.469
19 19 34 -0.079
34 14 119 -0.448
23 36 137 -0.994
43 1 12 -0.876
35 18 56 0.130
27 24 117 -0.095
40 5 13 -0.066
17 22 28 -0.139
42 15 86 -0.852
42 7 46 -0.635
25 19 97 -1.052
11 29 67 -0.423
39 15 51 0.733
38 13 124 -0.288
23 36 62 -0.767
15 34 110 -0.732
16 23 73 0.620
17 28 104 1.247
38 16 121 -0.554
26 12 4 -0.135
13 36 149 -0.184
13 42 70 0.332
31 24 80 -0.263
39 19 54 -0.254
36 15 10 -0.161
22 29 63 -0.007
32 14 44 -0.069
34 22 96 -0.322
32 10 119 -0.766
30 21 96 0.019
17 32 64 0.402
13 33 145 -0.788
19 22 2 -0.395
19 31 137 0.369
30 11 44 0.491
14 39 148 1.372
27 30 59 -0.769
39 20 131 -0.948
35 12 48 -0.136
33 12 10 0.472
36 18 56 0.125
17 43 137 -1.005
17 33 139 -0.511
18 25 147 1.492
38 10 11 -0.018
28 17 4 -0.538
12 40 68 1.146
33 15 9 0.709
29 23 39 -0.363
9 34 102 -0.509
21 29 26 -0.703
39 15 55 -0.874
26 25 137 -0.694
28 21 60 -0.391
20 15 149 0.265
30 22 42 0.442
19 26 64 -0.200
27 16 114 2.004
41 16 128 -0.050
41 7 124 -0.188
33 8 117 -0.060
36 11 48 -0.641
25 23 38 -0.835
39 13 122 0.064
40 13 45 0.448
25 21 98 -0.184
23 21 3 -0.978
11 25 105 5.900
28 24 21 -1.046
12 27 35 2.359
7 32 108 -0.704
13 33 70 1.836
17 27 149 -0.410
12 33 33 0.698
42 9 128 0.383
37 22 83 -0.841
14 24 37 1.463
40 6 15 -0.398
34 21 6 0.973
16 29 70 -0.723
36 9 83 -0.449
20 29 63 -0.678
38 6 131 -1.025
18 38 112 -0.778
38 19 131 -0.836
19 20 112 3.952
19 33 37 -0.452
36 17 57 -0.153
12 38 30 -0.496
34 7 8 -0.420
35 25 132 -0.001
30 21 40 0.459
14 29 110 -1.036
41 9 127 -0.495
34 17 49 -0.694
30 19 118 0.154
33 17 58 0.729
35 25 95 -0.227
35 8 11 0.592
38 7 12 1.832
32 23 58 0.383
26 16 3 0.516
30 0 82 -0.957
14 31 71 -0.493
25 21 38 -0.806
40 4 12 -0.910
14 32 71 0.462
37 18 43 0.493
33 28 133 -0.966
13 27 71 1.788
43 9 52 -0.244
39 13 88 -0.395
30 17 22 0.343
31 19 41 1.413
14 25 71 1.737
26 18 4 -0.582
16 32 74 1.990
22 29 37 -0.449
22 20 114 0.454
18 17 138 -0.275
24 27 78 -0.363
23 25 61 -0.324
31 20 58 -0.646
43 10 53 0.627
28 16 97 -0.893
25 22 59 -0.101
28 22 59 -0.091
42 7 11 -0.814
37 17 122 -0.153
36 15 45 -0.220
38 3 123 -0.915
25 25 3 0.190
15 27 70 -0.251
36 8 45 -0.376
37 11 89 -0.442
24 19 76 -0.105
12 35 67 -0.275
17 20 27 -0.959
38 8 51 0.018
19 35 26 -0.955
25 27 114 -0.372
33 20 95 -1.030
15 35 148 -0.648
32 14 10 -0.746
23 27 78 -0.246
37 10 89 -0.596
42 15 128 0.320
23 21 149 -0.806
11 33 30 -0.252
36 24 130 -0.998
41 11 16 0.164
9 41 107 -0.987
26 26 63 -0.126
34 26 43 -0.241
24 27 25 2.710
37 9 15 -0.600
22 28 38 -0.867
21 20 114 0.570
31 17 21 -0.948
25 21 5 0.257
13 25 106 2.533
25 16 76 1.937
12 42 109 -0.965
26 27 42 -0.301
40 15 122 0.213
34 17 44 -0.907
43 13 16 0.345
16 37 113 -1.017
33 25 133 -0.224
15 20 69 1.020
21 18 0 -0.302
34 17 7 0.454
35 20 118 0.103
34 20 10 -0.810
12 30 147 -0.318
28 24 23 -0.636
44 6 52 0.257
29 23 23 -0.343
13 19 69 0.235
23 15 3 0.043
22 36 100 0.608
25 21 99 -0.734
41 2 11 -0.755
38 15 55 -0.339
14 34 29 -0.447
36 19 20 1.043
15 34 105 -0.124
24 27 23 -0.099
42 11 127 -0.173
16 32 37 5.805
27 21 24 1.860
43 7 11 -0.727
17 27 139 -0.537
42 11 90 0.096
35 6 85 0.164
32 11 132 -0.861
31 15 94 -0.950
23 30 24 -0.294
28 33 96 -0.571
17 35 111 -0.844
11 36 65 -0.442
13 29 34 -0.724
16 29 29 -1.012
29 22 98 -0.892
22 31 78 -0.880
29 32 96 -0.472
27 19 120 -0.556
19 21 74 -0.030
40 17 55 -0.114
8 32 32 -0.470
31 16 118 0.647
16 29 27 -0.839
15 30 104 -0.491
42 14 83 -0.139
35 15 93 -0.800
16 35 100 -0.866
42 13 49 -0.839
23 25 37 -0.446
35 8 10 0.987
35 9 44 -0.533
43 16 128 -0.390
16 32 102 -0.273
11 40 65 -1.045
24 25 4 -1.039
30 27 22 0.533
14 26 71 1.345
36 5 118 1.527
11 31 109 0.273
36 14 57 -0.765
31 21 120 -0.635
11 34 30 0.118
16 41 36 0.385
16 23 74 0.307
27 24 41 -0.949
39 7 124 -0.305
19 28 139 0.353
17 35 140 0.434
13 20 31 -0.122
38 3 12 -1.032
15 35 147 0.063
11 38 32 0.148
23 30 78 0.211
13 34 148 -1.065
43 12 126 -0.841
24 15 97 -0.985
18 20 33 0.544
25 22 62 -1.080
39 10 45 0.115
42 7 127 0.807
39 11 53 -0.319
32 17 117 -0.555
28 25 39 -0.410
17 30 38 -0.263
28 26 79 1.262
40 8 12 -0.217
13 35 30 -0.113
35 23 95 -0.661
37 13 93 -1.021
32 18 44 -0.085
36 19 122 -0.329
25 32 60 -0.893
15 27 28 3.274
15 37 142 -0.450
39 17 130 -0.929
25 11 82 -0.807
26 20 82 -0.606
16 37 72 -0.156
15 29 68 -0.816
38 12 131 -0.803
30 23 134 -0.502
30 9 4 -0.616
12 36 108 -0.725
9 35 35 -0.354
38 20 56 0.092
37 14 87 -0.217
39 15 90 -0.787
11 43 139 -1.044
36 17 8 -0.427
17 35 37 -0.822
12 33 103 2.007
15 25 64 2.939
5 47 108 -0.901
41 13 51 -0.456
30 22 134 1.269
32 20 40 -0.611
20 25 26 0.105
16 32 75 0.185
19 24 64 1.010
13 33 105 2.152
39 22 83 -0.861
43 12 17 -0.002
33 11 117 0.112
24 24 149 -1.002
38 11 56 -0.411
25 25 135 0.221
14 29 68 -0.405
32 5 82 -0.902
30 18 21 1.154
33 5 85 -0.375
29 27 97 -1.005
17 35 69 -0.447
27 23 120 -0.594
41 17 18 -0.665
24 26 76 1.864
39 13 86 -0.913
22 12 3 -0.143
41 10 14 0.200
44 6 17 -0.662
33 18 9 0.845
40 6 127 -0.659
23 26 2 0.427
32 14 45 -0.889
31 28 58 -0.350
14 37 145 0.918
33 16 121 -0.240
34 26 60 3.120
18 29 111 -0.751
29 19 43 -0.406
22 23 114 0.848
41 11 47 -0.163
18 28 37 -0.222
28 20 76 -0.633
36 20 132 0.045
15 35 141 -0.799
39 10 56 -0.453
20 29 0 -0.548
19 33 26 -1.035
12 26 107 -0.011
24 23 82 -0.632
8 40 145 -0.810
12 38 71 -0.717
36 3 84 -0.787
32 18 80 -0.321
42 11 54 -0.851
7 32 102 -0.700
17 33 67 0.054
35 19 118 0.163
34 20 9 0.574
16 33 66 -0.359
13 31 141 -0.349
14 32 140 0.807
20 25 76 -0.281
27 22 41 -0.341
32 22 118 -0.064
12 31 33 0.592
16 24 73 0.042
39 13 125 0.022
34 16 19 0.175
34 14 133 0.024
28 20 97 -0.766
36 14 134 0.236
21 17 112 2.808
13 39 35 0.520
14 36 140 -0.357
19 19 31 -0.456
43 11 126 -0.834
13 39 72 1.372
36 16 9 -0.927
13 36 147 0.210
23 37 62 -0.771
36 21 91 -0.293
16 34 102 -0.286
25 32 23 -0.170
17 36 36 2.400
12 31 146 -0.592
8 37 102 -0.355
37 17 19 -0.870
37 15 129 -0.918
30 13 40 0.757
40 13 123 -0.500
30 27 135 2.378
18 28 139 -0.530
15 27 74 -0.196
19 31 63 -0.670
37 7 87 -0.888
37 19 133 0.722
8 38 109 -0.832
24 22 38 0.938
19 35 1 -0.873
20 17 138 2.634
27 32 134 -0.861
21 27 138 -0.092
23 35 25 -0.693
37 14 18 -0.140
18 31 37 -0.756
28 32 59 -0.784
17 24 27 -0.906
41 11 54 -0.658
17 21 75 1.453
17 27 144 0.743
29 17 5 0.142
19 28 37 -0.382
12 39 145 -0.568
27 22 117 -0.176
11 43 146 -0.144
12 42 112 -0.872
37 21 56 0.099
34 13 8 0.421
33 14 10 1.073
33 20 134 1.581
16 31 148 0.288
23 34 137 -0.750
32 13 117 -0.661
27 27 41 -0.788
14 41 66 -0.266
16 37 33 0.470
15 27 144 1.430
16 39 140 0.312
39 12 12 1.655
26 32 114 -0.228
42 6 16 -0.738
43 16 52 0.409
25 26 5 0.572
18 36 138 0.784
41 8 127 -0.670
42 2 15 0.043
13 35 142 4.363
28 23 79 1.075
35 11 120 -0.980
35 17 43 0.242
32 20 117 -0.222
42 15 93 -0.911
39 10 14 0.932
44 7 46 -0.520
11 37 32 0.016
16 32 68 -0.976
36 7 11 0.700
14 26 2 -1.100
19 20 113 -0.324
39 0 12 -0.934
38 12 125 -0.255
32 23 133 -0.854
38 23 56 0.194
35 9 84 -0.247
16 31 104 0.382
42 11 47 -0.435
42 9 17 -0.213
30 24 118 -0.251
18 24 110 1.124
18 19 110 0.952
38 16 90 -0.838
29 23 136 -0.360
26 29 77 0.781
29 11 4 -0.509
16 34 75 -0.764
35 24 57 -0.861
31 20 98 -0.538
26 14 5 1.562
38 19 56 0.528
32 3 82 -0.814
39 12 10 0.473
19 22 138 0.372
37 19 130 -1.037
40 11 10 0.759
12 34 105 3.530
19 26 28 0.708
34 22 19 -0.304
30 12 79 -0.515
28 23 60 -0.375
35 16 122 -0.326
26 28 79 -0.735
26 23 62 -0.327
33 7 47 -0.940
27 19 42 -0.279
13 34 69 0.809
30 17 10 -1.016
38 19 92 -0.368
29 23 98 1.584
23 16 0 2.699
17 36 138 1.141
11 33 29 -0.584
37 20 18 -0.889
25 23 61 -0.789
21 34 138 -0.106
40 8 125 -1.033
42 9 46 -0.792
17 25 33 0.862
37 11 85 -0.654
23 26 137 -0.691
17 22 73 0.704
16 33 113 -1.002
36 15 57 -0.591
34 24 19 -0.199
15 27 29 -0.847
15 29 111 -1.034
14 32 34 -0.869
36 19 8 0.056
16 33 67 -0.645
20 27 76 -0.102
28 27 134 -0.421
24 21 116 -0.642
19 30 100 -0.359
23 34 23 -0.827
21 35 64 0.449
29 20 41 0.017
15 30 67 -0.409
19 36 63 -0.532
17 32 69 0.135
10 29 65 -0.632
42 8 50 0.322
29 17 40 2.387
14 34 0 -0.660
36 12 132 -0.909
9 42 35 -1.001
15 30 33 0.529
35 9 119 1.113
22 36 63 -1.009
16 28 73 -0.688
40 3 16 -0.516
22 16 112 2.306
41 9 16 0.151
43 8 53 0.811
32 6 123 -0.602
23 29 25 1.702
27 31 115 -0.953
15 32 70 -0.213
25 31 23 1.760
16 37 0 -1.035
38 14 49 -0.757
26 24 114 0.170
35 23 57 0.172
14 32 70 -0.524
15 30 71 0.580
33 22 134 -0.304
20 31 37 -0.427
27 19 116 -0.296
36 14 47 -0.637
42 5 15 0.440
42 7 15 0.288
15 37 33 1.235
14 32 146 1.292
17 30 105 1.094
16 26 148 2.321
31 21 77 -0.311
37 21 6 1.378
16 28 75 0.427
28 22 77 0.662
13 41 66 -0.089
21 24 76 -0.477
19 30 26 -1.022
41 9 46 -0.721
29 28 115 -0.920
13 41 143 -0.178
12 33 142 -0.886
36 11 130 -0.192
40 15 55 0.156
11 39 109 -0.520
35 12 87 0.421
13 37 30 -0.917
12 33 145 0.169
13 28 33 0.702
41 8 15 -0.632
41 11 87 0.932
11 38 30 0.408
39 12 13 0.477
10 31 108 -0.584
36 15 48 -0.542
21 27 2 -0.061
27 27 134 -0.386
11 31 106 1.375
31 20 94 -1.041
22 33 100 -0.391
28 14 5 -0.164
27 15 115 -0.461
29 23 77 0.465
20 22 1 0.607
33 22 80 -0.323
29 22 118 0.140
14 31 103 0.709
21 28 0 -0.724
31 32 96 -0.286
22 37 23 -0.902
40 13 48 -0.366
25 34 99 -0.659
21 22 4 -0.959
38 14 53 0.643
34 15 43 0.334
41 8 126 -0.949
8 33 30 -0.718
43 10 13 -0.290
40 9 84 0.279
18 34 1 0.176
11 33 35 -0.046
31 16 79 -0.136
41 9 124 0.074
12 34 143 2.056
32 14 42 0.533
32 19 6 0.117
15 33 67 0.472
34 14 6 0.058
23 19 138 1.499
41 15 55 0.532
31 16 42 -0.526
39 14 15 0.036
31 13 5 -0.371
15 31 112 -0.806
29 32 60 -1.068
43 5 13 -0.274
37 20 122 -0.747
31 17 79 -0.021
24 28 27 -0.619
33 18 19 -0.263
23 27 26 -0.086
12 34 145 -0.676
13 36 71 0.498
40 16 129 -0.531
43 10 129 0.037
38 8 13 -0.277
16 36 104 -0.552
13 36 106 -0.058
34 0 82 -0.423
25 28 136 -0.941
27 24 42 -0.195
42 14 129 -0.819
36 22 132 0.178
11 34 32 -0.363
37 9 47 -0.953
19 30 38 0.322
20 23 31 -0.627
37 14 131 -0.782
36 17 49 -0.513
29 12 79 -0.110
28 23 39 -0.639
39 15 85 -0.130
28 24 97 -1.076
42 18 125 0.476
23 24 76 0.266
33 18 56 -0.817
36 10 89 -0.626
25 25 114 0.553
30 18 41 0.290
39 13 18 -0.929
10 36 109 -0.292
39 14 9 -0.104
30 28 22 2.238
42 8 88 0.084
41 7 14 -0.906
28 28 135 0.502
11 36 110 -1.062
17 29 38 -0.249
37 12 89 -0.386
37 10 90 -0.971
39 10 54 -0.531
18 22 75 2.174
33 26 59 -0.791
40 13 52 -0.916
17 25 76 -0.625
9 42 107 -0.981
16 28 67 -0.798
38 10 53 0.715
17 24 33 0.958
37 9 87 0.335
16 28 37 3.655
35 13 133 0.986
34 13 132 -0.975
14 29 111 -0.123
39 17 131 -0.053
15 25 70 0.116
35 12 43 0.351
38 5 7 -0.569
42 12 49 -0.523
20 26 3 1.347
30 19 61 0.936
26 29 61 -0.576
11 32 142 -0.703
10 42 71 -0.853
19 29 65 -0.080
13 32 29 0.116
19 23 110 0.604
29 16 5 -0.302
28 30 40 -0.795
40 10 86 -1.051
38 18 131 -1.006
41 13 125 -0.427
28 31 96 -0.687
18 25 73 0.600
31 23 21 -0.238
39 12 17 0.157
12 30 106 1.460
40 10 87 0.829
35 17 95 -0.007
24 22 149 -0.955
25 24 76 0.306
16 32 110 -0.698
31 15 116 -0.447
9 41 35 -0.911
36 23 20 -0.402
15 28 71 0.826
14 33 36 2.903
20 33 26 -0.943
39 16 17 0.273
20 24 3 1.401
27 19 115 -1.035
12 35 30 -0.311
17 20 31 -0.129
41 16 53 1.601
38 14 10 0.601
17 28 144 -0.665
37 10 13 -0.879
32 28 22 0.139
21 35 100 -0.512
27 32 23 0.535
39 6 12 1.228
18 20 65 1.118
15 33 142 4.644
41 3 12 -0.706
11 36 30 0.331
37 17 96 -0.648
21 29 64 -0.385
11 36 112 -0.964
22 28 149 -0.117
15 33 66 -0.715
28 6 44 -0.810
41 17 55 0.352
44 10 52 -0.133
41 15 47 -0.607
43 7 90 -0.285
42 14 126 -0.648
16 31 38 -0.806
35 9 7 -0.303
34 14 91 -0.966
33 5 8 -0.299
40 13 16 0.359
27 25 116 -0.450
39 13 87 -0.746
38 16 47 -0.596
40 9 55 -0.248
20 25 38 1.537
41 11 129 -0.231
32 23 42 2.027
14 24 106 1.859
31 15 120 -0.427
28 30 136 0.948
19 31 140 0.181
39 13 8 0.246
29 31 96 -0.661
43 13 128 -0.318
40 14 18 -0.730
18 20 113 -0.333
9 34 35 0.544
42 11 13 -0.052
15 37 112 -0.693
42 10 50 1.501
36 16 83 -0.878
20 24 27 2.270
22 31 63 -0.985
26 33 59 -0.807
33 16 119 -0.418
39 18 88 -0.126
32 22 97 0.374
29 25 22 -0.232
40 17 130 -0.580
36 14 121 -0.850
25 23 116 -0.652
38 13 56 -0.318
20 23 139 0.156
25 18 39 0.425
21 33 101 0.576
38 17 120 -0.261
14 30 146 -0.124
18 30 33 -0.816
37 13 124 0.528
20 25 1 0.847
9 39 107 -0.973
39 9 45 0.193
16 25 31 -0.324
12 40 109 -0.935
40 13 53 -0.438
34 16 120 -0.777
17 33 103 -0.880
15 30 36 1.591
13 29 66 -0.460
19 16 75 -0.329
32 17 10 -0.224
38 8 49 0.268
15 26 75 -1.068
18 32 65 -0.084
15 23 148 2.007
42 5 46 -0.629
30 15 21 1.169
41 13 122 -0.106
40 8 90 -0.126
37 16 83 0.208
14 27 145 -0.714
30 24 23 -0.165
23 28 100 0.842
29 25 40 -0.825
18 29 102 -0.087
43 6 16 -0.789
38 9 9 0.412
35 12 121 -0.874
15 32 142 3.921
11 36 143 3.087
25 31 62 0.233
38 9 86 0.900
20 24 0 -0.002
32 16 44 -0.079
35 15 11 -0.358
38 3 87 -0.921
16 29 105 -0.176
39 9 125 -0.612
30 18 42 0.171
25 19 99 -0.971
26 19 61 1.534
30 24 60 2.933
39 12 89 0.289
16 32 100 -0.697
37 6 13 -0.468
15 36 72 -0.790
12 29 27 -1.054
30 17 80 -0.618
34 18 41 0.623
16 36 102 -0.649
34 19 19 -0.282
35 5 11 -0.246
38 23 130 -1.003
42 15 125 0.353
39 21 55 -0.420
15 33 112 -0.767
11 32 30 -0.521
28 22 23 -0.656
35 20 6 -0.964
23 25 3 -0.217
23 26 39 -0.529
38 16 129 -0.811
17 27 65 0.937
38 11 54 -0.756
34 15 41 0.959
42 9 54 -1.010
38 15 9 -0.095
28 31 77 0.398
29 15 44 0.025
11 39 66 2.747
12 37 68 -0.157
25 30 136 -0.729
38 15 80 0.209
29 14 44 0.237
16 40 140 -0.079
37 7 9 -0.009
39 17 54 -0.335
33 17 9 0.836
29 12 40 0.724
15 29 102 -0.210
37 14 20 -0.525
30 23 94 -1.077
17 31 144 3.410
14 36 111 -0.959
34 22 58 -0.715
23 25 1 2.209
42 8 11 -0.323
32 22 80 -0.272
17 29 147 -0.908
9 37 108 0.488
34 16 10 0.534
14 23 145 -0.834
37 9 118 2.075
16 33 68 -0.956
9 39 108 0.658
17 31 36 2.635
15 25 141 0.254
17 32 65 0.378
34 4 82 0.150
15 39 140 -0.156
43 11 17 0.570
19 32 137 0.289
18 36 38 -0.919
19 25 2 -0.988
22 19 3 -0.303
11 22 105 4.713
35 15 18 -1.056
33 17 80 -0.454
40 11 89 -0.191
14 31 147 0.782
6 35 108 -0.975
25 14 38 0.075
15 32 148 -0.923
8 38 102 -0.660
27 20 39 1.056
19 30 1 -0.955
35 8 47 -0.907
31 24 97 1.696
39 11 88 -0.615
30 22 22 0.644
19 31 65 1.388
16 28 34 -0.451
10 34 32 0.485
24 34 114 -0.852
13 33 68 0.178
41 11 124 -0.104
35 11 119 -0.275
18 34 37 1.818
19 19 64 0.553
39 16 10 0.561
12 33 69 0.488
18 26 147 2.769
21 32 26 -0.459
15 34 70 -0.274
20 29 23 -0.233
36 21 121 -0.371
37 9 48 0.142
15 34 33 -1.034
39 8 87 -1.053
37 16 121 -0.784
41 13 123 -0.228
22 23 27 -0.014
14 41 32 -0.820
10 41 71 -0.905
37 15 8 -0.443
30 16 5 -0.552
41 11 50 1.057
13 26 66 -0.336
43 11 91 -0.115
38 11 123 -0.577
22 16 76 1.664
14 35 36 -0.069
28 29 23 -0.741
29 28 59 -0.655
38 20 94 -1.007
41 8 47 -0.437
28 31 59 -0.702
31 20 57 -0.779
36 19 6 0.735
20 16 31 -0.560
34 13 47 -0.370
42 9 88 0.529
11 35 32 -0.063
16 36 75 -0.650
22 26 4 -0.968
40 16 46 0.010
45 14 129 0.019
19 25 68 0.072
34 18 80 -0.498
38 8 48 0.429
10 38 110 -1.042
26 20 97 -0.989
16 35 103 -0.390
16 35 72 -0.322
15 18 1 -0.722
28 20 59 -0.055
40 13 46 0.203
33 25 58 0.043
21 22 2 0.784
32 14 80 -0.431
15 28 74 0.145
14 30 31 0.362
35 21 19 0.008
33 17 96 0.238
27 21 5 1.373
36 12 13 -0.673
41 13 46 -0.118
26 19 5 1.443
43 9 16 0.033
29 21 59 0.285
42 9 49 -0.912
34 17 5 -0.223
34 20 81 0.494
41 10 84 0.354
15 28 75 0.143
18 21 27 -0.921
12 30 140 -0.347
38 9 12 2.503
18 34 148 -0.070
18 32 104 0.418
28 21 135 -0.352
43 9 49 -0.964
23 24 101 2.664
19 31 104 0.210
32 21 21 0.445
18 31 65 -0.025
11 21 31 -0.227
16 36 140 0.542
40 10 13 0.677
36 18 18 -0.809
38 12 85 0.062
39 13 84 0.535
20 22 75 2.032
21 30 138 -0.420
24 38 114 -0.909
33 10 20 -0.076
42 12 124 -0.757
41 18 17 -0.847
19 29 137 0.389
37 8 131 -0.913
9 37 35 -0.980
13 26 106 1.529
33 20 6 0.725
34 24 133 -0.545
19 24 37 -0.208
13 37 32 0.242
35 17 20 0.106
41 14 129 -0.709
38 15 54 -0.505
36 18 80 -0.489
39 15 86 -0.871
13 31 30 1.542
30 23 115 -0.860
13 35 32 0.428
18 27 143 -0.728
21 36 137 -0.840
39 20 55 -0.777
19 14 149 0.068
23 18 3 -0.066
10 38 30 -0.183
39 17 122 -0.479
30 25 97 -0.024
12 29 66 1.214
37 10 127 -0.904
12 29 72 0.069
26 20 5 1.267
37 13 92 -0.777
35 21 7 -0.408
36 13 46 -0.617
41 12 123 -0.274
25 23 79 1.257
31 22 94 -1.023
26 18 5 1.513
20 23 1 1.396
44 13 128 0.778
13 32 148 -1.063
9 33 107 -0.905
37 3 13 -0.649
40 8 51 -0.448
35 19 7 -0.066
19 23 1 1.290
20 12 3 -0.820
18 23 28 0.829
38 13 7 -0.347
41 5 51 -0.891
16 25 74 1.078
19 22 64 3.348
29 19 117 -0.798
35 16 81 0.431
40 7 86 -0.761
39 11 83 0.629
42 9 16 -0.457
23 29 137 -0.756
24 30 61 -0.112
19 39 63 -0.289
24 17 137 0.006
13 25 66 -0.958
19 21 73 0.526
42 12 90 -0.136
39 8 49 -0.689
14 35 111 -0.951
36 11 15 -0.532
32 27 134 -0.742
36 14 54 -0.703
18 26 140 -0.043
15 22 70 -0.239
40 14 121 -0.808
23 33 115 -0.891
27 24 61 -0.145
17 27 74 0.223
27 28 25 -0.650
30 26 22 0.957
32 16 79 0.209
29 23 115 -0.705
32 15 6 0.129
30 14 40 1.769
19 26 31 -0.538
27 23 42 -0.037
9 35 107 -0.951
30 26 58 -0.658
13 41 70 0.589
35 14 8 0.171
37 10 48 0.090
15 33 144 1.260
43 15 91 0.097
26 16 4 -0.395
41 10 123 -0.313
13 33 107 -0.349
19 23 73 0.467
36 24 120 -0.052
15 34 113 -1.017
28 14 39 2.100
41 7 11 -0.365
24 24 24 1.563
16 31 144 1.340
34 19 57 -0.257
18 31 1 0.085
20 32 64 0.194
24 33 77 -0.309
38 9 87 -0.450
39 10 92 -0.956
39 11 14 0.546
16 23 141 0.757
11 37 72 0.215
30 26 98 -0.706
38 14 92 -0.495
41 11 86 -0.930
38 8 84 0.576
38 20 86 -0.865
18 26 28 0.497
34 7 48 -0.342
29 21 61 1.158
31 23 42 -0.316
22 29 64 -0.520
32 19 80 -0.616
35 13 56 -0.938
13 36 30 -0.503
35 12 47 -0.569
26 25 149 -1.004
30 34 60 -1.078
20 31 149 -0.679
30 18 61 2.513
34 10 85 -0.834
12 23 34 0.848
38 11 91 -0.397
43 12 16 0.149
35 12 10 -0.573
26 32 23 -0.659
14 32 141 1.476
31 20 81 -0.822
34 12 46 -0.285
16 26 75 -0.111
24 31 62 -0.365
39 5 84 -0.389
12 22 69 0.835
34 13 81 -0.491
39 18 54 -0.223
30 21 135 -0.483
38 9 15 0.257
39 16 86 -0.422
15 33 69 -0.787
28 27 136 1.669
16 30 142 2.031
30 21 5 -0.982
38 7 48 -0.036
25 24 3 0.302
21 28 149 -0.349
38 11 18 -0.750
28 16 61 3.411
30 28 43 -0.687
10 29 67 -0.508
21 18 31 -0.618
18 33 38 -0.318
16 33 109 -0.959
37 2 7 -0.690
38 8 15 0.442
40 6 131 -0.867
40 14 53 -0.360
12 22 34 0.552
37 14 121 -0.619
20 31 1 -0.688
18 33 27 0.078
39 4 123 -0.651
17 28 140 2.146
34 19 81 0.471
13 41 109 -0.970
33 18 42 0.464
31 12 118 0.486
12 24 31 -0.002
40 10 92 -0.879
23 24 25 0.947
18 24 113 0.421
12 30 107 0.064
40 10 83 0.231
41 21 88 -0.114
36 7 48 -0.301
26 26 136 -0.904
36 9 10 0.595
16 31 103 -0.735
35 12 89 -0.710
30 25 98 0.782
28 15 82 -0.783
28 28 77 0.416
17 31 113 -0.832
21 30 101 2.095
13 36 105 0.125
19 27 0 0.297
29 27 96 -0.649
34 17 6 -0.184
30 12 44 -0.195
18 25 110 -0.520
40 7 14 -0.262
12 20 69 0.773
36 11 45 -0.092
26 22 62 0.749
30 24 135 -0.431
42 11 49 -0.696
38 7 121 -0.162
40 9 9 0.430
37 17 133 0.848
44 14 51 -0.175
39 13 124 -0.958
11 30 65 -0.663
37 5 127 -0.941
40 7 54 -0.837
12 36 140 -0.965
22 21 139 0.426
20 27 5 -0.670
