11 40 72 -0.311
23 28 39 -0.442
36 14 43 0.188
31 15 116 -0.447
13 30 141 0.027
22 25 24 1.024
20 31 37 -0.427
36 22 18 -0.773
12 28 107 -0.173
20 30 28 -0.699
16 34 111 -0.141
21 28 63 -0.345
36 16 57 -0.535
16 28 142 2.357
19 32 65 2.299
17 29 64 2.212
35 17 9 0.799
26 27 42 -0.301
41 2 11 -0.755
38 13 47 -0.312
31 21 44 -0.126
17 30 111 -0.839
37 8 124 0.085
36 19 83 -0.675
41 7 92 -0.533
24 38 77 0.044
40 6 127 -0.659
15 28 75 0.143
32 16 116 -0.960
39 9 129 -0.867
37 14 48 -0.409
14 36 109 0.278
26 32 61 -0.552
13 28 29 -0.841
33 19 97 1.676
14 40 147 -0.579
35 10 48 0.072
15 30 69 -0.604
12 28 143 1.781
24 27 23 -0.099
19 28 76 -0.128
15 32 104 1.015
13 32 148 -1.063
31 26 97 1.357
17 27 28 0.347
33 26 21 0.508
14 27 75 0.311
14 35 140 -0.019
17 29 143 -0.297
14 36 68 1.348
21 33 23 -0.436
17 30 70 -0.935
26 18 3 0.659
28 11 4 -0.437
24 34 25 -0.622
19 35 1 -0.873
18 27 37 0.828
39 18 55 -0.536
25 19 117 -0.346
28 22 118 0.212
23 27 139 -0.579
42 8 53 0.599
31 24 60 3.739
21 22 138 0.662
15 18 74 0.793
10 41 109 -0.284
19 37 63 -0.067
38 17 87 -0.893
29 28 116 -0.850
17 32 104 2.595
33 15 20 0.016
37 8 15 -0.730
16 37 100 -0.907
35 14 133 -0.106
17 37 68 -0.787
28 21 116 0.240
38 12 85 0.062
13 32 34 -0.445
21 21 38 0.841
24 25 136 -0.771
30 25 120 -0.642
32 17 81 0.097
14 29 105 2.602
36 12 132 -0.909
30 28 94 -1.009
18 31 38 0.190
15 33 68 -0.482
25 29 136 -0.790
20 23 31 -0.627
37 8 89 -0.301
23 24 100 -0.454
31 16 116 0.262
26 20 39 0.471
16 38 142 -0.657
25 33 24 -0.762
20 32 137 -0.396
20 35 101 0.777
40 13 49 -0.470
28 28 115 -0.947
19 21 110 1.497
24 29 24 -0.384
41 11 54 -0.658
37 16 17 0.539
27 30 39 0.909
30 24 98 0.554
12 39 65 -0.852
37 4 84 -0.442
23 21 3 -0.978
12 27 66 0.867
28 22 96 -0.759
25 34 24 -0.568
42 8 14 -0.486
21 30 138 -0.420
24 24 82 -0.617
40 6 84 -0.269
23 24 114 1.145
9 31 106 -0.815
15 37 140 -0.282
15 35 36 1.442
31 21 6 -0.565
18 20 113 -0.333
37 14 55 -0.307
38 11 84 -0.669
12 21 71 1.250
29 26 136 0.146
12 32 147 -0.195
41 11 87 0.932
17 33 33 -0.373
15 27 74 -0.196
35 22 94 -0.498
31 9 119 -0.882
34 19 119 -0.553
18 31 100 -0.738
17 23 33 0.857
12 25 71 2.139
19 19 31 -0.456
36 7 50 -0.402
34 21 57 -0.403
41 11 85 0.104
31 6 79 0.196
29 18 115 -0.697
36 3 7 -0.344
27 11 4 -0.399
38 11 129 -0.583
35 16 81 0.431
39 12 51 0.599
15 36 66 0.789
30 19 61 0.936
19 31 28 -0.715
36 17 87 -0.674
36 24 132 -0.675
22 24 0 1.174
39 6 12 1.228
40 12 122 0.425
36 21 19 -0.046
15 37 33 1.235
28 18 61 3.394
40 5 127 -0.388
37 13 129 -0.914
15 38 143 -0.412
11 29 102 2.578
16 24 110 -0.203
10 36 106 0.433
18 23 110 1.494
30 18 61 2.513
14 35 142 -0.643
18 28 113 -0.261
11 30 109 0.390
16 32 74 1.990
12 39 72 -0.011
41 13 125 -0.427
12 33 67 -0.646
17 35 111 -0.844
41 12 90 -0.055
41 18 17 -0.847
19 32 140 0.163
36 18 92 -0.938
22 19 114 2.224
23 30 78 0.211
13 30 103 3.524
42 14 50 1.397
39 7 14 1.208
39 17 120 -0.233
13 23 146 3.908
22 22 2 0.926
12 36 34 -0.839
35 13 83 -0.430
31 26 58 -0.350
38 21 131 -0.953
10 29 70 2.952
34 15 43 0.334
26 25 149 -1.004
17 29 112 -0.489
35 18 56 0.130
26 12 4 -0.135
32 26 21 0.949
15 26 145 -0.937
17 25 34 -0.080
41 15 47 -0.607
30 15 21 1.169
25 10 44 -0.823
15 36 148 -1.081
38 17 120 -0.261
11 40 32 -0.479
40 4 12 -0.910
28 26 79 1.262
33 25 95 0.409
33 27 133 -0.831
15 34 104 0.272
22 33 62 -0.756
30 20 42 -0.387
40 7 51 -0.932
16 28 141 2.096
43 8 17 0.615
42 15 125 0.353
39 13 48 0.112
17 36 68 0.471
39 12 55 0.434
26 15 5 1.658
40 14 128 -0.179
41 16 54 -0.353
10 40 145 -0.821
20 26 38 0.705
41 11 52 -0.800
27 25 76 -0.344
31 16 77 -0.141
29 28 136 -0.319
16 33 66 -0.359
31 26 60 2.166
38 9 56 -0.559
16 25 74 1.078
19 30 0 -0.641
9 42 109 -0.221
26 19 116 0.544
41 13 53 1.140
38 7 124 -0.149
18 34 38 -0.659
40 13 50 0.999
9 35 107 -0.951
23 18 3 -0.066
13 39 68 0.149
37 11 18 -0.180
11 33 146 0.794
40 14 121 -0.808
37 10 9 -0.064
23 16 1 3.047
13 42 70 0.332
13 33 34 -0.906
14 32 69 -0.275
38 12 123 -0.451
37 18 56 0.001
31 13 81 0.355
11 31 102 1.114
31 14 96 -0.948
39 15 84 -0.598
37 8 85 -1.051
19 25 73 -0.932
15 36 142 -0.157
32 24 133 -0.961
12 39 35 1.563
30 20 115 -0.691
25 26 61 -0.884
11 28 65 -0.911
10 36 143 1.169
22 32 0 -0.372
31 28 22 -0.904
29 20 116 0.269
41 10 122 0.271
16 31 37 0.188
24 22 78 -0.239
35 18 47 -0.121
25 29 39 -0.618
37 8 47 -1.060
35 11 47 -0.276
22 19 0 1.856
34 9 80 -0.140
40 15 46 0.435
39 13 92 -0.939
40 11 126 -0.581
16 20 141 1.382
28 22 61 0.323
35 18 82 -0.663
28 31 115 -0.990
9 40 109 -0.309
34 15 10 -0.270
40 12 124 -0.273
23 28 5 -0.119
30 27 21 -0.976
14 26 103 2.866
15 29 141 -0.140
9 40 108 0.706
18 42 137 -1.047
39 11 83 0.629
15 33 74 -0.951
19 29 104 0.324
16 38 137 -1.038
12 40 72 -0.613
27 31 23 -0.378
29 14 44 0.237
41 10 53 1.136
16 22 75 1.262
10 33 110 -1.034
39 16 87 -0.749
35 21 132 -0.586
42 12 51 -0.211
36 22 80 -0.135
16 28 70 -0.491
34 14 56 -0.956
37 7 83 -0.519
15 31 148 -0.290
18 31 27 0.242
36 8 118 1.561
36 18 122 -0.357
40 12 91 0.012
19 19 138 -0.143
18 22 141 0.417
17 33 37 -0.823
15 28 144 0.014
31 21 77 -0.311
17 33 103 -0.880
25 21 98 -0.184
29 15 117 -0.454
20 35 137 -0.803
31 23 133 -0.926
34 26 95 0.769
39 8 14 0.690
28 27 77 0.295
30 13 40 0.757
39 3 123 -0.926
39 10 88 -0.705
14 33 144 2.852
12 32 109 0.593
28 23 59 0.344
35 25 133 -0.503
31 16 22 -0.063
25 23 3 0.110
42 7 50 -0.331
10 35 71 -0.574
26 26 135 -0.426
42 10 54 -0.809
36 24 130 -0.998
19 36 138 -0.455
29 35 96 -0.459
18 25 147 1.492
24 24 62 -0.713
14 36 112 -0.864
35 20 6 -0.964
40 8 49 -0.513
21 19 0 2.119
31 26 42 -0.362
15 33 102 -0.413
15 27 110 -0.670
39 12 89 0.289
34 16 20 -0.439
32 30 22 -0.137
17 28 72 0.956
43 10 16 -0.209
25 26 25 2.913
30 16 120 -0.727
18 23 28 0.829
39 3 131 -0.949
30 19 134 -0.614
10 38 35 -0.906
40 17 84 -0.689
15 38 102 -0.441
36 6 8 0.338
14 35 32 3.716
21 18 31 -0.618
17 22 34 0.825
14 37 109 -0.876
42 8 88 0.084
21 21 112 3.589
36 6 83 -0.721
13 39 106 -0.363
37 12 53 -0.741
40 14 125 0.162
36 17 19 -0.365
32 27 133 -0.923
39 6 11 -0.596
34 20 58 0.060
13 32 72 -0.644
23 25 26 -0.688
41 6 84 0.088
30 16 5 -0.552
43 11 90 0.552
17 39 137 -0.605
10 42 105 -0.555
12 33 143 3.378
16 25 73 -0.708
39 8 50 1.543
13 35 33 -0.491
38 8 123 -0.735
19 22 138 0.372
12 36 69 0.782
34 17 57 -0.244
34 12 8 0.525
20 27 65 -0.399
39 19 92 -0.554
29 23 136 -0.360
16 36 72 -0.906
36 24 19 -0.409
40 7 127 -0.466
26 20 97 -0.989
15 20 69 1.020
37 10 83 -0.211
34 23 7 -0.489
26 20 44 -0.675
41 8 15 -0.632
27 24 41 -0.949
21 20 2 -0.241
7 37 71 -0.854
15 31 67 -0.619
41 15 55 0.532
14 31 69 -0.692
43 10 127 -0.221
22 29 24 -0.423
34 9 8 -0.318
33 18 81 -0.691
33 25 58 0.043
17 35 68 0.931
40 16 11 -0.146
40 11 124 -0.092
35 7 7 -0.662
17 21 69 -0.108
18 28 38 0.417
38 15 54 -0.505
43 11 91 -0.115
31 15 21 0.433
37 17 132 -0.216
30 27 94 -1.042
22 29 139 -0.270
11 29 105 1.692
17 34 36 2.656
26 33 23 -0.665
15 40 0 -1.039
25 29 24 -0.729
37 16 94 -1.010
35 14 124 -0.077
21 17 68 -0.029
29 26 61 1.636
20 23 112 3.794
33 23 133 0.228
13 29 107 -0.963
42 7 14 -0.688
24 31 62 -0.365
32 27 97 -0.764
37 17 17 0.548
19 35 64 0.539
15 34 34 -0.606
42 10 90 0.335
18 30 27 -0.212
41 9 126 -0.676
30 34 60 -1.078
29 24 59 -0.082
13 36 143 0.092
34 16 19 0.175
18 26 75 2.308
40 11 14 0.307
31 11 44 -0.404
15 25 103 5.622
17 35 69 -0.447
13 35 149 -0.385
16 29 71 0.010
40 5 46 -0.711
30 23 60 3.665
40 10 88 -0.640
16 33 67 -0.645
15 33 142 4.644
27 27 39 0.755
28 15 82 -0.783
13 32 109 -0.902
29 30 96 -0.512
13 40 67 -1.061
32 25 43 -0.429
24 25 0 -0.851
33 20 58 0.191
16 36 137 -0.438
36 6 130 -0.364
36 16 19 -0.634
16 29 27 -0.839
14 37 32 -0.771
25 21 61 0.677
24 15 97 -0.985
12 34 145 -0.676
23 21 101 3.385
9 33 108 -0.600
34 15 134 1.101
41 21 88 -0.114
33 16 42 -0.121
16 38 72 -0.790
28 15 117 -0.524
37 8 131 -0.913
12 42 147 -0.742
34 16 120 -0.777
20 20 3 -0.867
18 30 73 -0.776
34 12 121 -0.883
40 11 130 -0.409
38 12 92 -0.782
16 38 69 -0.667
30 18 42 0.171
36 7 48 -0.301
19 38 138 -0.590
22 20 24 0.598
38 11 54 -0.756
33 14 97 -0.929
20 32 101 0.154
32 23 6 -0.152
15 25 70 0.116
35 2 82 -0.183
34 18 80 -0.498
40 10 45 0.669
30 19 115 0.043
35 16 10 -0.493
19 23 28 1.006
14 34 147 0.027
18 22 64 2.546
27 20 59 -0.470
42 5 12 -0.903
29 17 22 0.912
16 36 36 1.378
20 31 73 -0.630
42 6 90 -0.243
20 30 2 -0.032
28 21 22 -0.555
28 21 59 -0.266
25 33 23 0.760
37 11 122 0.201
37 16 48 -0.516
12 32 107 -0.414
32 27 134 -0.742
25 26 99 -0.797
15 31 75 -0.176
27 21 26 0.222
25 25 25 1.221
43 9 88 0.478
22 31 149 -0.757
13 31 67 -0.422
35 9 84 -0.247
42 12 124 -0.757
28 21 136 0.674
34 18 7 0.369
31 29 97 0.528
43 9 51 -0.712
38 13 128 -0.762
19 23 0 -0.318
39 13 88 -0.395
12 37 70 0.714
35 15 47 -0.395
30 29 60 1.353
16 24 37 2.162
39 17 122 -0.479
33 9 84 -0.376
11 26 105 6.535
40 16 10 0.389
39 9 125 -0.612
29 27 96 -0.649
35 12 83 -0.954
36 7 118 0.434
27 21 99 -0.577
13 39 71 -0.969
31 18 81 -0.578
26 25 135 0.176
27 16 4 -0.397
35 19 19 -0.330
43 7 126 0.292
27 25 114 0.508
33 22 58 -0.241
43 11 46 0.186
41 7 123 -0.816
28 20 97 -0.766
34 17 119 -0.586
30 24 118 -0.251
25 22 59 -0.101
36 10 119 0.985
16 29 111 -0.169
38 11 130 -0.144
15 32 75 0.574
29 36 60 -1.059
42 11 49 -0.696
24 21 139 0.128
18 21 147 1.061
18 21 31 -0.331
27 18 40 2.505
38 13 53 -0.784
26 29 136 -0.926
10 19 31 -0.336
36 19 7 -0.503
42 11 54 -0.851
21 13 138 2.096
27 20 40 2.018
16 31 144 1.340
40 13 52 -0.916
40 13 126 -0.605
30 14 40 1.769
15 35 110 -0.735
37 22 19 0.262
38 7 13 0.031
28 17 116 0.799
16 33 37 1.618
14 30 149 -0.974
13 31 141 -0.349
41 9 14 -0.576
6 45 108 -0.955
19 25 0 0.234
31 17 80 -0.405
38 11 10 0.497
38 22 132 0.036
41 10 11 -0.285
33 23 59 -0.709
38 13 93 -0.878
17 35 36 1.695
15 35 141 -0.799
13 37 105 0.675
11 41 139 -1.027
39 9 56 -0.876
13 27 149 -0.028
23 14 3 0.112
23 25 28 -0.369
32 9 81 -0.554
32 15 96 -0.926
11 32 29 0.212
33 17 10 -0.242
10 35 72 -0.574
11 35 143 2.566
11 36 146 0.163
19 29 137 0.389
19 22 3 1.025
28 17 42 0.279
13 27 140 0.529
34 4 45 -0.325
18 32 100 -0.370
28 14 4 -0.342
22 28 79 -0.989
37 7 45 -0.456
18 26 141 0.505
13 40 142 -0.902
42 18 125 0.476
20 22 0 0.939
37 13 56 -0.652
13 24 74 -0.406
15 33 32 0.306
24 21 76 1.261
24 30 4 -0.966
18 20 31 -0.504
41 15 17 -0.653
17 35 112 -0.724
22 19 3 -0.303
40 9 51 -0.879
17 29 110 -0.535
29 22 61 1.282
43 7 12 -0.855
23 29 63 0.391
20 18 138 1.501
44 9 126 0.051
32 15 117 -0.119
9 35 35 -0.354
32 19 117 -0.256
43 10 17 0.681
19 20 1 0.590
29 21 134 -0.456
12 40 105 0.588
30 22 98 1.657
24 23 114 2.621
24 29 99 -0.909
36 11 123 -0.892
36 12 12 0.420
27 23 117 -0.291
25 14 38 0.075
34 17 8 0.292
32 22 21 1.034
15 24 149 -0.187
24 25 25 0.439
19 31 101 0.249
39 10 11 -0.478
14 29 142 1.910
22 28 26 -0.063
39 10 53 0.323
15 40 113 -0.957
13 29 31 -0.838
28 25 41 -0.763
36 11 10 1.466
34 20 20 -0.567
26 30 136 -0.986
20 24 26 0.980
10 29 65 -0.632
18 30 28 -0.137
30 22 42 0.442
13 20 31 -0.122
25 25 99 -0.662
40 5 126 -0.756
15 37 109 -0.962
26 30 137 -0.451
35 23 57 0.172
17 34 33 -0.950
29 20 43 -0.542
36 19 122 -0.329
42 8 91 0.460
13 25 107 0.883
40 7 54 -0.837
35 24 19 0.090
31 18 44 -0.357
31 18 118 -0.037
36 20 18 -0.753
20 34 64 -0.627
18 27 65 0.172
40 12 130 -0.533
24 24 3 -0.977
19 38 63 -0.107
20 27 139 0.267
33 21 80 -0.348
18 29 102 -0.087
17 21 110 -0.068
42 12 53 0.425
38 7 85 -0.912
14 19 73 0.003
25 32 79 -0.776
22 33 99 -0.592
19 21 34 -0.159
10 41 71 -0.905
11 32 65 -0.841
18 28 68 -0.782
27 15 40 2.594
14 31 148 -1.030
18 25 65 1.931
10 32 146 -0.828
42 18 130 -0.420
24 16 114 3.723
28 19 120 -0.669
24 24 136 -0.158
20 32 26 -0.765
40 14 92 -0.896
19 19 2 0.710
37 19 92 -0.435
41 9 51 -0.783
21 33 101 0.576
39 5 126 -0.608
35 7 44 -0.678
43 9 13 -0.312
34 17 10 0.439
24 22 63 -0.767
42 12 127 -0.715
18 34 73 -0.409
17 37 72 -0.739
13 31 143 -0.768
31 26 59 -0.334
13 39 147 -0.520
26 21 76 0.567
25 16 2 0.118
13 41 70 0.589
35 11 120 -0.980
22 33 100 -0.391
38 12 83 0.039
14 25 66 -0.556
29 22 77 -0.098
21 20 112 2.714
39 20 94 -0.943
38 9 84 -0.125
34 22 20 -0.340
41 15 125 0.239
29 14 39 1.905
41 16 88 0.114
29 19 22 0.679
34 14 96 0.222
24 14 38 -0.084
26 27 59 -0.822
33 24 80 -0.376
11 33 109 -0.584
41 5 12 0.684
12 31 106 -0.187
34 16 54 -0.759
18 25 139 0.342
25 20 82 -0.657
15 38 103 1.405
32 19 97 -0.369
28 19 61 0.015
30 26 41 -0.102
40 14 129 -0.827
12 22 34 0.552
28 20 61 1.524
39 11 49 -0.498
28 24 21 -1.046
12 37 106 -0.662
40 11 47 -0.183
16 30 102 -0.151
34 25 95 0.173
11 37 67 -1.062
37 3 123 -0.907
16 28 28 0.806
15 26 146 0.808
17 21 1 -0.505
41 3 17 0.572
27 29 21 -0.994
11 33 145 -0.079
36 12 120 -0.509
12 33 105 2.386
39 7 121 -0.133
40 15 122 0.213
22 16 63 -1.060
39 10 91 -0.871
38 15 57 -0.880
16 34 105 -0.659
27 23 77 0.385
20 19 63 -0.609
39 12 85 -0.225
30 17 10 -1.016
30 27 22 0.533
18 34 101 -0.128
15 25 34 0.233
41 13 127 -0.374
39 11 125 -0.948
13 33 145 -0.788
40 8 127 -0.015
39 13 84 0.535
20 37 62 -0.977
25 22 61 0.619
15 31 72 -0.942
33 15 10 0.928
44 7 88 -0.380
35 16 6 -0.768
14 33 74 -0.152
17 34 37 -0.825
25 19 3 -0.078
13 32 110 -1.045
12 31 70 0.472
9 34 108 0.818
34 22 7 0.283
24 22 25 0.134
25 28 62 0.495
36 17 49 -0.513
20 24 76 0.001
27 17 39 1.933
15 30 68 0.258
36 10 87 0.774
38 15 91 -0.202
41 8 47 -0.437
15 25 64 2.939
29 21 136 0.942
39 7 131 -0.872
40 2 12 0.502
25 29 23 2.350
34 11 47 -0.684
12 32 33 1.380
43 12 52 0.558
14 32 71 0.462
28 20 23 -0.451
42 10 50 1.501
30 24 115 -0.727
40 9 9 0.430
38 9 123 -0.477
41 15 88 0.600
31 29 60 2.506
14 26 66 -0.391
20 19 76 -0.388
32 19 94 -0.840
38 14 8 -0.299
27 21 97 -1.004
13 42 102 -0.327
21 27 138 -0.092
41 0 12 -0.976
19 29 65 -0.080
37 10 49 0.334
39 13 85 -0.165
19 26 73 0.534
42 8 13 -0.417
41 14 129 -0.709
37 17 121 -0.594
15 29 69 -0.622
17 22 145 -0.259
19 27 28 0.772
39 4 15 -0.620
30 19 42 -0.538
30 20 116 0.785
26 21 61 0.702
36 16 133 0.259
16 27 1 -0.397
43 5 13 -0.274
21 29 138 0.088
15 36 103 1.658
20 24 27 2.270
35 10 132 -0.965
33 18 91 -0.743
28 25 136 1.543
14 31 103 0.709
17 33 36 2.598
14 34 29 -0.447
14 36 36 -0.193
26 16 3 0.516
31 23 43 -0.063
26 25 62 1.143
16 33 68 -0.956
22 12 3 -0.143
25 26 24 0.806
34 22 97 2.778
11 26 31 -0.585
10 42 71 -0.853
28 24 44 -0.882
29 27 21 -0.976
28 23 136 0.022
16 28 33 -0.666
11 34 67 0.034
27 25 40 -0.793
33 21 21 -0.125
21 29 149 -0.694
35 14 126 -0.632
18 35 138 0.920
36 14 49 -0.744
12 34 112 -0.757
37 10 48 0.090
28 21 23 -0.515
39 20 55 -0.777
11 44 139 -1.020
14 28 111 -0.638
14 38 32 -0.641
21 30 26 -0.783
41 2 12 -0.789
31 19 136 1.811
43 11 126 -0.834
16 28 73 -0.688
28 25 39 -0.410
29 17 118 0.124
15 22 69 1.438
26 26 77 0.210
16 23 70 -0.103
38 15 80 0.209
12 22 69 0.835
12 42 109 -0.965
31 27 58 -0.236
20 17 2 1.382
40 17 53 -0.123
11 28 144 6.021
30 22 23 -0.191
23 31 78 0.340
41 11 15 -0.714
37 14 131 -0.782
38 12 49 -0.168
37 19 56 0.820
14 39 32 -0.842
19 30 140 -0.194
12 31 146 -0.592
30 23 134 -0.502
10 27 144 4.673
36 14 127 0.174
32 22 118 -0.064
7 35 35 -0.680
40 14 91 -0.660
13 37 67 0.045
19 18 73 -0.849
30 0 82 -0.957
31 15 5 0.125
33 19 134 1.657
24 25 24 1.332
32 19 5 -0.319
12 42 112 -0.872
13 33 105 2.152
17 30 1 -0.983
8 40 145 -0.810
12 37 145 -0.727
13 27 144 0.727
14 26 2 -1.100
35 19 122 -0.256
36 5 8 -0.737
23 20 26 -0.177
25 30 62 0.411
24 36 62 -0.798
17 34 148 -0.394
17 31 75 -0.806
11 37 109 -0.240
8 26 107 -0.748
34 17 117 -0.710
36 21 57 -0.137
35 22 19 -0.134
15 30 66 -0.154
19 27 65 -0.038
25 28 39 -1.031
26 16 117 -0.921
37 12 123 -0.072
37 5 127 -0.941
15 31 71 0.558
24 26 25 0.275
42 11 88 -0.006
36 17 80 -0.320
28 18 114 1.947
30 13 44 0.047
19 39 63 -0.289
27 15 61 2.539
32 18 9 0.752
14 27 142 1.122
23 18 61 0.290
14 31 34 -0.597
41 11 49 -1.047
34 19 56 0.579
42 6 13 0.015
14 37 142 -0.768
36 25 132 0.107
40 12 83 0.140
33 20 132 -0.747
40 17 91 -0.352
39 13 86 -0.913
38 12 84 -0.240
17 25 38 0.043
27 30 62 -0.067
37 18 133 1.034
29 24 61 1.361
31 26 133 -0.850
25 15 4 -0.441
31 26 96 -0.471
28 14 39 2.100
29 21 5 -1.007
31 17 44 -0.276
38 12 17 0.143
23 12 78 -0.618
26 23 137 -0.415
26 11 44 -0.783
29 28 41 -0.036
31 27 22 2.874
35 14 49 -0.328
13 40 143 -0.300
37 10 121 -0.762
37 20 121 -0.564
27 20 76 -0.662
31 24 134 -0.877
41 13 49 -0.882
25 26 5 0.572
33 20 93 -0.858
26 27 100 2.374
40 10 126 -0.671
28 17 4 -0.538
38 11 9 0.066
41 14 50 1.139
14 26 74 -0.394
38 23 130 -1.003
17 31 69 -0.172
28 31 96 -0.687
22 16 3 -0.854
23 24 5 -0.059
12 35 32 0.429
37 18 43 0.493
39 11 121 0.072
35 12 8 0.129
25 24 60 -0.376
17 31 27 -0.686
37 24 95 0.103
39 19 131 -0.884
38 14 10 0.601
34 21 6 0.973
12 36 71 -0.826
22 35 115 -0.837
18 27 143 -0.728
19 14 149 0.068
24 38 62 -0.696
11 43 102 -0.743
39 10 123 -0.559
15 33 112 -0.767
35 14 132 -0.959
33 18 134 0.684
20 20 2 -0.213
36 22 120 0.015
16 37 0 -1.035
35 24 57 -0.861
27 24 135 0.547
23 26 99 -0.707
14 27 106 2.872
37 12 18 -0.556
18 31 112 -0.855
26 23 24 2.467
16 24 148 2.352
6 35 108 -0.975
35 15 122 -0.340
32 19 133 -0.011
10 40 107 -1.015
28 29 21 -0.984
29 11 4 -0.509
13 34 139 -0.993
18 31 1 0.085
38 12 45 0.470
14 23 71 1.294
44 11 127 -0.726
22 25 139 0.267
12 29 72 0.069
30 27 97 -1.059
29 22 59 0.127
11 37 104 -0.202
33 14 43 0.551
23 36 114 -0.953
29 22 80 -0.119
38 14 49 -0.757
13 36 70 1.208
20 23 149 -0.278
42 14 18 -0.608
38 23 56 0.194
26 29 61 -0.576
37 16 87 -0.136
29 24 98 3.345
24 29 135 -0.654
44 12 52 -0.873
13 34 148 -1.065
43 6 50 -0.614
34 17 47 -0.254
18 37 64 -0.005
34 16 119 -0.607
15 24 73 0.950
16 28 32 0.141
13 26 106 1.529
16 34 100 -0.939
15 38 140 -0.071
43 5 12 -0.757
29 22 23 -0.529
38 16 122 0.586
13 36 35 0.553
36 18 133 0.723
38 16 49 -0.812
14 38 71 -0.976
40 15 17 -0.063
28 25 60 0.805
14 32 143 -0.618
20 33 137 -0.693
20 26 28 -0.744
39 13 131 -0.723
36 21 20 -0.515
42 6 17 -0.524
15 29 109 -0.698
41 15 129 -0.888
8 36 109 0.203
15 35 75 -0.776
36 10 10 1.378
26 20 5 1.267
31 15 81 -0.895
42 12 16 -0.074
34 21 119 -0.892
21 31 5 -0.495
33 23 119 -0.863
27 19 39 0.644
12 29 31 0.376
13 40 29 -0.587
14 22 29 -0.798
34 17 9 0.947
14 37 72 -0.737
20 24 3 1.401
15 31 32 4.547
13 34 34 -1.072
12 25 67 -0.460
24 30 115 -1.013
36 10 121 -0.442
39 11 47 -0.557
19 21 38 0.310
12 34 105 3.530
20 27 28 0.317
42 15 49 -0.095
5 40 108 -0.996
26 15 114 1.159
32 18 43 0.439
38 9 18 -0.747
13 29 71 0.242
37 14 121 -0.619
18 20 65 1.118
9 34 102 -0.509
39 14 131 -0.665
39 10 84 -0.351
29 25 98 1.032
37 14 47 -0.729
32 6 123 -0.602
38 6 131 -1.025
24 26 76 1.864
36 18 93 -0.701
39 10 124 -0.331
17 26 75 1.787
35 8 82 0.691
38 13 51 0.700
12 21 69 0.676
20 32 64 0.194
30 29 22 1.905
24 20 62 -0.999
28 16 61 3.411
28 24 23 -0.636
22 34 137 -1.010
20 23 25 0.267
35 9 9 1.262
14 25 106 2.104
36 17 83 -0.395
32 18 80 -0.321
16 31 34 -0.556
23 21 63 -1.041
31 16 5 -0.029
38 9 15 0.257
35 17 82 -0.494
15 32 103 2.096
14 29 111 -0.123
26 14 44 -0.818
12 31 109 0.075
39 13 125 0.022
14 29 31 0.922
16 26 72 -0.110
43 3 12 -0.949
41 18 129 -0.731
9 43 102 -0.619
28 17 40 2.310
39 14 10 0.332
16 26 31 0.017
20 22 1 0.607
41 9 50 0.802
24 31 99 -0.643
42 15 17 -0.923
24 21 98 -0.167
41 17 55 0.352
20 28 137 -0.639
21 36 137 -0.840
19 23 34 -0.103
37 2 131 -1.011
33 28 120 -0.719
37 12 9 -0.985
40 9 92 -0.866
37 13 92 -0.777
43 11 129 0.363
35 17 19 -0.230
25 15 61 1.846
20 33 0 -0.605
12 31 141 -0.825
37 9 8 0.612
30 26 21 -0.674
28 21 135 -0.352
41 9 90 0.219
8 35 108 0.831
16 27 37 2.129
35 22 57 -0.153
31 12 117 0.913
38 10 15 -0.344
32 23 22 2.818
32 14 58 0.178
15 25 146 0.917
37 21 19 0.329
28 27 136 1.669
12 33 66 -0.952
22 30 138 -0.037
23 25 37 -0.446
30 24 134 -0.261
42 7 52 -0.116
23 24 101 2.664
22 30 25 0.967
28 15 118 -0.508
16 30 148 0.346
12 41 30 -0.372
16 35 137 -0.657
19 31 104 0.210
15 32 144 2.216
32 29 22 0.283
24 29 62 -0.973
40 20 55 -0.817
37 9 47 -0.953
27 24 136 0.411
39 10 56 -0.453
19 20 138 -0.073
22 20 62 -0.908
40 12 129 -0.534
40 8 16 -0.420
18 37 148 0.235
35 12 54 -0.748
41 7 11 -0.365
21 30 113 -0.752
45 8 17 -0.723
39 13 15 -0.116
38 17 94 -0.990
33 18 96 -0.075
17 26 74 -0.094
11 37 71 -0.959
26 31 60 -0.966
16 32 143 -0.427
40 4 46 -0.696
24 21 135 0.051
16 29 31 0.008
32 24 97 2.744
17 19 110 1.107
35 7 85 -0.962
34 22 95 0.065
16 35 72 -0.322
14 32 146 1.292
39 10 51 0.501
39 13 45 0.395
36 15 45 -0.220
16 31 104 0.382
36 25 19 -0.435
19 23 1 1.290
27 21 39 1.354
11 37 70 -0.044
35 12 80 0.091
24 30 63 0.590
37 17 7 -0.320
21 25 38 1.214
13 32 70 2.156
12 33 70 0.887
44 12 128 -0.327
23 33 114 -1.031
36 6 118 1.733
41 16 125 0.469
37 10 12 0.358
31 13 4 -0.267
39 11 48 0.500
37 10 46 -0.319
20 32 99 -0.882
44 4 50 -0.845
39 15 92 -0.506
30 16 116 -0.200
36 21 80 -0.293
40 9 130 -0.210
28 27 59 -0.288
21 33 26 -0.768
40 13 125 -0.991
40 8 12 -0.217
35 15 10 -0.273
35 16 19 -0.178
39 12 92 -0.637
19 30 64 0.836
32 14 81 -0.702
0 49 108 -1.008
42 17 52 0.367
28 18 42 0.182
27 29 39 -0.920
28 27 60 -0.161
33 22 59 -0.697
15 23 140 1.307
42 4 15 -0.362
30 17 43 -0.403
34 10 85 -0.834
35 6 118 0.751
39 10 46 -0.823
14 28 37 -0.100
35 13 56 -0.938
25 25 24 -0.194
27 24 44 -0.809
12 22 67 0.347
33 0 82 -0.724
38 8 85 0.183
10 41 102 -0.372
21 29 101 1.796
22 32 78 -0.868
13 27 103 0.641
30 24 42 0.772
16 34 36 3.364
36 10 9 1.732
21 30 28 -0.531
34 19 20 -0.466
15 31 140 -0.484
21 35 100 -0.512
21 29 38 -0.826
43 12 126 -0.841
19 23 27 0.300
24 31 115 -0.880
27 19 98 -0.629
37 14 8 -0.185
16 35 148 -0.778
15 24 111 -0.541
12 36 108 -0.725
48 0 12 -0.959
31 19 77 -0.382
33 21 133 -0.414
14 41 140 -0.828
13 36 102 0.679
42 12 91 0.386
23 28 24 -0.474
13 29 144 1.140
33 18 9 0.845
18 25 113 0.321
22 37 78 -0.770
43 7 17 0.520
37 19 130 -1.037
35 6 82 0.830
27 32 62 -0.264
39 5 14 -0.932
35 7 119 1.322
33 17 81 -0.685
13 26 70 -0.499
13 35 66 -0.016
15 35 32 0.089
32 26 43 -0.361
33 4 123 -0.829
12 29 34 -1.066
24 30 100 1.754
16 18 1 -0.560
29 14 115 0.915
19 22 34 -0.146
19 33 37 -0.452
27 28 135 0.631
39 11 85 0.195
13 39 72 1.372
16 19 31 -0.442
24 10 0 1.711
39 12 93 -0.936
34 14 8 0.320
43 9 49 -0.964
15 33 103 2.781
36 14 83 -0.584
12 31 144 5.437
19 27 76 0.354
40 12 88 -0.146
28 16 59 -0.615
41 13 18 -0.571
0 44 108 -1.044
17 28 137 -0.010
37 13 48 0.009
28 15 114 0.887
38 7 121 -0.162
38 15 18 -0.345
40 11 11 -0.676
17 21 141 0.603
36 7 18 -0.904
41 9 16 0.151
40 9 16 -0.342
28 23 76 -0.529
42 1 12 -0.884
16 30 149 -0.044
16 26 75 -0.111
15 35 144 -0.713
18 29 27 -0.360
32 25 59 -0.328
37 7 84 -0.694
13 27 145 -0.882
38 14 7 -0.429
26 17 3 0.622
37 21 6 1.378
17 38 68 -0.895
39 9 14 0.757
35 20 132 -0.767
15 27 28 3.274
17 25 74 -0.179
41 8 49 0.762
18 26 140 -0.043
19 30 73 -0.883
11 34 30 0.118
34 26 60 3.120
31 17 94 -0.889
38 18 57 -0.965
31 20 42 -0.418
36 4 8 -0.348
25 20 114 2.921
30 25 115 -0.927
31 23 97 -0.804
27 31 24 -0.721
21 36 64 -0.855
11 34 70 3.718
17 31 111 -0.876
23 37 78 -0.857
41 12 47 -0.282
15 23 103 2.632
20 29 113 -0.486
25 19 38 0.308
38 10 129 -0.578
39 10 86 -0.164
36 23 83 -0.854
36 11 83 -0.295
20 28 27 1.206
29 32 60 -1.068
15 33 149 -0.937
27 22 62 0.926
38 21 19 0.299
13 38 106 -0.387
33 11 9 -0.255
16 26 29 -0.931
15 30 33 0.529
10 37 65 -1.008
30 21 77 -0.268
20 23 0 -0.452
20 25 2 -0.011
29 23 61 1.490
20 18 63 -0.600
38 19 92 -0.368
16 22 1 -0.596
21 23 25 -0.160
24 34 114 -0.852
22 28 138 -0.106
11 33 107 -0.947
40 12 86 -0.092
13 41 72 -0.651
14 30 34 -1.067
30 22 41 0.353
28 26 116 -0.884
25 13 4 -0.605
30 21 135 -0.483
40 10 86 -1.051
16 36 104 -0.552
36 18 18 -0.809
15 35 74 -0.807
32 21 6 -0.128
34 19 7 0.467
19 27 31 -0.328
35 8 118 1.368
11 38 145 -0.570
32 17 121 -0.470
26 22 98 0.023
41 7 50 1.188
29 19 39 1.780
28 30 59 -0.612
41 13 128 -0.387
31 13 116 0.245
19 19 34 -0.079
28 16 117 -0.988
30 20 40 0.561
34 24 7 -0.364
11 34 72 0.406
7 33 107 -0.882
35 10 47 -0.342
26 19 4 -0.750
10 41 146 -0.716
41 16 129 -0.525
17 32 138 0.632
25 32 77 0.693
39 12 83 0.315
27 30 40 -0.827
13 39 35 0.520
34 15 8 0.420
11 37 106 -0.124
16 26 27 -0.648
39 11 90 -0.234
18 36 1 -0.937
13 20 68 -0.575
23 23 25 0.610
42 11 50 1.542
14 28 31 0.110
21 18 138 0.999
24 13 1 2.821
13 28 68 1.226
18 20 33 0.544
12 35 104 0.006
15 33 66 -0.715
43 14 128 0.245
18 26 28 0.497
21 21 3 -0.303
26 28 61 -0.691
17 24 34 0.373
34 15 9 0.464
28 13 116 0.490
30 28 60 2.888
40 16 84 -0.684
42 8 126 -0.965
10 33 32 -0.738
32 23 81 -0.827
24 24 24 1.563
33 20 95 -1.030
30 14 77 0.995
23 26 5 -0.129
36 20 20 -0.082
17 30 113 -0.821
22 30 38 -0.996
22 32 24 0.052
35 11 87 -0.927
35 16 122 -0.326
27 29 23 -0.738
41 15 87 1.235
11 33 29 -0.584
36 11 119 0.564
40 7 124 -0.117
35 7 87 -0.976
25 27 23 0.535
12 24 66 -1.086
30 26 23 -0.399
36 15 8 -0.243
42 13 127 -0.897
22 37 114 -0.737
28 16 97 -0.893
16 33 75 0.494
18 27 110 -0.641
21 15 0 -0.430
14 32 70 -0.524
19 30 26 -1.022
42 9 50 0.907
36 24 120 -0.052
14 38 36 0.005
11 26 71 -0.056
20 19 110 0.214
34 22 80 0.066
33 10 124 -0.497
41 8 126 -0.949
40 8 14 -0.377
23 25 61 -0.324
31 9 45 -0.958
19 21 74 -0.030
15 29 70 -0.637
35 16 82 -0.468
12 29 29 -0.935
22 36 138 -0.525
33 27 80 -0.346
22 26 113 0.015
12 31 34 -0.889
31 7 7 -0.237
11 24 105 5.946
36 23 20 -0.402
19 32 64 -0.686
16 36 68 0.346
42 9 92 -0.908
22 21 139 0.426
37 18 120 -0.046
13 25 66 -0.958
19 20 63 -0.818
34 23 58 0.309
41 12 49 -0.497
12 32 72 0.473
26 22 61 0.653
38 3 12 -1.032
29 25 40 -0.825
16 25 1 -0.690
36 17 56 -0.544
41 4 16 0.611
28 12 4 -0.309
17 26 103 -1.061
11 37 30 0.430
13 20 33 1.804
24 28 100 0.296
12 24 107 0.431
23 29 137 -0.756
25 30 23 0.501
30 19 22 0.323
24 34 62 -1.046
21 20 114 0.570
38 13 129 -0.271
18 16 73 1.847
25 25 4 -1.008
34 22 96 -0.322
9 30 35 0.043
14 33 34 -0.388
39 7 15 -0.272
16 24 31 0.760
13 37 32 0.242
34 4 82 0.150
14 34 0 -0.660
43 11 17 0.570
42 11 47 -0.435
23 14 0 2.062
16 36 75 -0.650
24 27 136 -0.590
16 20 68 0.940
40 17 88 -0.171
33 21 43 0.099
25 21 3 0.260
15 32 143 -0.527
32 17 117 -0.555
23 23 62 -0.825
14 25 144 1.208
37 5 15 0.050
43 17 128 0.007
17 25 33 0.862
16 32 102 -0.273
34 9 47 -0.779
14 26 71 1.345
4 42 108 -0.786
19 26 75 2.304
24 24 99 -0.892
32 17 120 -0.205
36 22 6 1.855
37 9 15 -0.600
27 19 61 2.752
17 27 139 -0.537
20 22 63 -1.057
35 10 49 -0.865
30 26 133 -0.660
35 22 20 0.467
13 37 66 -0.691
41 14 130 -0.791
35 18 94 -0.592
12 42 72 -0.677
14 27 31 0.960
29 27 97 -1.005
31 18 5 -0.362
31 18 6 -0.495
31 14 7 -0.195
23 31 100 0.390
14 33 142 1.634
31 21 41 0.523
29 26 21 -0.838
37 12 120 -0.521
33 18 58 0.092
36 5 82 0.880
21 30 149 -0.949
11 28 143 0.839
31 18 77 -0.330
24 28 0 -0.836
32 15 58 0.152
30 15 22 -0.049
33 11 20 -0.019
14 34 36 1.782
18 33 137 -0.355
42 7 46 -0.635
29 23 59 0.009
39 7 123 -0.771
31 24 94 -1.005
38 16 91 -0.505
15 35 148 -0.648
13 30 70 1.793
19 35 65 -0.014
12 33 146 1.024
16 21 1 -0.614
11 28 27 -1.091
25 24 114 -0.247
16 37 148 -0.869
30 27 135 2.378
15 38 0 -0.748
24 38 114 -0.909
35 14 121 -0.967
38 4 85 -0.990
12 29 146 -0.602
36 19 95 -0.088
20 25 28 0.434
30 27 42 0.724
12 37 30 1.689
15 39 75 -1.016
15 29 75 -0.851
13 36 30 -0.503
37 16 132 -0.858
29 22 39 -0.361
13 21 71 1.883
25 19 62 -0.221
40 11 129 -0.815
37 20 18 -0.889
24 21 116 -0.642
36 15 18 -1.021
41 16 55 0.362
30 15 5 -0.093
39 14 52 -0.219
38 8 125 -0.912
35 10 7 -0.477
33 16 9 0.869
24 29 77 -0.884
14 27 71 0.464
44 6 15 -0.820
33 19 20 0.088
20 25 112 3.493
39 9 45 0.193
20 22 76 -0.146
11 27 66 -0.869
22 28 38 -0.867
31 19 42 2.111
35 19 45 -0.253
41 7 14 -0.906
38 12 121 -0.277
39 10 129 -0.911
42 16 128 0.017
31 27 95 0.285
40 16 13 0.212
42 15 11 -0.752
30 13 117 0.734
32 21 96 -0.714
40 15 88 -0.186
22 27 26 -0.475
37 9 18 -0.115
42 13 49 -0.839
31 18 80 -0.318
17 29 104 0.783
34 21 59 -0.706
43 4 46 -0.252
11 38 72 -0.001
20 25 113 -0.507
16 30 37 -0.448
37 13 80 0.069
12 37 112 -0.804
29 15 39 2.048
39 17 92 -0.801
12 42 102 -0.727
38 16 131 -0.574
37 14 17 0.308
42 6 53 0.329
44 7 16 0.973
34 13 8 0.421
38 17 92 -0.409
39 11 13 -0.174
16 37 112 -0.824
29 22 135 0.144
17 25 149 0.260
39 16 128 -0.362
27 23 44 -0.736
13 41 143 -0.178
32 20 119 -0.648
14 32 147 -0.430
19 22 110 1.769
42 8 12 -0.833
41 8 88 -0.700
9 35 146 -0.703
40 13 87 1.002
36 20 133 0.669
29 26 96 -0.742
28 33 77 0.284
33 18 19 -0.263
26 26 60 -0.894
29 19 115 -0.602
31 20 21 1.097
12 31 35 0.567
41 12 55 0.481
43 7 14 -0.567
15 35 137 -0.635
28 16 43 -0.682
11 39 106 0.678
35 5 44 -0.742
27 15 115 -0.461
17 28 27 -0.517
22 28 2 -0.736
36 24 95 0.590
30 22 40 0.428
25 24 3 0.302
36 7 84 -0.402
35 24 95 -0.232
20 29 5 -0.472
12 34 140 -0.136
33 11 45 -0.750
14 34 142 -0.729
27 25 99 -0.382
40 15 126 0.052
16 39 103 1.416
29 26 40 -0.760
16 21 33 0.859
30 24 94 -1.048
33 12 20 0.048
17 31 37 4.395
35 17 43 0.242
28 20 98 -0.404
41 9 13 0.147
40 16 86 -0.156
29 17 40 2.387
22 36 78 -0.802
31 24 59 -0.496
18 16 34 0.585
31 19 120 -0.620
42 12 90 -0.136
14 33 0 -0.626
17 23 34 0.549
40 15 85 0.197
39 14 51 0.959
19 30 38 0.322
12 29 107 0.395
16 35 112 -0.702
32 17 5 -0.276
15 32 142 3.921
12 32 67 -0.188
13 33 36 0.033
31 19 41 1.413
37 17 96 -0.648
17 32 65 0.378
20 21 138 0.770
12 30 34 -0.863
38 16 7 -0.370
14 35 143 1.122
24 15 2 0.417
35 15 11 -0.358
28 37 60 -1.054
34 12 44 -0.008
41 15 11 -0.001
14 20 34 0.561
41 3 12 -0.706
29 14 79 -0.826
35 17 94 -0.731
19 20 34 -0.136
38 11 85 -0.267
22 17 0 1.291
12 18 34 0.494
41 7 15 -0.364
17 28 102 0.156
14 32 74 0.799
39 8 87 -1.053
24 17 137 0.006
41 13 84 -0.727
27 31 62 0.072
13 27 107 -0.251
30 17 80 -0.618
36 4 7 -0.544
30 23 23 -0.233
17 37 113 -0.985
33 17 97 2.395
40 10 92 -0.879
15 33 69 -0.787
31 17 118 -0.508
29 23 98 1.584
19 23 31 -0.603
32 19 95 -1.025
15 26 74 0.735
40 12 55 0.194
37 11 85 -0.654
9 36 102 -0.472
12 33 69 0.488
40 13 121 -0.543
29 21 42 -0.261
31 20 6 -0.543
19 30 149 -0.837
41 13 130 -0.134
17 30 104 1.341
26 27 24 0.344
40 13 123 -0.500
38 13 132 -0.990
30 18 5 -0.337
24 14 1 2.842
21 28 101 -0.071
40 6 16 -0.613
19 24 113 -0.307
11 30 143 3.209
29 26 23 -0.385
20 16 31 -0.560
32 13 118 0.514
27 20 98 -0.612
13 30 36 0.143
10 32 145 -0.821
36 23 22 -1.102
27 28 39 0.696
36 21 94 -0.832
12 36 35 1.277
35 10 127 -0.569
14 21 31 0.164
19 26 26 -0.890
14 39 67 0.295
17 22 113 0.563
22 19 76 -0.224
32 14 45 -0.889
39 9 122 0.419
28 24 39 -0.387
30 22 61 2.391
13 33 143 -0.539
18 22 148 0.260
13 37 72 -0.333
12 40 68 1.146
38 7 16 -0.827
29 26 22 -0.605
38 18 84 -0.587
34 22 58 -0.715
10 29 35 0.112
37 15 48 -0.479
41 11 51 -0.339
41 10 87 1.002
32 27 95 0.315
41 4 11 -0.602
40 13 122 0.446
14 34 66 -0.435
26 24 5 0.604
40 17 130 -0.580
19 22 64 3.348
32 15 94 -0.952
24 20 114 2.706
34 18 41 0.623
14 39 112 -0.728
41 9 88 -0.555
33 23 57 -0.478
43 14 91 0.077
22 32 25 1.219
19 28 64 0.214
13 37 139 -0.994
29 24 41 0.425
25 27 4 -0.998
38 13 90 -0.460
38 17 9 -0.917
43 8 90 -0.077
31 16 40 -0.851
22 26 4 -0.968
29 19 43 -0.406
12 34 143 2.056
41 9 15 -0.794
36 19 20 1.043
31 15 7 -0.550
22 22 113 -0.590
41 8 127 -0.670
43 13 128 -0.318
38 7 87 -0.846
19 23 111 -0.955
34 15 121 -0.461
40 12 90 -0.594
16 18 31 -0.482
14 37 147 -0.391
37 18 48 -0.591
28 34 77 0.376
5 44 108 -0.960
18 29 64 -0.399
24 26 61 -0.558
36 20 120 0.142
38 20 84 -0.673
29 16 22 0.818
14 34 32 4.641
43 12 17 -0.002
43 19 130 -0.540
24 31 77 0.488
13 31 71 -0.242
39 18 93 -0.927
11 40 106 0.475
18 28 74 -0.005
28 19 60 -0.781
38 12 53 -0.698
18 34 37 1.818
31 21 98 0.591
37 6 86 0.899
40 9 50 1.595
35 11 48 0.065
10 35 108 -0.790
32 25 80 -0.262
10 32 35 0.458
31 26 43 -0.391
22 25 25 -0.597
34 23 20 0.032
24 32 77 -0.438
15 31 36 1.413
38 13 57 1.017
39 14 54 -0.039
32 22 97 0.374
32 15 9 0.537
19 31 140 0.181
26 23 59 -0.086
15 29 103 3.504
35 9 45 0.299
32 12 4 -0.461
31 17 81 -0.501
34 12 85 -1.020
13 37 36 1.657
14 29 110 -1.036
30 24 120 -0.731
43 12 88 -0.646
41 11 129 -0.231
19 21 3 0.983
19 28 149 -0.782
35 23 20 0.215
23 33 137 -0.676
24 28 99 -0.863
16 29 69 0.781
22 29 38 -0.969
16 30 75 -1.025
36 10 83 -0.216
39 17 121 -0.432
39 15 90 -0.787
20 29 63 -0.678
32 23 98 -0.916
27 7 4 -0.036
23 16 3 -0.009
33 12 81 -0.398
33 21 42 0.414
13 32 69 0.705
43 14 17 -1.001
15 31 66 -0.912
12 30 144 -1.036
39 11 16 -0.576
18 33 106 -0.318
23 25 135 -0.650
15 31 142 2.413
14 25 142 0.545
42 14 13 0.029
16 29 142 5.472
17 31 138 0.634
13 31 33 -1.059
26 29 135 -0.984
33 23 80 -0.537
20 26 139 0.168
34 7 11 -1.015
16 22 29 -0.957
37 18 17 0.604
37 11 15 -0.768
19 28 0 -0.046
17 29 65 0.647
17 21 31 -0.513
36 13 85 -0.925
13 30 35 3.108
39 10 89 0.855
40 13 129 -0.703
30 17 96 -0.759
36 22 130 -1.037
9 34 107 -0.973
32 21 21 0.445
16 33 105 1.696
10 35 109 0.183
34 13 132 -0.975
14 28 70 0.059
42 11 11 -0.460
29 22 96 -0.780
34 20 9 0.574
35 19 96 -0.326
31 19 118 -0.013
29 29 41 0.070
18 30 2 -1.007
26 29 114 0.605
34 15 96 0.112
16 32 142 -0.263
31 16 119 -0.550
34 24 132 -0.646
12 37 107 -0.622
26 34 23 -0.808
14 37 74 -0.822
39 21 130 -0.922
30 21 23 -0.403
13 25 142 0.293
17 31 113 -0.832
16 32 141 -0.517
15 38 72 -0.957
27 18 39 2.207
41 5 84 -0.113
19 20 31 -0.355
16 27 28 3.720
12 36 107 -0.994
35 20 19 -0.516
8 36 72 -0.896
19 21 1 0.705
34 19 81 0.471
21 31 149 -0.752
31 19 96 -0.987
17 31 143 -0.230
34 10 7 0.035
21 24 26 0.300
38 16 93 -0.966
27 23 116 -0.494
37 13 46 -0.310
18 23 69 0.666
11 24 67 -0.984
37 7 86 -0.802
15 32 34 -0.546
30 24 21 -0.353
23 20 25 -0.072
29 15 44 0.025
10 33 33 -0.565
14 29 144 3.730
28 26 60 1.270
25 32 60 -0.893
40 11 15 -0.722
23 30 39 -0.414
15 29 32 1.844
42 6 16 -0.738
17 29 38 -0.249
35 14 11 -0.396
22 22 28 -0.746
33 22 19 -0.148
38 10 45 -0.078
30 22 134 1.269
12 30 102 1.617
29 13 118 -0.379
35 14 89 -0.554
35 15 20 0.732
17 22 73 0.704
37 5 13 -0.589
36 9 48 0.138
25 23 38 -0.835
16 36 140 0.542
42 8 11 -0.323
35 15 82 -0.822
34 17 44 -0.907
10 40 30 -0.940
31 19 116 0.197
19 18 138 -0.578
35 7 8 -0.595
39 9 11 -0.450
17 36 0 -1.030
28 18 97 -0.976
27 27 116 -0.019
29 19 44 -0.893
11 38 147 -0.751
33 12 10 0.472
12 24 105 5.558
26 23 62 -0.327
24 30 0 -0.821
27 32 23 0.535
25 19 97 -1.052
32 21 40 -0.642
22 23 25 0.419
26 27 114 0.483
38 15 123 -0.126
40 9 83 0.296
34 21 93 -0.861
22 20 114 0.454
35 14 10 -0.320
8 39 102 -0.822
36 6 45 -0.200
27 26 39 0.877
9 42 35 -1.001
29 28 22 -0.927
36 8 10 1.101
31 9 79 0.400
29 25 136 0.671
28 29 59 -0.661
19 34 73 -0.411
15 26 34 0.605
39 14 83 0.429
16 19 34 0.929
12 38 70 1.208
39 9 55 0.088
14 30 141 0.106
18 33 68 -0.155
21 24 0 0.726
34 15 18 -0.998
40 12 54 -0.664
24 27 24 -0.521
45 14 129 0.019
16 31 29 -1.024
22 25 1 2.260
14 36 149 -0.945
32 22 6 -0.097
29 15 21 2.416
38 11 56 -0.411
24 27 1 2.121
12 39 105 -0.031
43 13 16 0.345
26 13 4 -0.468
38 20 120 -0.308
14 31 68 -0.710
12 32 70 0.931
20 24 113 -0.035
14 35 111 -0.951
32 14 9 0.230
23 26 39 -0.529
25 26 4 -1.006
31 16 115 -0.620
32 18 41 1.343
38 18 131 -1.006
9 27 29 -0.587
22 21 27 0.095
19 26 148 0.502
37 16 18 -0.697
43 4 126 0.105
31 17 22 0.180
17 30 149 -0.648
36 18 56 0.125
31 20 118 -0.029
28 29 23 -0.741
37 11 53 -0.586
37 1 46 -0.824
10 38 107 -0.996
28 19 118 0.213
42 9 46 -0.792
21 38 64 -0.783
39 17 132 -0.832
38 17 80 0.344
13 34 0 -1.056
27 19 42 -0.279
6 41 108 -0.969
39 11 122 0.160
26 25 61 -0.653
35 14 53 -1.012
18 29 1 0.422
24 24 139 0.859
29 28 59 -0.655
12 33 147 -0.119
35 12 47 -0.569
25 33 77 0.729
40 7 125 -0.545
17 33 111 -0.533
24 30 23 -0.332
37 13 53 -0.608
15 30 27 -0.778
24 32 99 -0.610
31 17 97 -0.812
14 41 66 -0.266
12 37 109 0.507
16 32 113 -1.023
40 11 50 0.248
38 10 87 0.257
35 14 58 0.182
35 24 58 0.300
11 39 139 -1.068
35 9 11 0.606
36 21 121 -0.371
26 18 60 -0.778
28 15 97 -1.061
12 31 107 -0.365
41 15 13 0.542
23 22 138 1.522
23 32 26 -0.692
40 7 92 -0.158
33 11 44 -0.543
22 32 23 -0.928
37 7 13 -0.484
39 9 89 0.518
12 24 31 -0.002
35 12 121 -0.874
30 21 5 -0.982
30 23 43 -0.589
21 35 99 -0.831
42 7 53 0.430
38 18 80 0.121
27 27 61 -0.684
12 29 68 -0.345
38 14 86 0.443
41 13 51 -0.456
35 6 119 0.909
41 10 48 -0.909
27 23 82 -0.533
12 27 35 2.359
21 29 26 -0.703
25 15 5 1.329
20 18 139 1.477
39 13 128 -0.581
17 34 100 -0.945
42 16 129 -0.348
29 26 100 1.611
16 24 28 1.409
16 34 141 -0.832
20 29 65 0.153
14 33 75 -0.754
15 28 145 -0.546
37 10 45 0.036
30 17 42 -0.055
38 4 87 -0.878
23 33 25 1.655
30 26 98 -0.706
13 19 69 0.235
43 2 12 -0.754
26 15 4 -0.458
39 11 124 -0.916
16 26 142 2.234
42 10 53 0.623
7 36 109 -0.442
35 21 57 0.129
37 16 89 -0.337
21 28 79 -0.977
14 40 29 -0.488
41 11 50 1.057
23 28 0 -0.813
28 22 77 0.662
36 7 7 0.698
34 20 82 -0.832
29 23 21 -0.944
32 14 44 -0.069
13 28 141 0.993
39 11 50 2.178
39 18 91 0.267
35 12 132 -0.959
29 23 41 -0.113
22 32 100 -0.719
35 7 127 -0.783
40 10 121 -0.456
37 15 55 -0.983
35 15 8 0.480
24 26 62 -0.623
12 34 68 0.467
38 11 18 -0.750
25 26 76 1.437
16 35 100 -0.866
33 20 131 -0.725
34 24 58 0.287
22 32 138 -0.168
27 22 63 -0.399
18 22 27 -0.893
36 8 84 -0.178
16 31 141 0.549
34 8 85 -0.008
11 20 69 0.249
44 7 126 0.032
42 2 46 -0.603
42 16 17 -0.966
25 25 100 0.139
26 30 25 -0.811
29 18 116 0.121
20 25 38 1.537
13 34 140 -0.691
36 19 130 -1.030
20 7 0 0.341
19 24 111 -0.790
9 29 107 -0.762
35 21 81 0.600
11 29 67 -0.423
38 9 13 0.200
37 11 89 -0.442
21 28 25 0.729
36 3 84 -0.787
38 11 13 0.285
7 33 32 -0.761
26 29 39 -0.581
42 3 46 -0.807
19 20 113 -0.324
30 23 40 0.859
37 17 133 0.848
42 7 92 -0.473
40 5 15 -0.413
32 21 43 -0.311
20 21 76 -0.018
15 30 140 1.323
28 23 116 -0.933
29 21 41 -0.669
40 7 14 -0.262
23 30 62 -0.800
40 7 87 -1.051
13 35 30 -0.113
16 39 113 -1.013
27 18 5 1.545
9 29 109 -0.274
34 14 7 -0.099
32 18 56 -0.915
13 26 31 0.548
42 17 128 -0.254
24 27 26 -0.021
13 42 32 -0.815
22 25 2 -0.717
20 33 26 -0.943
14 34 106 -0.500
19 25 31 -0.635
11 36 71 -0.894
20 22 3 1.342
27 27 136 0.152
20 23 101 -0.045
42 11 124 0.081
14 31 146 0.127
29 12 79 -0.110
30 16 41 0.194
14 25 103 -1.002
10 43 109 -0.921
43 8 52 -0.040
26 27 135 -1.014
11 37 108 -0.818
42 13 51 0.803
39 19 88 -0.162
15 25 1 -0.632
26 30 99 -0.581
41 16 17 -0.852
25 16 116 -0.009
37 11 13 0.674
12 19 33 1.745
26 22 137 0.389
35 11 119 -0.275
18 21 110 0.808
25 17 5 1.588
11 37 147 -0.493
35 17 41 0.369
13 29 34 -0.724
36 9 18 -0.293
35 19 55 -0.701
39 21 55 -0.420
41 8 90 0.056
36 10 7 -0.836
37 9 118 2.075
32 26 95 -0.004
36 13 121 -0.614
11 41 71 -0.870
14 38 74 -0.799
39 9 9 0.601
41 12 18 -0.614
15 28 67 0.053
39 4 12 1.165
9 36 143 -0.759
38 9 9 0.412
37 20 132 0.436
16 31 142 4.360
38 18 122 -0.102
14 39 105 -0.184
38 8 84 0.576
17 29 140 -0.618
27 20 82 -0.593
24 26 1 2.299
15 27 66 0.784
15 21 34 0.246
35 9 47 -0.599
39 12 91 -0.296
35 7 118 0.966
35 8 87 -0.973
23 34 137 -0.750
28 11 82 -0.948
23 20 136 -0.445
41 12 91 -0.234
13 32 141 -0.418
29 22 41 0.352
16 19 1 -0.621
14 24 31 -0.084
15 33 140 -0.413
18 25 111 -0.818
11 25 33 1.150
39 0 12 -0.934
16 27 72 -0.140
41 14 52 -0.530
11 34 107 -1.007
37 7 87 -0.888
33 5 85 -0.375
24 24 149 -1.002
21 24 111 -0.904
16 32 110 -0.698
38 15 45 -0.610
34 26 43 -0.241
32 26 135 0.019
28 20 60 -0.615
36 16 45 -0.452
43 7 50 -0.742
30 23 98 0.901
23 29 77 -0.873
40 13 14 -0.539
36 18 87 -0.691
15 20 74 0.627
22 11 1 2.924
40 14 46 0.437
20 15 149 0.265
29 36 96 -0.504
33 21 6 0.155
43 13 125 0.106
17 36 138 1.141
38 21 94 -1.013
16 35 149 -0.936
35 18 6 0.764
41 15 53 0.012
19 35 113 -0.938
35 14 131 -0.837
36 21 7 -0.089
16 32 106 -0.431
40 14 45 0.898
35 11 7 0.084
20 31 149 -0.679
11 26 66 1.416
39 16 84 -0.795
25 24 26 -0.764
39 14 86 0.210
13 37 142 -0.741
13 40 30 -0.739
36 14 54 -0.703
34 16 93 -0.922
16 29 68 -0.260
10 29 72 -0.118
28 24 76 -0.505
34 10 45 -0.208
37 15 17 -0.320
28 35 77 0.460
39 16 94 -1.037
38 4 12 0.393
37 4 18 -0.140
18 22 68 -0.732
32 18 44 -0.085
25 26 79 -0.777
31 16 120 -0.900
40 12 10 0.332
16 29 104 -0.222
38 12 129 -0.925
16 31 36 2.404
34 18 86 -0.879
21 32 26 -0.459
27 31 25 -0.360
40 5 16 -0.584
36 9 126 -0.569
16 24 140 3.364
40 13 128 -0.089
43 10 129 0.037
9 45 102 -0.878
10 34 32 0.485
43 12 125 -0.006
35 4 82 0.058
35 19 80 -0.427
35 10 80 0.037
37 15 18 -0.994
31 20 57 -0.779
13 25 31 0.351
16 39 69 -0.665
31 18 134 0.105
25 18 39 0.425
10 35 146 -0.745
23 34 62 -0.242
23 35 24 -0.031
29 19 40 2.680
8 38 35 -0.853
43 18 128 -0.360
14 39 33 -0.152
38 11 53 -0.597
40 17 17 -0.189
21 35 64 0.449
32 14 80 -0.431
26 23 80 0.085
11 37 32 0.016
34 19 18 -0.996
14 42 111 -1.032
41 18 91 -0.292
41 7 46 -0.712
36 18 57 -0.455
33 12 117 0.225
15 29 149 -0.113
34 12 124 -0.140
37 12 45 0.297
39 8 51 0.320
33 14 81 -0.272
12 39 102 -0.659
10 35 143 -0.839
11 31 143 0.001
39 10 127 -0.204
14 24 106 1.859
30 20 41 0.229
15 27 104 -1.042
27 23 62 0.572
23 29 139 -0.464
10 32 109 0.304
16 20 34 -0.042
40 13 92 -0.733
30 18 80 -0.082
29 29 98 -0.564
37 11 123 -0.780
34 24 6 1.461
11 21 105 3.317
27 27 78 -0.482
29 30 135 -0.076
27 19 115 -1.035
21 24 63 -0.118
17 28 147 -0.955
21 14 0 -0.308
14 20 73 0.286
41 6 16 -0.412
30 18 116 0.069
38 9 85 -0.957
28 20 77 -0.965
21 16 75 -0.539
12 34 72 0.870
33 17 119 -0.176
23 25 24 -0.595
40 11 91 -0.030
18 34 138 0.995
12 31 149 -0.166
19 25 38 0.231
25 24 116 -0.497
17 41 137 -1.065
31 22 136 2.124
32 19 96 -0.795
12 35 34 -0.779
22 34 138 -0.608
17 30 29 -0.901
13 25 141 -0.353
15 32 70 -0.213
35 8 47 -0.907
39 17 54 -0.335
21 32 65 -0.603
32 17 118 0.025
38 14 92 -0.495
16 26 113 -0.865
26 21 78 0.120
37 9 123 -0.835
28 16 42 0.162
18 33 27 0.078
18 34 36 2.554
37 15 8 -0.443
21 26 1 0.454
40 8 54 -0.682
18 36 38 -0.919
18 31 139 -0.613
22 21 112 3.137
31 20 116 -0.822
39 18 92 -0.440
28 27 134 -0.421
33 9 123 -0.563
18 22 110 0.923
29 22 115 -0.838
28 22 115 -1.047
15 34 144 0.523
38 7 9 0.213
37 17 56 0.181
28 27 62 -0.565
39 18 122 -0.510
31 21 120 -0.635
17 30 144 -0.406
35 10 46 -0.294
26 25 100 -0.632
12 38 147 -0.163
8 33 30 -0.718
34 15 95 0.272
32 13 10 -0.379
39 10 50 1.833
38 17 128 -0.522
37 13 20 -0.598
35 13 9 0.104
28 30 40 -0.795
30 23 61 2.064
38 12 90 -0.324
31 22 133 -0.414
39 11 51 0.827
14 30 147 1.370
24 33 23 0.119
25 21 5 0.257
37 8 50 -0.251
13 33 70 1.836
33 27 22 -0.063
35 19 7 -0.066
33 15 43 0.666
38 10 131 -0.854
9 37 108 0.488
28 27 115 -1.026
39 15 85 -0.130
24 22 38 0.938
34 8 44 -0.598
10 33 102 2.182
37 12 15 -0.534
39 5 15 -0.651
11 40 65 -1.045
14 30 31 0.362
10 38 72 -0.752
30 12 77 0.979
31 16 118 0.647
16 26 148 2.321
33 20 7 -0.412
42 8 127 1.018
39 14 128 -0.318
25 28 4 -1.016
17 31 144 3.410
38 10 48 -0.335
11 30 107 -0.082
31 25 97 1.376
22 16 0 1.003
31 12 115 -0.622
15 29 66 -0.379
37 17 6 1.823
38 9 53 -0.886
30 23 58 -0.076
22 23 114 0.848
40 7 90 -0.319
17 28 26 -1.046
39 12 52 -0.140
14 24 71 1.582
34 17 43 0.445
22 25 114 1.001
42 8 51 -0.819
22 21 114 1.115
27 29 41 -0.788
22 24 3 -0.521
14 37 66 -0.870
39 5 12 1.117
39 5 121 -0.964
16 29 1 0.407
31 22 120 -0.812
16 31 74 -0.048
25 18 76 1.914
28 29 26 -0.720
38 10 52 -0.759
42 14 129 -0.819
23 35 25 -0.693
19 34 26 -0.948
37 16 46 -0.474
37 14 122 -0.048
29 14 97 -0.884
25 29 114 0.031
37 25 132 0.181
27 28 25 -0.650
41 7 124 -0.188
12 36 140 -0.965
13 36 29 -0.866
15 41 68 -0.665
29 12 118 -0.468
18 26 112 -0.905
33 18 20 -0.141
12 27 140 0.204
20 30 101 0.456
27 22 99 -0.264
34 21 95 -0.328
33 20 43 0.498
40 16 46 0.010
34 11 124 -0.087
37 18 122 -0.696
33 17 43 0.585
15 32 148 -0.923
40 14 55 0.250
23 27 149 -0.848
35 14 120 -0.826
17 20 31 -0.129
12 38 30 -0.496
11 25 105 5.900
14 26 144 2.158
40 10 51 -0.472
16 23 140 1.083
26 21 4 -0.363
41 21 55 -0.868
15 32 110 -0.987
23 25 76 0.494
34 13 81 -0.491
27 32 134 -0.861
41 11 86 -0.930
42 5 46 -0.629
18 29 31 -0.431
31 17 79 -0.021
37 17 10 0.457
32 20 43 0.970
34 18 8 0.211
38 6 123 -0.719
30 14 5 -0.055
16 34 143 -0.429
40 19 55 0.073
38 12 48 -0.512
13 35 142 4.363
39 18 94 -0.947
35 10 126 -0.654
20 29 137 -0.646
15 37 103 0.641
43 10 91 -0.324
42 6 46 -0.308
16 19 73 2.401
33 26 133 -0.123
20 29 28 -0.596
39 12 12 1.655
37 6 85 -0.645
29 28 115 -0.920
36 15 7 -0.440
26 26 79 -0.809
37 18 6 0.896
17 24 149 -0.119
38 14 13 -0.666
18 26 65 1.303
16 29 66 -0.385
34 27 95 0.528
25 34 25 -0.558
12 31 32 -0.302
40 13 45 0.448
14 18 74 0.526
38 14 47 -0.480
31 22 44 -0.126
15 22 70 -0.239
16 27 144 0.945
38 15 48 -0.304
27 21 82 -0.537
30 14 4 -0.292
29 22 136 0.651
22 15 1 -0.110
36 11 9 1.063
12 25 106 2.187
23 28 27 -0.724
33 16 96 -0.243
10 35 32 -0.819
32 16 20 -0.595
26 16 5 1.241
39 14 15 0.036
43 7 53 0.887
19 27 2 -1.011
35 23 19 -0.121
12 35 66 -0.882
31 24 118 -0.110
39 5 131 -0.889
28 24 120 -0.559
9 32 35 0.598
14 36 143 -0.006
36 22 132 0.178
10 38 108 0.925
7 28 108 -0.611
35 13 126 -0.592
28 22 60 0.119
33 10 8 0.173
22 21 63 -0.896
27 25 59 0.478
17 28 104 1.247
16 23 31 0.513
13 31 109 -0.324
35 18 18 -1.004
33 21 134 0.200
14 35 33 1.359
32 5 119 -0.777
14 36 66 -0.845
11 30 35 -0.045
9 31 143 0.230
13 17 34 0.326
31 16 42 -0.526
20 25 149 -0.950
31 24 44 -0.487
37 10 53 -0.727
38 12 13 0.095
25 28 99 -0.233
26 22 79 0.911
36 23 121 -0.437
32 16 9 0.668
38 9 12 2.503
31 25 98 2.369
22 24 2 0.497
16 26 65 1.583
22 31 78 -0.880
7 35 108 -0.145
39 8 52 -0.759
27 27 25 -0.988
26 20 78 -0.291
19 34 63 -0.327
39 10 92 -0.956
42 12 50 -0.184
20 25 139 0.591
34 23 21 -0.022
18 19 31 -0.422
32 7 119 -0.807
24 25 116 -0.544
16 29 75 -1.038
40 8 13 0.108
31 10 4 -0.155
35 19 118 0.163
27 22 5 1.065
23 26 3 -0.371
25 26 100 0.005
41 10 130 -1.001
31 22 117 -0.733
28 26 39 -0.462
40 11 51 -0.418
29 22 118 0.140
41 14 92 -0.866
39 15 122 -0.063
35 16 58 0.730
40 9 11 -0.342
18 24 34 -0.201
39 13 51 0.669
20 26 0 -0.003
24 27 25 2.710
42 11 91 0.599
16 25 31 -0.324
25 17 38 0.251
12 39 71 -0.763
25 15 78 -0.765
30 12 40 0.387
15 32 71 0.254
37 9 45 -0.021
36 14 6 -0.868
35 17 57 -0.378
35 14 41 0.790
12 36 70 1.349
27 26 62 1.020
19 19 110 1.660
15 27 142 1.310
38 9 45 0.143
18 23 76 0.221
14 39 148 1.372
30 27 136 -0.188
16 25 141 1.229
15 24 72 -0.400
33 20 97 3.087
43 10 126 0.774
20 28 113 -0.551
39 20 131 -0.948
18 27 113 -0.730
25 27 5 0.630
36 17 92 -0.715
36 13 45 0.505
15 34 148 0.439
27 25 82 -0.630
15 27 68 0.011
40 11 48 0.431
28 28 116 -0.912
20 30 139 0.548
39 10 14 0.932
18 32 139 -0.436
26 23 61 -0.825
13 38 102 -0.287
20 29 64 -0.542
29 16 118 -0.393
43 13 126 -0.902
21 30 37 5.336
30 14 116 0.128
27 28 23 -0.233
15 23 148 2.007
42 2 11 -0.523
22 22 26 -0.729
12 36 32 0.257
24 17 2 0.158
28 27 96 -0.757
33 16 95 0.002
16 36 103 -0.401
33 19 43 0.270
28 26 59 -0.118
18 30 38 0.964
34 5 8 -0.399
31 14 118 0.488
13 38 104 -0.690
27 19 23 -0.723
31 17 96 -0.904
14 28 140 1.349
31 28 134 -0.806
28 12 82 -0.756
16 33 140 -0.914
25 16 76 1.937
37 12 121 -0.334
34 20 95 0.989
38 8 49 0.268
13 30 102 1.417
38 10 91 -0.139
11 33 104 -0.514
35 20 57 0.167
38 8 11 -0.337
34 25 57 -0.902
24 36 114 -0.841
9 38 35 -0.729
17 29 26 -1.049
19 23 76 0.187
23 23 114 2.437
40 14 53 -0.360
31 32 96 -0.286
17 25 144 -0.857
28 29 60 -0.650
28 17 39 0.066
17 35 140 0.434
35 16 41 0.475
30 16 79 -0.361
36 9 84 -0.795
16 34 66 -0.569
32 13 8 -0.200
18 26 37 2.202
37 9 53 -0.747
43 13 52 0.601
29 15 116 0.087
33 18 80 -0.423
41 12 127 -0.173
38 8 12 2.067
41 10 49 0.422
27 23 135 0.273
14 22 106 1.710
31 24 21 1.172
36 15 132 -0.790
16 36 113 -0.987
23 25 39 -0.587
25 32 26 -0.791
13 36 72 0.883
14 28 104 0.130
30 28 135 2.483
29 18 23 -0.694
39 7 91 -0.557
38 10 49 0.347
12 23 34 0.848
41 12 14 0.500
18 23 73 3.259
10 31 108 -0.584
35 10 87 -0.923
38 5 85 -1.053
15 27 34 0.681
29 23 77 0.465
30 12 115 -0.452
30 28 22 2.238
42 12 129 -0.010
26 24 6 -0.709
40 16 54 -0.265
24 30 27 -0.375
15 39 0 -0.686
18 25 64 1.443
38 11 91 -0.397
13 25 147 0.511
9 33 107 -0.905
34 22 6 0.141
15 31 112 -0.806
34 16 46 0.072
15 32 140 1.339
31 19 81 -0.805
15 21 29 -0.766
42 12 46 0.168
39 17 128 -0.225
36 23 132 0.012
15 31 31 -0.358
15 36 36 1.032
30 22 22 0.644
26 8 4 -0.126
27 21 24 1.860
23 24 25 0.947
16 28 1 -0.405
38 17 132 -0.655
39 13 87 -0.746
35 19 6 0.039
27 26 99 -0.433
29 14 21 2.705
21 25 28 -0.782
22 20 0 -0.343
35 12 11 -0.777
13 28 107 0.618
38 14 93 -0.980
12 37 35 1.816
30 30 22 1.423
15 26 31 -0.897
14 22 110 -0.706
39 12 124 -0.094
12 36 142 1.148
27 12 115 0.164
29 26 39 -0.717
40 11 89 -0.191
25 30 25 1.758
34 20 57 -0.584
16 39 0 -1.049
34 14 119 -0.448
17 27 27 -0.761
10 29 67 -0.508
29 12 40 0.724
16 28 34 -0.451
37 12 49 -0.922
18 32 38 0.294
16 27 69 1.490
33 10 9 -0.156
34 17 96 -0.337
37 17 122 -0.153
22 29 99 -1.050
44 5 15 -0.779
15 33 110 -1.019
37 16 57 -0.952
40 13 16 0.359
30 19 79 -0.746
37 2 7 -0.690
14 36 110 -0.836
39 12 125 -0.604
15 32 72 -0.263
33 15 119 -0.712
20 31 64 0.432
15 26 29 -0.792
20 30 27 0.576
19 19 1 0.825
43 15 91 0.097
13 38 72 0.887
28 22 59 -0.091
32 24 6 0.080
14 37 106 0.616
37 13 93 -1.021
19 28 33 -0.941
27 20 114 1.729
38 11 93 -0.927
35 19 94 -0.682
39 11 84 0.429
35 16 95 0.629
35 22 58 0.416
14 35 36 -0.069
33 19 42 0.596
15 25 104 1.688
12 30 66 -0.845
38 20 56 0.092
17 21 34 0.768
41 14 13 0.768
22 31 137 -1.014
16 27 34 -0.045
11 38 30 0.408
37 15 120 -0.334
20 20 73 -0.590
24 21 4 -0.904
36 11 89 -0.701
14 27 145 -0.714
16 38 147 -0.994
36 21 132 -0.019
15 36 112 -0.684
27 24 25 0.125
13 39 111 -0.981
9 39 107 -0.973
31 20 58 -0.646
32 19 81 -0.502
15 35 68 -0.632
9 44 102 -0.659
28 31 77 0.398
32 21 116 -0.786
38 14 45 0.323
40 7 46 -0.690
14 29 68 -0.405
20 25 73 -0.844
35 12 10 -0.573
29 24 42 -0.253
40 9 49 0.119
31 16 79 -0.136
32 24 43 -0.338
12 34 29 -0.071
19 27 3 0.966
14 34 68 -0.639
33 17 58 0.729
12 31 72 0.303
37 5 87 0.170
14 32 67 -0.157
37 6 131 -1.064
22 23 38 1.343
34 14 83 -0.147
20 24 1 1.301
40 15 53 0.403
12 30 67 -1.041
36 22 19 -0.295
17 27 74 0.223
23 33 78 -0.739
22 28 149 -0.117
16 35 109 -0.998
36 16 20 -0.472
18 21 33 1.482
41 17 88 -0.344
43 14 124 -0.529
18 31 65 -0.025
19 29 76 -0.181
17 29 74 -0.977
35 18 19 -0.552
15 25 149 -0.065
33 11 48 -0.443
33 22 81 -0.767
20 28 28 0.598
27 20 116 -0.485
17 32 75 0.617
38 12 132 -0.977
19 21 28 0.559
13 33 69 -0.331
38 10 121 -0.851
41 5 90 -0.154
20 26 76 -0.164
35 17 134 0.800
34 16 9 1.152
39 16 8 0.317
15 33 144 1.260
39 7 49 0.367
34 12 9 -0.150
21 37 100 -0.533
43 1 12 -0.876
12 34 109 0.522
34 15 80 -0.438
24 28 1 2.358
29 11 115 1.021
20 33 101 -0.255
16 29 29 -1.012
12 30 68 -1.082
14 33 110 -0.996
18 33 101 -0.241
11 32 107 -0.675
38 19 91 -0.602
12 31 68 0.164
13 24 31 -0.212
14 32 68 -0.446
33 20 119 -0.727
35 12 118 1.539
30 17 118 -0.866
39 12 10 0.473
28 20 115 -0.880
29 22 21 -0.637
14 34 105 1.762
20 21 73 0.152
37 15 89 -0.134
19 29 37 -0.272
38 16 47 -0.596
28 15 4 -0.287
12 32 66 -0.577
44 15 124 -0.904
13 31 68 -0.722
23 26 24 -0.173
26 20 76 -0.237
38 20 122 -0.678
40 14 86 -0.682
15 28 103 1.036
14 39 35 0.386
24 26 139 -0.597
23 15 0 2.445
16 21 73 1.510
14 30 68 0.511
29 23 79 0.717
19 31 137 0.369
12 32 29 -0.253
15 37 102 -0.524
33 13 119 -0.556
17 30 26 -0.268
13 32 29 0.116
42 4 50 -0.866
20 12 3 -0.820
19 36 63 -0.532
26 20 116 -0.426
12 33 35 -0.004
20 30 149 -1.013
15 29 67 -0.839
34 17 54 -0.872
37 3 7 -0.406
7 39 105 -0.613
22 30 24 0.009
33 14 56 -0.919
19 33 139 -0.517
10 32 32 -0.097
22 29 62 -0.251
12 40 102 -0.646
41 17 130 -0.269
19 33 63 -0.460
29 26 98 -0.922
15 31 74 0.668
39 8 121 0.169
41 13 17 -0.408
13 30 75 -0.820
20 35 138 -0.726
29 18 59 -0.313
14 37 36 -0.111
15 33 105 0.750
30 11 79 -0.559
28 21 114 0.995
37 19 93 -0.959
36 21 133 1.273
39 10 9 0.120
10 38 30 -0.183
4 39 108 -0.942
36 23 6 1.273
17 32 140 -0.376
13 20 34 0.609
29 20 4 -0.375
41 14 46 0.219
20 23 1 1.396
23 21 138 1.475
40 6 91 -0.930
14 31 147 0.782
27 30 99 -0.360
19 25 27 1.963
13 27 29 -0.708
10 28 65 -0.731
11 37 146 -0.590
28 30 136 0.948
12 34 34 -0.745
12 24 70 0.055
41 10 47 -0.267
44 9 52 -0.818
17 33 100 -0.842
34 14 81 -0.542
20 28 139 0.258
20 23 26 0.519
39 14 92 -0.686
31 20 98 -0.538
8 32 146 -0.907
34 13 43 0.684
36 12 121 -0.930
41 14 18 -0.347
36 17 10 0.203
34 15 20 -0.555
20 37 101 0.474
13 34 70 0.425
14 28 67 0.034
16 35 74 1.888
21 21 139 1.543
16 33 102 -0.428
34 25 58 0.210
7 32 108 -0.704
37 18 83 -0.943
34 19 21 -0.359
13 34 33 -0.215
38 15 93 -0.914
38 16 132 -0.850
32 10 8 -0.729
41 5 14 -0.959
21 32 38 -0.958
43 7 52 -0.791
19 29 38 0.324
37 11 48 0.354
43 9 125 -0.183
22 33 137 -0.761
28 23 98 -0.887
28 31 25 -0.668
26 17 39 1.789
19 28 38 0.144
34 21 19 -0.358
40 15 55 0.156
13 36 33 -0.490
33 22 97 2.726
36 7 130 -0.033
19 15 75 -0.658
37 13 132 -0.750
30 18 40 0.157
33 10 119 -0.622
32 3 82 -0.814
14 36 33 -0.825
36 16 56 -0.504
32 18 116 -0.745
24 30 62 -0.273
11 34 143 0.245
37 9 48 0.142
16 24 111 -1.007
39 16 54 -0.423
12 32 105 2.631
23 22 113 -0.428
17 24 74 -0.039
12 37 68 -0.157
14 31 140 -0.447
28 20 76 -0.633
13 22 107 -0.078
16 40 140 -0.079
31 22 21 0.428
36 14 133 -0.030
35 17 132 -0.827
15 32 66 -0.508
36 10 89 -0.626
17 30 28 -0.299
23 28 25 -0.652
18 29 37 1.583
18 19 110 0.952
35 23 132 -0.630
37 12 13 -0.742
37 11 55 -0.517
21 28 75 0.524
32 27 98 -0.929
16 31 148 0.288
15 28 141 -0.051
29 16 117 -0.615
15 32 145 -0.559
41 15 130 -0.219
39 16 85 -0.864
41 11 47 -0.163
26 12 44 -0.812
42 14 128 -0.274
38 14 55 -0.344
38 14 132 -0.689
12 37 71 -0.881
33 26 120 -0.326
28 30 23 -0.125
36 15 20 -0.479
17 24 103 -1.026
24 19 76 -0.105
40 11 83 0.278
34 11 120 -0.940
33 22 98 -0.898
36 23 120 0.176
36 5 118 1.527
34 7 45 -0.332
13 38 111 -0.951
42 8 17 -0.015
16 33 148 0.515
39 12 86 0.125
14 38 142 -0.731
25 11 116 -0.061
12 38 143 0.481
36 15 131 -0.963
41 11 16 0.164
40 18 130 -0.846
31 24 98 -0.983
30 25 21 -0.817
14 31 102 2.835
25 11 82 -0.807
18 37 137 -0.446
16 23 141 0.757
23 27 25 0.791
34 16 43 0.528
31 24 80 -0.263
41 9 46 -0.721
33 19 6 0.826
36 22 56 0.751
25 27 114 -0.372
40 5 14 -0.666
20 28 26 1.251
12 37 72 -0.348
28 23 41 0.154
11 34 109 0.283
16 31 38 -0.806
12 39 145 -0.568
34 17 83 -0.473
30 21 42 -0.470
11 34 32 -0.363
37 19 18 -0.493
40 11 128 -0.826
29 22 98 -0.892
28 33 134 -0.964
16 39 36 -0.038
42 7 11 -0.814
15 32 149 -0.959
41 18 125 0.222
40 10 91 -0.889
38 24 130 -0.972
39 16 92 -0.616
37 16 84 -0.324
17 32 72 -0.869
13 36 106 -0.058
14 15 31 -0.500
40 6 126 -0.651
40 13 83 0.205
41 13 129 -0.846
18 25 28 0.094
35 14 46 0.061
19 24 37 -0.208
11 38 109 -0.987
29 17 77 0.227
44 13 127 0.296
36 13 80 0.347
12 25 69 0.905
37 17 81 0.440
18 30 101 -0.039
18 29 111 -0.751
37 20 91 -0.436
42 13 92 -0.698
13 35 146 -0.530
36 13 12 0.263
16 24 73 0.042
26 15 78 -0.326
39 11 130 -0.207
37 7 11 0.317
12 40 109 -0.935
41 11 13 0.825
37 9 56 -0.687
23 25 100 0.144
38 18 8 -0.224
15 37 74 -0.791
29 27 136 0.261
18 25 63 -0.498
39 10 48 -0.450
38 15 92 -0.490
17 27 149 -0.410
39 19 54 -0.254
15 33 147 -0.944
8 36 146 -0.908
40 10 127 0.070
45 6 16 1.242
23 37 114 -0.908
34 7 121 -0.941
37 13 87 -0.257
26 13 44 -0.778
37 7 85 -0.953
27 29 135 0.699
21 28 0 -0.724
27 30 60 -0.765
16 29 37 1.599
13 33 32 0.908
16 27 29 -0.935
41 20 88 -0.141
30 25 97 -0.024
35 17 85 -0.955
38 7 48 -0.036
43 10 125 0.163
35 26 94 -0.578
35 12 85 -0.918
34 6 83 -0.515
17 29 28 -0.750
34 23 19 -0.306
40 16 88 -0.225
37 4 8 0.028
14 31 105 3.141
23 26 4 -0.890
9 40 35 -0.883
14 37 67 -0.290
27 30 59 -0.769
29 9 4 -0.058
32 22 42 1.511
28 14 117 -0.904
37 20 95 -0.014
23 27 0 -0.633
31 16 41 0.909
39 11 86 -0.102
33 7 121 -0.960
38 9 129 -0.813
35 22 96 -0.387
35 17 47 -0.711
38 8 129 -0.526
14 32 148 -0.991
32 28 22 0.139
12 27 107 -0.226
32 18 133 -0.007
17 27 75 -1.023
31 25 43 -0.662
35 18 45 -0.371
40 6 124 -0.246
24 11 0 1.476
39 16 126 0.306
37 24 130 -0.987
26 24 39 -0.634
10 33 30 -0.265
36 12 126 -0.765
10 32 143 1.454
40 14 130 -0.387
31 23 58 -0.326
17 34 140 -0.206
16 27 110 -0.535
24 25 99 -1.056
18 30 76 -0.505
17 36 36 2.400
15 31 38 -0.591
20 31 63 -1.035
14 36 140 -0.357
42 5 16 -0.821
28 26 136 2.295
16 30 144 1.627
8 38 109 -0.832
18 27 148 0.360
17 35 38 -0.375
27 25 120 -0.551
31 24 57 -0.536
18 33 37 -0.898
18 19 73 2.064
35 25 132 -0.001
39 12 53 0.442
37 19 81 0.804
37 16 56 0.199
41 15 124 -0.882
35 21 19 0.008
34 13 82 -0.685
25 25 61 -0.086
14 32 36 4.619
40 6 131 -0.867
35 16 47 -0.678
33 9 81 -0.689
17 42 137 -1.030
30 24 43 -0.871
27 21 78 0.828
39 14 11 -0.301
11 38 107 -0.936
12 34 67 -0.958
41 14 53 0.100
37 6 13 -0.468
35 9 85 -0.902
19 39 138 -0.602
15 33 30 2.139
17 25 141 2.424
15 34 105 -0.124
38 16 11 -0.496
16 26 110 -0.137
32 21 118 0.152
16 25 70 -0.118
34 14 43 0.291
13 33 66 -0.637
21 26 101 1.015
21 19 139 1.622
28 18 78 0.805
32 13 121 -0.770
21 18 3 -0.297
13 40 102 -0.480
42 6 12 -0.818
39 11 14 0.546
15 29 102 -0.210
42 15 128 0.320
23 27 101 1.948
29 23 23 -0.343
37 13 17 0.596
30 19 21 1.781
36 8 124 -0.019
40 7 89 -0.529
40 11 54 -0.800
36 19 56 0.078
16 23 103 -0.981
12 35 143 0.555
44 6 52 0.257
13 30 148 -0.964
41 14 91 -0.545
43 7 15 -0.905
18 27 100 -0.258
39 16 123 -1.033
11 35 109 0.439
18 32 1 0.269
27 20 44 -0.827
22 32 137 -0.956
34 20 10 -0.810
27 24 114 0.226
18 23 0 -0.019
38 13 9 -0.263
34 17 132 -0.845
31 27 133 -0.781
28 24 136 0.774
13 36 104 -1.050
16 35 103 -0.390
24 32 24 -0.662
13 30 32 2.352
12 34 27 -1.054
13 32 149 -0.643
28 15 116 -0.183
30 21 61 2.604
20 25 76 -0.281
38 12 7 0.303
37 12 54 -0.700
22 25 38 -0.874
21 18 0 -0.302
42 9 88 0.529
39 17 17 0.321
30 20 117 -0.214
44 11 126 0.287
39 16 93 -0.913
38 17 131 -0.860
35 18 132 -0.689
34 9 45 -0.336
32 17 44 -0.405
32 24 59 -0.376
36 9 130 -0.065
15 34 66 0.468
20 32 63 -0.338
27 29 59 -0.686
34 18 20 -0.434
18 18 110 0.534
19 24 72 -0.630
13 32 31 -0.859
31 24 97 1.696
31 16 7 -0.405
26 26 62 1.386
12 37 66 1.439
17 25 28 -0.269
25 31 62 0.233
17 33 112 -0.590
15 32 67 -0.206
37 13 9 -0.355
40 5 84 -0.028
16 39 137 -1.057
11 35 105 -0.420
26 28 39 -1.022
14 40 112 -0.731
38 20 91 -0.128
27 27 134 -0.386
43 7 11 -0.727
26 20 61 1.817
15 31 110 -1.021
14 27 74 -0.050
39 16 17 0.273
38 15 56 0.637
32 23 59 -0.276
16 30 34 -0.491
18 35 140 0.124
42 10 11 -0.296
16 23 1 -0.796
14 36 75 -1.072
42 8 50 0.322
12 27 141 0.505
17 25 76 -0.625
13 30 67 -0.932
19 37 140 -0.688
16 30 1 -0.454
15 23 74 0.924
19 28 112 0.646
34 16 81 0.576
9 39 102 -0.609
23 24 28 -0.568
12 37 69 -0.376
40 16 17 -0.239
36 11 120 -0.924
23 23 5 -0.043
14 33 36 2.903
39 12 90 -0.397
17 37 36 2.444
31 20 40 -0.185
36 1 82 -0.357
31 13 117 0.245
15 30 67 -0.409
39 12 87 -0.845
39 14 129 -0.782
38 12 9 0.475
20 26 111 -0.958
16 21 74 0.638
41 12 51 -0.599
38 8 15 0.442
12 35 147 0.202
42 11 51 -0.375
35 20 133 0.751
24 22 5 0.375
33 26 43 -0.381
26 23 97 -1.072
39 15 48 -0.566
33 7 47 -0.940
32 18 42 -0.188
44 9 15 -0.371
19 26 74 -0.692
17 38 112 -0.844
42 7 15 0.288
17 24 110 -0.205
43 10 46 -0.194
20 34 63 -0.237
28 12 118 -0.433
10 38 110 -1.042
36 17 57 -0.153
14 38 33 0.591
29 22 60 3.069
41 16 128 -0.050
21 30 75 0.518
34 10 8 0.936
42 13 52 0.313
38 7 12 1.832
32 21 134 1.263
35 16 93 -0.950
12 31 33 0.592
12 32 108 -0.903
23 25 1 2.209
27 12 4 -0.391
14 27 144 -0.603
10 36 109 -0.292
19 19 64 0.553
27 22 79 0.511
38 11 51 0.414
36 16 118 0.023
17 36 38 -0.674
35 17 10 -0.270
23 25 0 -0.847
13 27 33 0.451
36 19 8 0.056
13 36 149 -0.184
16 27 65 2.517
13 36 36 2.529
31 27 97 -0.759
16 22 34 0.278
38 10 13 -0.233
25 24 136 -0.725
41 7 127 -0.656
40 13 54 -0.472
14 35 112 -0.542
31 21 42 0.443
38 8 51 0.018
29 35 60 -1.030
37 19 94 -1.004
18 26 147 2.769
32 22 59 -0.373
17 33 67 0.054
39 22 83 -0.861
30 13 116 -0.503
13 38 67 -1.075
38 13 87 0.182
24 25 3 0.387
31 28 43 -0.544
33 16 118 1.039
41 8 124 0.109
33 9 119 -0.483
24 20 3 -0.182
19 26 28 0.708
16 26 73 -0.683
16 30 111 -0.608
20 17 149 0.255
38 12 55 -0.324
44 14 129 0.080
12 40 30 -0.765
6 29 108 -1.010
26 26 25 3.033
23 32 77 -0.042
30 25 23 -0.165
32 22 80 -0.272
37 17 19 -0.870
22 25 63 -0.577
13 28 71 0.502
40 8 45 -0.452
12 24 29 -0.956
19 28 37 -0.382
14 31 27 -0.813
9 43 105 -0.501
14 30 37 0.632
37 1 131 -1.043
41 12 11 -0.674
36 22 20 -0.586
37 19 19 0.025
29 18 40 2.906
40 12 125 -0.028
25 29 61 -0.109
37 15 132 -0.795
19 21 113 -0.112
38 18 86 -0.856
39 13 10 0.426
29 27 23 -0.507
36 9 10 0.595
15 33 148 -0.474
17 43 137 -1.005
26 30 135 -0.854
42 10 91 -0.111
22 31 100 0.331
17 31 112 0.539
9 36 146 -0.619
27 27 60 0.708
22 23 2 -0.478
30 16 39 1.938
28 20 21 -0.609
40 7 16 -0.485
28 6 44 -0.810
13 26 107 0.541
17 29 147 -0.908
16 34 75 -0.764
34 19 9 0.760
12 33 142 -0.886
34 13 10 1.339
16 32 140 0.202
7 38 108 -0.458
40 14 122 0.063
35 18 95 0.376
21 29 37 3.198
16 31 103 -0.735
16 24 34 1.110
23 31 137 -0.965
31 25 21 1.522
8 35 102 -0.067
13 30 31 0.535
29 16 43 -0.792
39 2 12 1.744
32 22 58 0.284
38 13 83 0.596
15 18 1 -0.722
12 22 105 6.803
41 13 91 -0.708
24 25 63 0.174
35 9 126 -0.735
43 13 129 0.076
28 25 135 0.845
19 20 73 0.339
15 39 66 -0.800
16 32 32 0.298
29 20 115 0.001
40 4 14 -0.096
42 9 127 -0.218
16 35 36 3.115
26 27 99 -0.373
32 20 9 0.661
28 21 77 -0.879
10 34 145 -0.821
33 15 80 0.001
23 30 24 -0.294
9 37 147 -0.926
38 17 85 -0.878
16 23 33 1.519
15 30 110 -0.867
25 21 38 -0.806
19 32 149 -0.796
28 19 41 0.111
17 22 31 -0.138
23 34 23 -0.827
21 19 112 0.679
14 26 31 -0.201
19 31 113 -0.035
31 12 118 0.486
16 27 75 0.759
20 28 101 -0.247
42 7 90 0.175
26 19 76 -0.201
37 18 121 -0.887
25 26 98 -0.027
13 30 30 1.322
38 13 7 -0.347
22 29 64 -0.520
30 18 22 0.056
16 37 143 -0.443
24 29 100 -0.335
30 13 77 0.996
34 0 82 -0.423
34 5 44 -0.687
16 37 142 -0.436
29 18 134 -0.315
15 36 149 -1.002
15 17 33 2.236
37 11 54 -0.770
13 41 71 -0.978
26 30 63 -0.244
20 35 65 -0.054
26 15 44 -0.824
42 8 16 0.179
15 26 75 -1.068
25 24 5 0.564
35 20 93 -0.783
30 18 21 1.154
33 18 94 -0.826
18 28 37 -0.222
41 19 125 0.274
24 32 23 -0.564
28 14 40 2.733
20 27 137 -0.292
27 25 135 -0.031
26 26 114 -0.297
20 28 2 0.020
41 11 53 1.690
29 15 115 1.058
11 35 71 -0.596
35 19 10 -0.776
8 28 108 -0.639
39 14 17 -0.071
37 14 87 -0.217
22 29 4 -0.975
27 16 59 -0.635
23 19 114 1.966
33 15 7 0.415
12 25 33 0.390
36 17 6 1.984
13 29 105 1.938
14 25 67 -0.527
15 28 37 0.067
37 10 47 -0.746
38 6 87 -0.452
42 5 13 -0.364
30 24 61 1.852
34 13 47 -0.370
16 21 113 0.097
43 15 49 -0.617
24 28 63 -0.695
14 34 71 0.363
21 16 2 1.564
26 18 5 1.513
28 22 44 -0.687
37 16 122 0.177
41 12 52 -0.171
39 17 130 -0.929
23 23 24 1.426
28 25 77 -0.864
13 35 148 -1.042
15 35 0 -0.599
37 10 122 -0.093
30 30 60 1.232
10 36 30 -0.674
24 17 5 0.567
38 13 56 -0.318
37 14 20 -0.525
39 5 45 -0.669
41 12 13 0.669
22 32 99 -0.973
17 14 2 0.672
14 34 148 1.256
12 36 66 1.460
33 8 45 -0.215
21 22 2 0.784
44 9 90 0.076
36 13 47 -1.029
38 17 56 0.899
21 28 149 -0.349
38 20 86 -0.865
27 30 79 -0.727
26 25 78 -0.313
28 24 97 -1.076
10 28 102 0.325
18 24 112 1.607
23 34 115 -0.897
15 31 144 1.127
12 28 65 -0.996
27 25 98 0.479
22 23 3 -0.233
21 23 63 -0.020
42 19 125 -0.148
17 33 65 1.585
34 22 57 -0.622
37 7 18 -0.320
23 31 63 -0.972
21 29 64 -0.385
16 37 68 -0.734
36 15 57 -0.591
28 23 39 -0.639
24 18 114 3.269
23 26 135 -0.684
12 34 32 1.038
42 10 128 0.216
15 25 28 -0.422
14 38 145 -0.537
14 32 149 -0.982
15 28 104 -0.050
22 29 37 -0.449
16 34 70 -0.909
17 23 64 2.994
20 30 65 -0.002
13 37 140 -0.672
20 28 1 1.876
32 16 97 -0.715
31 15 115 -0.695
41 17 125 0.220
22 33 79 -0.996
13 28 105 1.400
30 19 59 -0.493
42 7 51 -0.860
13 33 107 -0.349
31 21 21 1.786
40 13 46 0.203
11 37 107 -0.985
16 29 105 -0.176
9 41 109 -0.448
36 10 47 -1.005
39 10 15 -0.398
37 12 126 -0.535
30 21 41 1.128
18 28 140 0.461
31 24 6 -0.311
13 35 70 1.043
14 26 36 4.155
38 4 46 -0.619
32 22 40 -0.649
13 29 36 4.561
32 25 57 -0.553
8 38 102 -0.660
34 19 41 0.484
28 22 41 -0.465
36 20 132 0.045
37 17 120 -0.063
26 11 4 -0.069
13 29 106 2.194
29 16 40 1.285
33 21 58 0.103
10 30 35 0.023
15 32 36 2.498
41 13 54 -0.822
24 26 4 -0.866
16 25 27 -0.914
14 31 111 -0.660
26 19 5 1.443
34 14 6 0.058
38 11 12 2.226
29 21 117 -0.889
19 27 64 1.304
42 18 91 -0.622
31 17 77 0.988
33 17 134 -0.448
15 25 147 0.448
33 14 47 -0.657
37 11 127 -0.170
32 16 79 0.209
36 13 92 -0.917
20 18 110 -0.141
37 9 127 -0.708
33 13 96 0.036
12 33 109 -0.621
15 27 144 1.430
13 29 74 -0.535
24 31 26 0.260
35 16 94 -0.788
26 17 44 0.008
38 10 83 0.373
13 40 68 0.727
31 22 118 -0.887
41 13 47 -0.204
14 22 28 -0.065
37 16 83 0.208
29 24 133 -0.997
22 26 2 -0.351
31 16 133 0.539
41 14 15 0.178
17 28 144 -0.665
39 10 122 0.305
16 27 27 -0.650
23 27 37 -0.601
31 18 120 -0.593
33 1 7 -0.824
30 17 44 -0.079
22 19 112 1.803
34 9 9 0.763
29 33 60 -1.054
34 25 119 -0.887
42 17 88 0.006
16 31 113 -1.049
16 25 64 2.747
32 13 42 0.490
23 34 114 -0.950
13 35 35 0.429
37 9 85 -0.665
35 13 85 -0.880
40 6 14 -0.493
24 37 137 -0.968
21 11 1 0.226
15 33 113 -0.996
38 10 9 0.547
24 24 78 -0.275
13 33 74 -0.844
40 12 52 -0.629
18 25 37 0.959
19 23 26 0.527
26 26 39 -0.674
35 21 95 -0.079
31 15 58 0.479
38 14 87 -0.306
25 28 23 0.776
35 20 94 -0.360
14 24 70 0.015
20 23 2 0.114
29 19 5 -0.274
39 14 9 -0.104
34 20 81 0.494
42 16 51 1.061
23 28 1 2.098
41 7 12 0.600
17 20 34 0.755
29 24 115 -0.877
11 26 67 -1.071
13 34 68 0.342
27 20 39 1.056
19 36 73 -0.364
24 29 60 -1.042
29 18 41 -0.749
20 17 138 2.634
35 8 7 -0.413
37 14 45 -0.020
33 18 21 -0.128
25 23 39 0.607
26 20 3 0.563
17 35 113 -1.017
25 29 135 -0.713
14 41 32 -0.820
39 13 53 -0.529
32 27 80 -0.381
31 11 119 -0.698
43 9 50 -0.764
19 23 73 0.467
30 25 42 0.909
14 22 107 -0.854
33 14 9 0.272
29 21 115 -0.985
13 39 112 -0.703
38 9 90 -0.645
21 25 138 -0.035
41 6 90 -0.371
13 35 34 -0.748
21 17 112 2.808
13 31 36 1.231
32 7 7 -0.636
36 10 50 -0.347
34 16 96 0.295
12 33 103 2.007
38 7 46 -0.794
39 4 123 -0.651
36 12 20 -0.729
19 26 63 -0.552
13 31 105 1.338
34 17 93 -0.896
36 18 83 -0.618
9 44 105 -0.450
37 12 10 -0.180
36 20 57 -0.179
28 9 4 -0.480
21 19 2 1.479
14 30 105 2.176
24 21 62 -0.358
23 24 24 1.047
6 33 102 -0.770
13 24 29 -0.915
42 7 9 -0.410
39 15 91 -0.210
30 25 135 -0.305
33 17 117 -0.614
31 13 115 -0.592
18 31 37 -0.756
22 31 138 -0.743
26 31 25 -0.590
43 16 128 -0.390
17 28 140 2.146
11 28 35 0.426
12 32 145 0.143
37 7 131 -1.031
25 32 25 -0.387
32 16 41 1.508
38 13 122 0.014
45 2 88 -0.457
20 35 26 -0.834
10 25 66 -0.822
14 35 106 -0.052
37 20 122 -0.747
17 21 2 -0.307
26 17 4 -0.510
38 14 126 0.571
39 11 93 -0.973
38 15 9 -0.095
21 24 139 -0.659
25 21 135 -0.161
11 20 33 1.477
13 35 67 -0.220
18 24 28 0.204
11 36 30 0.331
12 39 143 -0.134
32 23 58 0.383
42 1 46 -0.743
43 15 129 0.087
15 29 31 0.036
14 33 103 2.551
24 25 4 -1.039
42 9 17 -0.213
13 33 102 2.288
41 9 84 0.209
42 5 17 0.707
26 21 99 -0.657
26 13 116 0.371
39 16 129 -0.783
39 11 52 -0.573
40 9 54 -0.905
39 13 9 0.588
29 25 23 -0.293
11 35 35 0.827
41 7 17 0.029
41 13 46 -0.118
27 27 79 1.169
13 33 35 1.764
19 29 2 -0.978
33 21 20 0.117
36 21 6 1.287
40 12 50 -0.821
23 27 24 -0.272
31 21 134 0.350
25 25 114 0.553
17 27 102 -0.340
17 27 65 0.937
17 26 38 -0.161
35 16 20 0.507
31 20 94 -1.041
12 34 106 -0.381
35 22 82 -0.777
1 47 108 -1.035
11 41 109 -1.001
28 21 42 0.148
12 29 66 1.214
27 27 62 0.878
10 39 30 -0.791
19 31 65 1.388
40 7 11 -0.864
40 9 129 -0.462
12 37 67 -0.687
14 29 66 0.251
23 21 149 -0.806
20 28 149 -1.027
31 15 94 -0.950
38 14 122 0.056
40 19 88 0.767
29 13 117 -0.780
31 17 5 -0.469
35 9 119 1.113
40 10 90 0.068
38 10 16 -0.637
28 19 4 -0.399
39 9 48 0.388
30 21 134 -0.653
26 31 23 -0.732
32 19 58 0.386
16 33 69 -0.603
26 13 3 0.056
35 16 83 -0.704
15 34 0 -1.050
23 23 76 -0.517
40 8 17 0.781
29 23 22 -0.883
34 10 9 0.205
27 30 25 0.891
19 32 101 -0.165
23 35 115 -0.913
27 17 118 -0.097
31 23 21 -0.238
37 9 7 0.128
40 10 130 -0.312
9 39 108 0.658
33 21 95 0.120
9 37 107 -0.975
27 25 78 -0.381
16 32 71 0.415
7 35 145 -0.918
36 13 10 0.457
10 35 30 -0.152
29 24 22 -0.218
12 20 69 0.773
34 15 47 -0.110
26 15 38 0.254
14 34 30 -0.861
27 9 119 0.629
21 26 38 1.023
12 34 69 0.039
34 12 117 0.385
13 33 68 0.178
44 13 51 0.286
14 23 69 1.500
36 11 47 -0.974
40 9 14 -0.290
11 32 32 -0.287
14 32 103 3.220
30 12 79 -0.515
22 21 3 -0.210
34 17 6 -0.184
19 26 111 -1.029
40 12 53 -0.247
39 8 90 0.090
24 14 2 0.504
20 29 75 0.669
12 30 71 0.111
29 20 61 2.685
24 23 136 -0.503
13 27 35 2.699
10 33 143 -0.189
42 15 10 0.666
30 9 4 -0.616
17 25 112 0.405
11 43 139 -1.044
26 26 136 -0.904
17 32 69 0.135
15 26 70 0.014
13 35 65 -0.814
41 15 18 -0.609
25 24 76 0.306
44 7 46 -0.520
32 12 8 -0.172
27 26 77 -0.774
35 11 82 -0.842
22 29 63 -0.007
11 41 106 0.094
25 24 62 -0.910
31 8 117 -0.091
34 12 7 0.129
41 12 15 -0.676
13 27 31 0.030
8 40 108 0.712
32 6 119 -0.658
11 20 68 -0.013
22 27 37 -0.558
14 30 146 -0.124
19 24 64 1.010
14 42 147 -0.676
42 18 128 -0.057
26 29 23 -0.805
26 27 39 -0.621
13 34 66 0.019
40 16 53 -0.266
42 10 127 0.195
16 37 113 -1.017
30 19 43 -0.685
13 41 140 -0.927
13 34 105 1.474
26 29 77 0.781
21 18 75 -0.415
9 28 102 1.120
27 16 61 2.144
25 19 2 0.097
21 26 149 -0.717
30 24 57 -0.540
16 32 105 0.403
29 17 5 0.142
21 24 75 1.982
19 21 138 1.383
35 20 58 0.221
40 14 83 0.222
33 19 80 -0.584
34 20 93 -0.862
33 19 119 0.089
18 29 76 -0.423
41 4 15 -0.061
31 17 10 -0.418
43 15 124 -0.975
36 11 48 -0.641
7 32 102 -0.700
26 23 100 -0.590
24 23 3 0.263
23 17 118 -0.625
39 9 127 -0.508
37 20 56 0.510
35 13 133 0.986
10 40 105 -0.415
27 31 60 -0.844
17 22 110 -0.737
21 24 113 -0.350
34 26 57 -0.909
23 27 63 -0.647
43 12 16 0.149
16 37 72 -0.156
16 25 28 1.702
14 32 75 -0.684
35 11 126 -0.601
40 17 55 -0.114
25 30 4 -0.994
28 28 77 0.416
36 14 45 -0.370
34 17 7 0.454
42 15 93 -0.911
18 24 113 0.421
10 33 145 -0.797
38 15 86 -0.911
14 20 107 -0.128
9 32 70 -0.621
23 27 113 -0.229
32 16 44 -0.079
37 11 91 -0.625
15 34 69 0.229
17 29 144 1.074
19 21 73 0.526
24 23 82 -0.632
12 43 72 -0.765
27 22 134 -0.471
22 26 38 -0.858
35 13 86 -1.003
16 37 33 0.470
22 23 101 -0.260
41 6 127 -0.504
38 12 57 0.896
25 26 62 -0.217
42 9 49 -0.912
19 33 73 -0.292
36 14 122 -0.419
41 14 83 0.136
17 29 72 0.071
38 3 131 -1.021
24 12 0 1.732
39 9 16 -0.429
41 15 126 -0.609
36 6 84 -0.469
11 31 146 -0.838
27 28 99 -0.221
34 12 119 -0.423
22 20 136 -0.378
32 5 82 -0.902
15 19 73 0.415
28 21 44 -0.651
35 6 85 0.164
22 31 63 -0.985
22 20 139 0.046
22 22 3 -0.222
27 22 117 -0.176
37 6 7 0.327
36 21 91 -0.293
43 14 129 -0.150
40 10 129 -0.946
27 16 39 -0.223
26 27 41 -0.703
41 17 17 -0.408
42 14 49 -0.645
11 30 65 -0.663
41 6 12 0.386
14 33 33 -0.085
11 39 30 1.602
13 28 111 -0.059
15 24 74 1.095
28 28 136 0.178
18 23 34 -0.194
21 27 113 -0.715
37 9 87 0.335
37 20 130 -0.996
27 15 78 -0.781
23 29 25 1.702
28 23 79 1.075
29 25 97 -1.029
33 17 9 0.836
34 21 133 -0.604
18 21 27 -0.921
23 29 100 1.087
43 9 17 -0.184
28 20 114 1.813
27 31 99 -0.323
17 25 73 1.794
42 10 124 -0.534
15 25 144 1.687
30 19 44 -0.943
39 11 18 -0.741
35 12 9 1.283
33 12 46 -0.302
38 11 11 0.399
37 15 122 -0.515
27 27 135 -0.209
35 8 10 0.987
13 22 29 -0.799
14 28 142 2.389
34 15 41 0.959
29 20 98 1.838
35 10 8 -0.525
42 10 18 -0.748
14 24 74 -0.603
38 19 93 -0.960
11 29 109 -0.496
31 14 79 0.236
20 40 64 -0.656
35 12 43 0.351
33 20 6 0.725
29 24 24 3.090
18 24 37 0.362
32 15 5 -0.195
15 30 71 0.580
41 16 91 0.472
37 11 131 -0.954
38 16 10 0.444
18 17 138 -0.275
18 24 73 -0.441
25 33 62 -0.357
41 11 127 -0.550
13 36 32 -0.887
18 34 1 0.176
36 9 83 -0.449
15 36 29 0.074
39 13 17 -0.175
31 0 82 -0.893
35 18 41 0.454
33 23 95 -0.350
13 40 70 0.282
46 8 126 -0.937
34 19 93 -1.000
15 37 148 1.546
31 17 116 -0.339
23 23 26 -0.061
22 29 2 -0.832
25 31 77 -0.035
40 9 85 0.349
12 28 66 -0.469
40 9 55 -0.248
27 18 4 -0.357
34 10 119 -0.714
21 27 1 0.579
24 30 99 -0.562
12 33 68 1.205
29 22 97 -1.055
30 21 96 0.019
17 28 103 -0.957
23 19 112 0.776
20 24 0 -0.002
42 17 129 -0.632
37 23 132 0.246
36 16 49 -0.290
15 31 104 0.308
27 32 59 -0.828
18 22 69 0.447
23 16 0 2.699
23 22 114 2.402
32 20 6 -0.003
34 21 97 2.879
12 30 148 -1.063
30 23 115 -0.860
20 23 3 1.366
39 11 126 -0.044
42 12 49 -0.523
22 22 4 -0.987
30 14 79 -0.851
13 30 72 0.361
33 10 123 -0.497
38 9 86 0.900
32 24 42 2.172
25 31 39 -0.967
36 23 94 -0.433
38 12 86 0.009
41 15 46 -0.014
32 15 44 -0.212
29 19 23 -0.363
40 14 88 -0.459
23 24 112 1.176
13 40 105 0.817
35 23 94 -0.663
32 26 58 0.085
20 26 2 -0.943
34 9 81 -0.588
15 25 141 0.254
38 19 131 -0.836
34 23 133 -1.039
12 36 67 -1.044
38 13 18 -0.708
17 24 63 -0.804
35 18 20 0.639
15 22 34 0.745
31 27 60 1.065
33 21 57 -0.952
40 13 56 -0.571
39 13 124 -0.958
36 17 45 -0.125
13 32 66 -0.217
29 26 115 -1.052
24 18 82 -0.702
42 9 16 -0.457
35 10 11 0.394
20 39 138 -0.630
33 15 9 0.709
24 36 23 -0.871
38 14 131 -0.437
13 23 69 1.768
21 20 0 0.381
14 31 74 0.830
14 35 34 -0.418
45 12 52 0.034
39 13 89 0.796
42 15 51 0.707
41 19 88 -0.519
39 6 50 1.152
21 22 4 -0.959
42 11 90 0.096
17 33 149 -0.917
24 29 139 -0.641
41 11 18 -0.473
42 8 52 0.648
24 27 62 -0.771
40 14 87 1.004
18 33 33 -0.836
13 41 112 -0.719
37 17 20 -0.405
43 16 52 0.409
17 30 27 -0.889
33 5 8 -0.299
29 27 43 -0.668
41 10 90 -0.031
26 19 61 1.534
9 41 107 -0.987
36 19 6 0.735
25 33 39 -0.983
13 31 111 -0.790
16 25 68 -0.096
10 32 106 -0.850
44 0 12 -0.939
16 21 31 0.338
18 19 34 -0.286
26 20 98 -0.289
44 5 14 -0.853
42 15 88 0.297
19 29 33 -0.739
34 20 7 0.402
38 16 8 -0.138
24 24 61 -0.043
27 16 40 2.682
11 24 69 1.500
39 16 86 -0.422
16 37 75 -0.841
14 33 69 -0.678
41 15 50 1.584
18 27 64 1.715
34 9 124 -0.347
17 31 142 1.968
17 32 64 0.402
16 26 34 -0.169
23 23 101 1.345
31 13 5 -0.371
11 39 145 -0.431
34 17 5 -0.223
21 16 0 0.456
36 11 130 -0.192
19 30 1 -0.955
12 23 69 1.012
42 16 47 -0.485
16 30 32 0.066
10 36 35 -0.634
25 29 115 -1.030
32 16 5 -0.132
17 27 112 -0.253
36 11 87 -0.891
24 34 24 -0.569
13 35 29 -0.343
34 20 21 -0.346
19 20 2 -0.404
28 21 41 -0.085
32 30 59 -0.882
31 18 135 1.677
16 35 67 -0.752
12 35 105 2.233
31 22 6 -0.251
40 12 14 -0.179
38 14 56 0.571
22 24 101 2.807
29 9 117 0.635
42 10 52 0.483
36 21 120 -0.095
24 16 1 2.965
16 20 69 1.178
39 12 84 0.431
38 3 87 -0.921
25 20 4 -0.456
42 13 128 -0.055
14 30 66 -0.822
20 25 1 0.847
25 16 3 0.507
15 35 33 0.802
35 17 18 -0.914
40 12 17 -1.019
31 23 22 1.469
37 19 95 -0.475
16 26 140 2.805
20 23 110 1.596
15 36 0 -0.710
12 30 69 0.104
25 30 100 -0.099
24 21 99 -0.585
15 37 0 -0.715
12 30 33 0.695
12 38 71 -0.717
42 20 130 -0.078
23 24 3 -0.991
36 16 120 -0.816
32 23 61 2.537
30 19 118 0.154
20 26 1 1.852
14 35 144 0.720
38 10 47 -0.384
42 10 129 -0.554
24 33 77 -0.309
32 13 117 -0.661
15 34 33 -1.034
13 34 35 0.479
14 33 66 0.640
18 25 73 0.600
25 27 79 1.241
18 32 26 -0.977
44 11 52 -0.472
28 18 41 -0.628
11 38 32 0.148
31 27 59 -0.575
29 21 135 0.829
13 38 105 -0.189
37 17 131 -0.984
26 16 38 0.312
38 12 89 -0.376
44 12 88 -0.553
12 41 143 -0.512
36 19 94 -0.631
37 8 44 -0.657
25 22 76 0.079
13 37 104 -1.051
24 17 0 1.708
16 32 36 2.757
14 32 106 -0.071
19 18 2 0.302
37 14 18 -0.140
18 18 31 -0.249
18 26 113 -0.351
43 5 14 -0.761
15 28 112 -0.645
35 7 47 -0.956
37 20 8 0.540
30 23 41 1.205
23 36 62 -0.767
30 17 61 2.526
13 32 67 0.062
41 10 92 -0.093
41 12 46 0.421
16 32 70 -0.911
15 37 144 2.255
25 27 62 0.319
32 20 40 -0.611
41 8 84 0.110
39 15 86 -0.871
40 3 123 -0.916
21 23 27 -0.371
32 15 79 0.573
18 18 2 -0.434
18 24 75 1.739
27 24 42 -0.195
10 36 146 -0.912
16 27 103 -0.922
27 19 97 -0.881
36 19 134 0.507
40 18 53 -0.365
28 15 22 0.404
11 36 140 -1.023
40 15 50 0.597
14 37 33 -0.280
24 30 25 -0.382
37 14 54 -0.703
30 22 21 -0.869
17 29 141 -0.435
35 0 82 -0.621
28 22 134 -0.617
40 15 86 1.604
19 24 26 2.621
36 8 85 -1.001
39 15 17 0.454
40 16 18 -0.637
26 19 117 -0.217
13 34 106 -0.492
28 32 23 -0.086
31 24 42 -0.141
25 21 99 -0.734
33 20 134 1.581
42 13 125 0.274
21 18 2 1.439
24 20 76 1.493
19 28 27 0.341
40 12 131 -0.659
38 14 121 -0.555
11 32 143 1.542
41 13 16 0.197
15 37 112 -0.693
11 35 107 -0.875
40 10 125 -0.375
16 24 74 0.965
22 23 27 -0.014
39 17 55 -0.861
29 14 117 -0.813
18 35 37 -0.903
33 18 6 -0.130
34 18 42 1.145
12 38 33 -0.614
39 3 12 1.235
11 30 30 1.214
21 28 28 0.045
14 34 112 -0.689
35 24 119 -0.816
42 13 17 -0.529
19 31 112 -0.539
41 15 49 -0.923
30 27 98 -0.615
21 23 138 1.183
24 33 114 -1.049
21 23 139 0.786
38 6 18 0.020
35 16 120 -0.593
22 37 99 -0.802
25 27 59 -0.810
15 36 75 -1.047
13 37 71 -0.799
37 3 85 -0.978
30 26 22 0.957
41 14 48 -0.760
36 10 118 2.352
39 15 83 0.565
41 5 88 0.186
27 19 60 -0.835
32 20 117 -0.222
38 10 12 3.023
28 16 116 0.764
38 18 17 -0.061
20 23 139 0.156
29 24 60 1.995
40 14 50 1.830
19 25 64 -0.407
21 19 63 0.028
17 29 37 2.198
42 13 124 -0.915
14 34 103 1.086
13 34 29 -0.209
30 23 97 -0.911
25 32 99 -0.718
35 15 43 0.574
31 23 98 -0.792
40 12 49 0.284
37 14 13 -0.682
12 32 27 -1.042
30 29 94 -1.009
22 34 26 -0.662
13 30 144 -0.960
15 39 140 -0.156
41 9 127 -0.495
39 11 10 0.628
41 5 11 -0.464
38 13 17 -0.011
32 21 120 -0.809
17 30 105 1.094
36 19 120 -0.088
39 14 49 -0.813
23 31 0 -0.856
23 31 26 0.256
17 26 73 2.549
35 10 121 -0.978
28 19 59 -0.205
20 33 64 -0.714
18 25 33 0.759
18 25 110 -0.520
40 10 84 -0.320
32 19 80 -0.616
39 13 122 0.064
37 15 127 0.494
21 26 37 2.896
38 13 49 0.380
22 33 138 -0.217
26 25 137 -0.694
14 33 105 2.896
18 30 112 0.355
32 16 81 -0.295
42 12 17 -0.448
18 24 110 1.124
9 37 35 -0.980
37 20 57 -0.241
28 17 78 1.172
15 34 103 0.511
37 5 18 0.045
22 29 113 -0.111
12 30 143 0.913
22 16 112 2.306
19 18 149 0.368
7 33 102 -0.507
39 8 86 -0.341
13 41 109 -0.970
32 24 58 -0.042
16 27 140 3.063
22 21 0 1.570
37 5 7 -0.639
37 9 49 0.313
32 23 134 0.345
13 34 30 0.442
31 20 96 -0.947
35 13 46 0.083
12 28 33 0.753
21 34 64 -0.626
18 30 64 0.633
23 30 25 1.377
12 39 30 0.160
21 25 2 -0.180
31 18 7 -0.502
30 10 117 0.345
28 29 136 1.324
16 33 112 -0.652
23 29 113 -0.046
36 12 13 -0.673
11 39 109 -0.520
39 8 11 -0.595
32 23 42 2.027
36 20 121 -0.633
36 23 56 0.010
40 13 85 0.052
22 32 79 -0.959
28 20 42 0.213
39 12 129 -0.263
31 28 97 0.267
28 19 42 0.211
40 11 53 1.680
13 37 35 0.497
20 26 73 -0.741
32 20 58 0.654
38 4 123 -0.737
39 12 54 -0.467
22 31 26 -0.295
22 38 100 -0.700
27 23 42 -0.037
31 15 120 -0.427
37 20 6 1.054
38 13 55 -0.308
35 5 11 -0.246
37 14 46 -0.528
22 37 23 -0.902
31 25 22 1.106
26 22 39 -0.782
36 21 56 -0.068
20 30 63 -0.122
31 16 96 -0.881
25 23 5 0.469
13 31 106 3.191
36 15 10 -0.161
40 10 14 0.218
33 18 43 0.421
27 22 44 -0.702
13 30 106 3.009
13 34 67 -0.135
36 9 85 -0.513
37 8 12 0.909
15 31 146 1.342
31 20 22 0.623
8 34 108 -0.387
13 26 36 4.014
38 18 88 -0.184
25 30 136 -0.729
36 14 81 0.742
42 11 52 0.569
38 11 131 -0.876
15 34 110 -0.732
38 9 87 -0.450
29 16 58 -0.170
39 19 93 -0.913
15 27 29 -0.847
38 3 46 -0.868
25 24 24 0.037
42 11 17 -0.157
42 15 91 0.218
36 13 87 0.004
20 34 101 0.624
32 20 116 -0.012
14 27 103 6.030
36 14 48 -0.514
40 13 18 -0.622
13 38 139 -1.052
30 21 57 -0.830
16 38 112 -0.665
27 23 41 -0.674
12 36 105 0.103
22 26 25 0.872
37 18 57 -0.062
41 15 92 0.175
41 9 129 -0.281
19 30 2 0.152
38 17 93 -0.923
40 15 49 -0.754
17 24 147 0.656
33 13 84 -0.146
15 23 141 1.076
32 23 133 -0.854
27 26 135 -0.413
38 15 121 -0.630
41 9 124 0.074
15 34 67 -0.591
42 9 52 0.420
27 16 77 1.492
14 26 29 -0.830
22 18 3 -0.338
13 34 109 -0.653
28 17 80 -0.278
35 15 18 -1.056
13 36 147 0.210
31 25 6 -0.305
29 23 43 -0.793
37 16 54 -0.700
36 13 83 -0.782
36 12 57 1.269
33 17 80 -0.454
45 6 15 -0.809
24 27 114 -0.226
11 28 67 0.308
44 5 126 0.051
40 13 86 0.434
40 5 13 -0.066
36 15 48 -0.542
26 24 44 -0.651
23 36 23 -0.968
11 21 107 -0.079
30 17 5 -0.119
14 22 73 -0.632
43 9 91 0.545
13 26 33 0.126
24 27 27 -0.832
43 10 13 -0.290
39 7 85 -1.075
37 16 91 -0.803
12 32 146 1.374
38 3 123 -0.915
40 18 11 0.144
38 8 9 0.546
17 30 37 1.356
17 29 100 -0.633
26 30 62 0.859
26 32 39 -0.984
30 25 94 -1.018
30 21 40 0.459
16 29 141 1.991
11 32 30 -0.521
29 25 59 0.060
10 37 110 -1.038
34 10 81 -0.476
19 33 137 0.331
39 6 89 -0.547
35 20 81 0.577
21 25 37 1.978
18 30 33 -0.816
42 13 54 -0.676
38 8 14 -0.697
23 32 24 -0.528
30 26 60 2.732
15 27 103 -0.979
19 30 65 0.103
40 10 54 -0.788
26 19 22 0.464
27 25 42 -0.285
16 23 74 0.307
18 37 73 -0.506
30 24 23 -0.165
39 15 53 -0.031
17 26 27 -0.216
23 30 1 2.210
30 20 96 -0.943
22 26 101 1.620
16 23 34 1.216
42 9 90 0.130
37 13 54 -0.616
11 36 32 -0.185
34 24 57 -0.689
36 7 11 0.700
32 21 97 1.371
38 21 84 -0.514
43 12 90 0.574
17 33 113 -0.984
19 24 76 -0.241
19 22 148 0.319
13 19 34 0.501
30 20 21 0.176
16 21 28 -0.335
10 37 146 -0.723
37 11 132 -0.498
35 14 134 0.724
30 25 136 0.474
31 14 81 -0.439
18 28 112 -0.774
36 18 20 -0.810
11 32 70 1.275
35 12 87 0.421
29 16 115 0.482
32 23 57 -0.448
40 4 16 -0.642
40 2 131 -0.992
41 13 14 -0.222
26 14 116 -0.132
38 11 14 -0.130
22 27 2 -0.858
32 4 123 -0.755
26 29 62 0.866
41 9 92 -0.868
33 11 84 -0.404
28 22 23 -0.656
40 6 15 -0.398
13 33 30 1.407
30 18 134 -0.675
38 9 11 0.262
37 13 13 -0.575
25 36 77 0.611
24 28 23 0.311
31 22 80 -0.221
40 11 86 1.145
33 5 45 -0.401
37 15 46 -0.173
12 34 107 -0.687
38 6 46 -0.828
33 21 81 -0.575
11 31 109 0.273
21 31 64 -0.121
16 33 109 -0.959
38 6 15 0.448
21 34 63 -1.090
24 35 77 -0.531
17 28 29 -0.962
29 26 134 -0.307
39 10 52 -0.732
10 32 102 2.191
34 16 117 -0.787
31 25 96 -0.585
42 10 13 0.055
17 33 72 -0.859
25 31 26 -0.413
14 26 142 1.402
40 9 52 -0.815
38 9 89 0.072
42 12 14 0.280
36 8 82 0.729
34 12 123 -0.394
23 7 78 -0.674
24 22 76 0.278
17 21 75 1.453
35 24 7 -0.301
16 23 73 0.620
27 15 4 -0.115
18 32 112 -0.683
32 22 81 -0.812
31 28 94 -1.027
38 15 124 -0.963
37 3 13 -0.649
25 27 24 1.598
42 13 123 -0.169
14 37 111 -0.929
36 8 45 -0.376
20 31 26 -0.995
16 22 27 -0.956
38 7 54 -0.700
12 35 30 -0.311
11 31 34 -0.707
19 25 113 -0.242
33 22 95 0.274
36 18 80 -0.489
26 30 60 -0.880
33 14 10 1.073
38 21 120 0.067
37 16 80 0.359
14 31 142 2.965
31 15 119 -0.686
39 13 123 -0.616
11 42 102 -0.768
25 29 27 -0.376
38 18 121 -0.365
33 10 44 -0.570
38 7 86 0.686
17 26 112 -0.090
38 8 16 -0.649
14 37 146 -0.130
37 8 127 -0.754
9 35 108 0.277
34 18 9 0.758
29 26 135 1.354
13 33 72 0.468
19 13 138 2.060
44 12 16 0.078
39 7 50 0.556
36 9 12 -0.251
40 18 18 -0.851
7 33 108 0.167
38 16 85 -0.843
28 24 135 0.110
32 8 123 -0.689
23 21 112 1.067
38 12 125 -0.255
39 19 55 -0.750
23 32 100 0.754
25 31 24 -0.881
37 4 14 -0.969
28 14 116 0.896
14 24 37 1.463
12 30 105 3.309
30 23 42 1.083
34 9 121 -0.866
38 14 48 -0.151
20 24 75 0.473
35 8 48 0.112
38 13 123 -0.217
27 18 2 -0.173
19 28 26 1.152
42 17 130 -0.337
14 28 147 1.191
37 6 127 -0.861
17 40 137 -0.555
38 13 48 -0.245
15 31 111 -1.055
15 33 27 -0.859
39 13 49 -0.304
13 28 106 2.852
41 7 16 -0.231
37 12 122 0.130
35 16 45 -0.450
36 5 45 -0.573
24 23 26 -0.670
13 26 147 1.266
39 6 16 -0.443
14 37 149 -0.907
37 13 89 -0.310
35 11 118 1.304
11 33 70 2.872
37 21 133 1.518
11 44 102 -0.878
15 22 29 -0.590
14 28 144 2.939
38 12 131 -0.803
32 24 80 -0.480
23 37 63 -0.996
42 14 125 0.101
38 16 56 0.408
38 11 46 -0.145
33 18 117 -0.090
29 21 97 -0.832
28 21 26 0.045
31 19 40 -0.153
32 23 43 0.484
38 19 83 -0.880
29 28 62 -0.088
15 24 29 -0.779
15 30 144 2.241
16 28 27 -1.005
30 27 60 2.872
28 27 79 0.940
36 2 85 -1.018
37 17 8 -0.125
39 10 85 -0.142
18 39 140 -0.905
30 21 58 0.082
37 8 87 0.423
11 27 105 4.329
14 22 34 0.024
25 27 25 0.012
33 21 119 -0.279
21 26 26 0.078
22 21 26 0.040
29 23 135 2.318
36 11 54 -0.818
20 29 0 -0.548
36 19 57 -0.337
20 24 64 1.836
25 20 116 -0.586
18 37 67 -0.783
16 32 75 0.185
15 33 67 0.472
16 34 37 2.114
33 15 81 -0.493
16 22 110 -0.237
15 28 142 4.617
35 21 120 -0.456
36 11 45 -0.092
23 32 62 -0.452
9 36 108 1.161
42 15 52 0.264
22 24 139 -0.593
42 19 130 -0.467
19 27 0 0.297
34 18 21 -0.009
16 32 68 -0.976
18 22 75 2.174
33 20 118 -0.035
32 26 133 -0.857
39 11 88 -0.615
9 39 105 -0.382
32 19 79 0.682
19 27 74 -0.564
36 20 19 -0.405
20 21 75 2.007
30 21 95 -0.507
14 30 104 -0.706
44 7 17 -0.767
13 27 36 4.321
36 12 133 0.713
33 14 80 -0.576
13 32 32 0.152
16 29 34 -0.492
34 20 6 -0.031
22 23 4 -0.978
37 22 6 1.451
20 32 148 -0.537
37 12 127 0.281
12 32 32 0.462
19 31 37 0.225
22 23 149 -0.401
39 13 18 -0.929
37 18 131 -0.444
15 30 36 1.591
21 37 137 -0.803
13 22 33 2.077
20 29 23 -0.233
13 32 35 2.015
43 5 46 -0.535
42 13 16 0.172
39 7 11 -0.491
29 19 41 -0.084
13 36 68 -1.046
41 10 123 -0.313
11 36 106 -0.637
12 30 29 -0.310
35 16 85 -0.924
12 29 35 1.680
15 32 68 0.020
25 24 63 0.118
23 23 3 -0.309
18 27 31 -0.464
15 36 109 -0.996
39 12 121 0.013
20 24 2 -0.427
34 9 44 -0.688
32 19 10 -0.817
42 2 15 0.043
40 3 16 -0.516
17 25 104 0.191
27 29 77 0.448
12 24 146 2.225
38 14 90 -0.745
17 35 103 0.709
38 16 127 0.046
16 35 68 -0.941
36 7 127 -0.742
28 21 97 -0.972
11 34 69 -0.234
11 32 144 5.096
14 36 141 -0.646
12 40 71 -0.609
12 34 66 -0.699
30 23 44 -0.409
13 33 33 -0.753
11 34 106 -0.477
16 32 27 -0.772
23 33 99 -1.040
11 39 66 2.747
38 13 13 -0.702
36 19 19 -0.423
40 10 55 0.449
40 17 18 -0.637
35 22 95 -0.868
35 18 58 0.531
11 37 72 0.215
12 36 72 -0.257
14 30 142 2.018
17 31 145 0.239
31 15 118 0.089
39 12 13 0.477
23 29 61 -0.504
27 25 39 -0.177
30 22 133 -0.531
12 36 146 -0.373
34 16 56 -0.798
43 6 17 -0.728
38 15 90 -0.331
38 20 131 -0.930
44 14 51 -0.175
11 35 30 1.086
31 27 43 -0.372
37 13 120 -0.276
13 29 65 -0.864
27 19 120 -0.556
32 10 119 -0.766
28 23 23 -0.433
17 26 143 -0.724
20 27 76 -0.102
24 16 4 -0.572
18 29 101 0.136
14 31 71 -0.493
12 37 147 -0.791
39 14 55 -0.526
30 21 98 1.767
42 16 91 0.198
23 33 115 -0.891
17 33 29 -0.714
20 40 138 -0.638
20 24 25 0.522
40 8 51 -0.448
31 16 117 0.027
11 32 66 -0.894
19 25 68 0.072
29 22 43 -0.748
35 15 93 -0.800
12 41 147 -0.787
41 3 15 0.449
12 38 104 -0.359
11 29 69 -0.757
24 22 139 1.090
19 29 28 -0.536
30 24 60 2.933
8 37 102 -0.355
17 24 64 0.877
27 26 42 -0.264
33 28 133 -0.966
38 5 12 1.697
22 34 100 0.545
44 11 124 -0.927
16 34 72 -0.687
39 5 11 -0.511
39 9 84 -0.143
24 15 114 2.982
16 25 110 0.248
19 32 1 -0.825
14 29 103 -1.034
15 36 106 0.062
25 16 137 0.189
33 14 45 -0.873
29 31 96 -0.661
14 33 111 -0.090
33 25 57 -0.553
38 14 88 -0.261
21 27 37 3.372
17 31 38 -0.895
31 23 6 -0.598
26 23 76 1.313
13 38 145 -0.355
36 20 7 -0.290
25 23 61 -0.789
34 8 45 -0.078
41 18 88 -0.234
39 7 124 -0.305
12 26 107 -0.011
12 30 149 -0.047
38 3 84 -0.522
35 7 84 -0.871
12 33 106 -0.472
17 23 73 1.031
26 17 5 1.355
28 28 40 -0.815
23 23 4 -0.920
25 26 149 -0.921
35 14 117 -0.844
21 31 78 -0.880
25 31 79 -0.739
19 30 111 -1.030
34 16 79 0.056
41 13 88 0.388
20 27 63 -0.441
21 21 26 -0.303
30 25 41 -0.202
42 2 12 -0.948
12 40 70 1.089
38 19 56 0.528
23 27 26 -0.086
45 10 17 -0.469
36 22 94 -0.368
33 16 8 -0.230
20 25 138 1.759
6 37 108 -0.247
28 32 59 -0.784
36 17 18 -0.858
20 34 26 -0.601
35 8 50 -0.466
42 9 15 -0.141
8 35 32 -0.389
42 14 88 0.436
11 40 145 -0.282
37 15 10 0.535
42 4 17 0.621
40 21 55 -0.539
43 10 15 -0.611
16 21 147 1.903
43 9 15 -0.375
17 31 65 -0.006
34 24 133 -0.545
15 22 74 1.129
14 33 31 1.065
39 10 16 -0.762
24 22 77 -0.621
23 12 1 1.562
23 26 137 -0.691
35 25 95 -0.227
24 26 149 -0.954
18 30 139 -0.345
40 8 125 -1.033
33 22 80 -0.323
30 17 79 -0.394
36 8 15 -0.788
36 19 55 -0.379
41 15 128 -0.064
30 24 135 -0.431
26 32 114 -0.228
37 10 13 -0.879
12 24 33 2.354
37 11 84 -0.722
35 13 84 -0.384
29 24 21 -0.660
14 35 141 -0.427
23 37 62 -0.771
26 24 114 0.170
13 34 143 0.532
32 18 81 -0.461
11 36 143 3.087
13 24 69 -0.197
35 9 80 -0.165
11 40 30 1.360
24 9 78 -0.626
37 17 92 -0.811
29 16 77 0.775
19 28 100 -0.191
29 12 115 1.069
14 31 67 -0.323
31 5 79 -0.038
17 37 67 -0.632
37 12 90 -0.616
24 12 1 2.889
15 25 73 0.685
12 28 68 -1.010
33 24 59 -0.333
10 37 30 -0.574
34 17 49 -0.694
31 19 44 -0.310
19 20 112 3.952
40 11 55 -0.055
13 37 30 -0.917
12 32 103 4.704
33 17 42 0.456
26 10 4 0.333
16 38 68 -0.822
14 35 71 -0.196
16 28 145 -0.404
36 11 124 0.510
18 27 27 0.867
32 23 40 -0.754
30 19 41 0.260
21 25 149 -0.714
39 14 93 -0.822
14 32 112 -0.705
30 20 61 2.252
29 23 115 -0.705
16 27 142 4.543
18 32 37 1.654
39 13 14 1.034
28 18 39 -0.073
15 22 73 0.802
36 9 87 0.387
38 17 8 0.539
38 13 15 -0.114
35 17 6 -0.277
28 22 79 0.424
13 32 36 1.493
32 19 134 1.492
21 24 76 -0.477
38 12 11 2.050
34 14 10 0.681
39 15 55 -0.874
41 7 51 -0.984
32 13 81 -0.522
13 27 66 0.797
32 4 82 -0.858
16 28 67 -0.798
34 16 118 0.081
28 26 134 -0.849
38 7 123 -0.769
25 30 24 -0.613
25 30 114 -0.234
37 6 123 -0.960
38 20 133 0.968
34 19 59 -0.949
38 13 89 -0.122
26 25 39 0.094
33 1 82 -0.886
14 31 70 -0.215
38 16 84 -0.726
17 22 33 1.160
40 12 85 0.425
25 28 135 -0.790
20 29 2 -0.158
29 24 135 2.725
15 35 34 -0.581
43 7 90 -0.285
35 24 20 0.444
13 37 112 -0.667
18 26 27 -0.045
33 19 19 -0.386
35 18 57 -0.290
33 15 42 0.731
41 12 53 0.576
15 24 144 -0.517
23 29 37 -0.650
16 32 100 -0.697
18 32 65 -0.084
14 36 111 -0.959
38 15 55 -0.339
37 16 9 -0.877
10 31 30 -0.691
18 25 69 0.323
13 36 139 -1.007
13 35 109 -0.668
17 24 73 2.885
7 32 65 -0.816
14 44 111 -1.011
16 36 102 -0.649
11 31 69 0.296
15 26 141 -0.212
40 7 86 -0.761
38 16 129 -0.811
20 36 101 1.219
17 18 34 0.987
27 31 115 -0.953
18 30 68 -0.700
30 28 21 -0.989
24 29 26 -0.290
16 25 34 0.684
26 24 97 -1.053
18 25 141 -0.110
27 28 42 -0.346
13 26 103 1.389
31 21 97 2.266
19 28 139 0.353
28 33 96 -0.571
26 19 39 0.518
40 13 13 0.431
24 34 77 -0.846
24 28 27 -0.619
37 23 120 0.086
33 26 95 0.490
24 20 38 -0.792
40 10 87 0.829
19 22 73 -0.208
39 17 93 -0.898
40 13 17 -0.731
40 5 11 -0.514
21 25 75 0.782
32 9 45 -0.942
19 23 69 -0.073
37 10 87 0.325
11 41 30 -0.922
17 30 38 -0.263
36 15 6 -0.926
23 19 27 -0.417
17 19 1 -0.592
24 30 61 -0.112
19 31 63 -0.670
36 23 58 -0.351
19 21 75 1.982
21 36 78 -0.845
33 16 119 -0.418
30 13 79 -0.329
14 39 142 -0.744
15 29 33 0.671
40 13 53 -0.438
17 27 3 -1.070
20 27 5 -0.670
14 43 111 -0.977
36 14 87 0.447
19 27 37 0.917
31 19 59 -0.724
16 37 103 2.025
39 17 10 0.602
20 24 74 -0.617
36 21 18 -0.499
38 6 91 -0.892
26 18 61 1.738
22 28 113 -0.089
26 25 98 -0.010
9 38 107 -0.959
37 19 133 0.722
32 11 8 -0.566
15 35 149 -0.994
17 25 37 2.161
21 37 101 1.113
17 20 27 -0.959
32 18 10 -0.439
41 12 125 -0.696
30 22 44 -0.379
16 23 148 2.231
37 14 57 -1.042
18 29 113 -0.839
39 10 131 -0.859
41 9 83 0.131
37 10 89 -0.596
40 14 54 -0.494
35 20 41 0.537
13 30 105 3.090
26 30 23 -0.639
19 31 27 1.092
30 22 96 -0.683
17 21 113 0.246
42 6 15 -0.105
21 26 28 0.013
32 13 96 -0.533
33 22 134 -0.304
17 24 33 0.958
11 32 147 -0.488
28 28 25 -0.890
44 4 126 -0.122
30 26 97 -1.002
35 14 87 0.071
21 22 139 1.639
16 31 140 -0.118
29 25 22 -0.232
37 15 92 -0.552
10 34 69 -0.266
28 31 99 -0.327
36 11 15 -0.532
13 32 147 -0.276
15 42 147 -0.597
11 30 144 5.773
29 20 117 -0.229
41 5 13 0.705
45 3 46 -0.800
40 8 126 -0.696
9 42 107 -0.981
35 13 11 -0.477
10 27 105 2.479
23 36 137 -0.994
28 28 60 -0.709
19 29 26 -1.001
31 18 116 0.081
26 21 60 -0.671
27 19 116 -0.296
11 33 32 -0.123
36 5 7 -0.669
18 28 139 -0.530
15 30 104 -0.491
43 6 16 -0.789
12 33 36 0.056
16 35 104 -0.524
15 27 27 -0.737
15 22 28 1.269
35 20 45 -0.332
19 31 33 -0.795
18 27 28 0.383
20 20 75 -0.251
37 8 18 -0.591
39 7 90 -0.575
14 32 31 0.685
22 20 3 -0.149
20 25 26 0.105
28 24 41 -0.469
16 22 74 1.183
11 36 68 -0.611
33 12 123 -0.502
41 14 17 -0.831
41 14 125 0.225
26 28 62 1.166
41 13 11 -0.651
22 35 100 0.567
44 13 52 -0.190
28 26 41 -0.314
37 14 9 -0.889
29 9 79 0.598
36 7 85 -0.770
14 40 143 -0.580
31 16 21 0.818
27 16 82 -0.751
37 10 132 -0.689
30 12 7 0.482
39 12 123 -0.171
10 40 35 -1.003
35 7 45 -0.185
35 4 8 -0.099
34 15 56 -0.904
34 24 95 -0.681
12 35 71 -0.488
27 26 115 -1.019
37 13 124 0.528
23 29 24 -0.545
21 23 2 -0.445
26 26 99 -0.978
27 23 120 -0.594
16 34 148 0.119
43 11 16 0.125
8 33 102 -0.906
17 15 73 1.867
21 19 31 -0.564
29 22 42 -0.160
45 7 88 -0.466
30 12 44 -0.195
14 38 143 -0.287
16 15 73 1.418
23 24 4 -0.842
34 19 6 0.819
30 8 117 0.037
34 18 57 0.004
16 33 27 -0.999
27 22 78 0.256
31 12 45 -0.883
18 31 102 -0.117
36 12 50 -0.302
25 23 116 -0.652
42 17 91 -0.411
35 17 20 0.106
14 32 141 1.476
39 10 126 -1.090
19 25 139 0.620
29 26 60 3.235
41 11 46 0.185
18 21 64 2.311
39 8 91 -0.498
13 23 71 2.019
35 14 8 0.171
22 37 62 -0.796
18 24 68 0.629
22 27 4 -0.968
27 21 98 -0.269
15 29 111 -1.034
17 23 27 -0.940
20 27 38 1.002
16 28 74 0.598
27 16 114 2.004
20 19 138 1.495
25 29 26 -0.563
39 7 13 -0.094
12 35 35 0.070
18 36 37 -0.873
26 33 59 -0.807
28 24 60 -0.580
20 28 37 -0.941
13 39 140 -0.926
41 14 16 1.045
18 38 112 -0.778
33 18 42 0.464
14 27 27 -0.788
32 15 6 0.129
25 32 24 -0.809
41 10 127 -0.064
39 9 50 0.391
31 13 79 -0.168
35 13 43 0.457
31 18 22 0.584
13 39 66 -0.394
36 9 8 -0.197
18 28 104 -0.068
20 36 63 -0.222
16 33 38 -1.027
24 22 149 -0.955
16 38 33 0.036
40 18 88 0.637
18 15 2 1.013
23 28 79 -0.959
18 38 148 0.037
35 13 121 -0.778
41 5 51 -0.891
5 48 108 -0.700
31 27 120 -0.602
41 14 124 -0.896
42 14 83 -0.139
12 27 111 -1.056
15 27 72 0.009
39 14 91 -0.416
41 12 50 0.675
12 29 70 1.504
40 15 125 0.045
19 17 138 0.466
43 8 53 0.811
27 22 60 0.048
34 17 20 -0.696
36 13 48 -0.555
27 25 116 -0.450
39 9 92 -0.791
22 7 78 -0.652
26 14 5 1.562
32 14 121 -0.960
38 10 8 0.429
35 8 126 -0.818
14 33 30 -0.750
20 27 149 -0.706
32 19 118 0.131
36 14 82 -0.503
19 20 110 1.021
42 7 127 0.807
17 28 38 -0.073
12 36 30 0.405
35 6 44 -0.658
38 21 91 -0.729
35 13 80 0.025
31 22 42 0.217
40 15 129 -0.528
13 33 67 -0.048
36 12 15 -0.656
36 17 120 0.085
30 23 22 1.033
15 36 72 -0.790
13 26 66 -0.336
19 32 137 0.289
33 12 43 0.496
40 16 129 -0.531
16 33 103 -0.709
1 45 108 -0.988
13 36 105 0.125
41 13 50 0.865
16 27 70 -0.426
11 36 107 -0.412
24 19 99 -0.963
40 10 16 0.553
37 10 50 -0.246
36 17 20 -0.321
18 35 113 -1.000
9 33 29 -0.621
20 27 1 1.829
28 26 21 -0.978
23 35 23 -0.922
38 11 15 -0.337
27 30 24 -0.063
20 30 26 -1.019
15 33 71 -0.244
15 36 144 1.959
36 12 89 -0.571
37 15 121 -0.507
32 11 53 -1.016
12 30 27 -0.996
11 39 102 -0.838
13 38 66 -0.567
34 14 9 -0.089
19 26 31 -0.538
24 19 63 -0.016
20 20 26 -0.161
39 11 9 0.146
13 33 106 2.163
29 20 79 -0.600
23 32 78 -0.885
26 24 135 -0.944
26 17 2 -0.803
30 24 136 2.070
34 9 85 -0.030
27 28 61 -0.501
15 30 149 0.027
29 31 98 -0.210
39 15 120 -0.886
22 15 138 2.578
17 30 74 -0.968
21 21 2 0.043
33 14 115 1.595
21 17 138 2.353
18 34 64 0.525
26 28 58 -0.223
34 15 83 -0.777
39 4 14 0.112
34 18 47 -0.692
34 15 119 -0.760
13 36 71 0.498
10 41 72 -0.815
40 11 13 0.635
17 21 73 0.080
18 31 64 2.469
29 25 60 3.523
12 29 27 -1.054
35 15 95 0.315
22 22 101 2.797
11 41 72 -0.105
39 17 88 -0.106
12 33 33 0.698
40 9 84 0.279
38 16 48 -0.549
18 20 141 0.551
11 27 144 4.167
19 25 141 0.287
38 11 126 0.315
20 24 138 1.443
21 26 5 -0.283
15 28 74 0.145
39 9 83 0.157
29 17 117 -0.731
14 28 106 3.447
24 26 99 -0.637
22 36 100 0.608
41 12 48 -0.765
5 32 30 -0.930
39 9 15 -0.669
41 6 15 -0.428
40 8 124 -0.019
14 32 144 2.134
34 14 124 -0.085
23 17 138 1.311
