33 18 6 -0.130
17 37 113 -0.985
34 7 45 -0.332
10 35 143 -0.839
43 18 128 -0.360
11 25 105 5.900
9 29 35 0.149
15 26 75 -1.068
22 27 4 -0.968
38 10 14 -0.029
38 17 121 -0.566
16 35 148 -0.778
23 19 101 2.031
17 29 149 0.145
17 22 145 -0.259
33 7 47 -0.940
36 17 49 -0.513
30 23 23 -0.233
13 34 69 0.809
44 14 51 -0.175
29 12 118 -0.468
17 30 111 -0.839
19 18 1 0.687
31 14 5 -0.335
35 19 19 -0.330
15 35 149 -0.994
30 12 44 -0.195
41 16 53 1.601
23 25 1 2.209
18 31 102 -0.117
41 12 46 0.421
39 11 126 -0.044
26 9 4 0.267
35 12 8 0.129
16 36 140 0.542
31 9 79 0.400
37 22 56 0.050
18 27 28 0.383
36 14 121 -0.850
34 15 9 0.464
13 35 143 0.393
41 12 50 0.675
39 10 92 -0.956
12 41 102 -0.419
16 28 33 -0.666
42 10 90 0.335
19 32 101 -0.165
20 21 76 -0.018
37 13 13 -0.575
41 15 88 0.600
32 19 58 0.386
13 40 102 -0.480
32 22 57 -0.540
19 31 0 -0.625
22 22 101 2.797
18 25 37 0.959
24 21 24 0.867
21 26 5 -0.283
17 32 104 2.595
15 34 104 0.272
38 18 122 -0.102
25 22 3 0.288
43 6 16 -0.789
43 8 90 -0.077
27 25 82 -0.630
20 27 139 0.267
12 40 70 1.089
18 24 65 1.512
11 35 107 -0.875
36 19 8 0.056
16 20 141 1.382
39 8 87 -1.053
19 22 2 -0.395
43 13 46 0.153
40 14 122 0.063
43 10 17 0.681
40 8 13 0.108
18 35 138 0.920
14 32 31 0.685
35 22 82 -0.777
21 25 149 -0.714
12 34 72 0.870
40 9 125 -0.536
32 23 6 -0.152
25 29 39 -0.618
35 14 58 0.182
37 15 122 -0.515
20 27 38 1.002
28 15 82 -0.783
29 19 22 0.679
20 32 64 0.194
13 38 104 -0.690
12 22 105 6.803
12 27 141 0.505
33 21 134 0.200
42 11 52 0.569
22 31 78 -0.880
14 40 113 -0.640
37 11 85 -0.654
34 13 54 -0.766
28 20 98 -0.404
17 34 37 -0.825
18 35 140 0.124
17 31 27 -0.686
35 14 89 -0.554
24 24 149 -1.002
11 41 139 -1.027
22 32 99 -0.973
20 28 113 -0.551
11 31 69 0.296
35 20 81 0.577
15 37 66 -1.016
24 26 61 -0.558
16 37 33 0.470
21 26 28 0.013
27 10 45 -0.657
13 24 31 -0.212
41 16 91 0.472
38 20 91 -0.128
26 30 77 0.469
16 35 74 1.888
13 23 71 2.019
29 15 39 2.048
40 15 17 -0.063
18 26 27 -0.045
35 18 121 -0.227
14 30 142 2.018
23 31 0 -0.856
11 34 106 -0.477
11 37 67 -1.062
37 10 132 -0.689
20 25 113 -0.507
11 32 145 -0.780
14 36 143 -0.006
34 16 56 -0.798
24 34 114 -0.852
25 24 114 -0.247
18 33 101 -0.241
20 35 137 -0.803
32 13 8 -0.200
39 18 92 -0.440
25 30 23 0.501
14 25 66 -0.556
24 30 77 -0.842
30 12 40 0.387
39 14 15 0.036
18 34 101 -0.128
14 38 32 -0.641
28 25 77 -0.864
39 15 17 0.454
30 27 97 -1.059
19 33 26 -1.035
25 19 97 -1.052
42 18 128 -0.057
26 27 135 -1.014
26 16 4 -0.395
42 1 12 -0.884
13 37 30 -0.917
17 31 38 -0.895
20 35 65 -0.054
42 8 125 -0.856
40 17 84 -0.689
37 12 48 -0.511
23 20 26 -0.177
25 29 27 -0.376
36 15 10 -0.161
40 15 54 -0.390
14 28 142 2.389
18 30 64 0.633
40 11 83 0.278
40 3 123 -0.916
21 30 113 -0.752
15 36 75 -1.047
21 28 101 -0.071
42 9 54 -1.010
16 15 73 1.418
9 40 35 -0.883
13 31 36 1.231
18 31 64 2.469
20 24 38 -0.823
14 29 31 0.922
40 13 49 -0.470
41 12 55 0.481
35 9 47 -0.599
17 25 112 0.405
18 25 111 -0.818
43 11 91 -0.115
12 36 109 0.809
33 16 119 -0.418
18 20 34 -0.212
26 17 39 1.789
37 14 18 -0.140
21 18 138 0.999
42 15 52 0.264
37 12 18 -0.556
37 10 50 -0.246
13 40 29 -0.587
14 36 36 -0.193
29 15 21 2.416
11 36 65 -0.442
20 18 63 -0.600
13 30 36 0.143
40 11 49 0.247
27 25 136 0.445
24 29 1 2.380
21 30 28 -0.531
11 30 35 -0.045
12 29 105 0.934
19 20 2 -0.404
24 24 82 -0.617
25 26 24 0.806
13 31 30 1.542
13 33 66 -0.637
42 10 128 0.216
29 22 98 -0.892
38 13 49 0.380
13 30 110 -0.818
26 21 78 0.120
40 10 129 -0.946
41 8 50 -0.305
36 8 85 -1.001
42 5 13 -0.364
31 19 42 2.111
31 26 43 -0.391
32 16 115 0.009
38 15 90 -0.331
16 33 105 1.696
42 2 11 -0.523
41 17 128 -0.239
30 19 43 -0.685
37 13 132 -0.750
35 14 46 0.061
38 17 120 -0.261
27 25 135 -0.031
22 25 38 -0.874
21 33 23 -0.436
34 12 124 -0.140
35 13 46 0.083
12 36 105 0.103
29 16 22 0.818
22 32 138 -0.168
19 18 149 0.368
17 26 74 -0.094
14 35 141 -0.427
37 16 133 0.390
37 14 131 -0.782
39 15 131 -0.889
31 18 96 -0.835
23 21 101 3.385
18 29 31 -0.431
20 22 75 2.032
13 38 143 0.127
17 30 104 1.341
30 21 21 1.110
34 9 85 -0.030
15 40 148 1.695
24 18 82 -0.702
29 21 97 -0.832
16 32 71 0.415
26 29 61 -0.576
11 35 30 1.086
10 35 32 -0.819
19 29 147 -0.974
33 22 81 -0.767
22 31 63 -0.985
31 17 22 0.180
39 12 90 -0.397
28 18 39 -0.073
41 16 55 0.362
29 18 41 -0.749
28 21 26 0.045
18 25 141 -0.110
33 8 123 -0.706
13 19 34 0.501
16 31 148 0.288
36 11 54 -0.818
34 14 96 0.222
39 7 50 0.556
15 37 140 -0.282
32 17 134 0.721
10 32 35 0.458
18 26 37 2.202
28 21 114 0.995
16 33 75 0.494
26 30 137 -0.451
14 32 111 -1.036
39 4 15 -0.620
33 22 95 0.274
13 26 106 1.529
31 18 40 -0.002
41 14 124 -0.896
20 31 64 0.432
9 30 35 0.043
23 26 139 0.423
38 10 83 0.373
16 21 74 0.638
36 13 85 -0.925
29 19 5 -0.274
33 17 81 -0.685
42 9 16 -0.457
12 33 70 0.887
29 23 39 -0.363
39 12 17 0.157
40 14 45 0.898
41 3 17 0.572
35 7 84 -0.871
37 18 120 -0.046
37 13 17 0.596
32 16 5 -0.132
20 29 2 -0.158
43 14 128 0.245
40 13 122 0.446
41 7 123 -0.816
14 29 103 -1.034
39 19 131 -0.884
41 13 11 -0.651
25 30 0 -0.808
40 14 91 -0.660
13 27 31 0.030
35 24 58 0.300
15 30 104 -0.491
11 30 30 1.214
37 5 15 0.050
31 19 5 -0.194
15 31 74 0.668
32 24 43 -0.338
34 22 96 -0.322
37 7 48 -0.571
20 31 1 -0.688
27 15 40 2.594
42 12 88 -0.168
17 31 112 0.539
22 16 63 -1.060
14 22 73 -0.632
39 15 123 -0.851
36 21 19 -0.046
28 27 135 0.040
35 16 131 -0.961
42 15 51 0.707
23 30 24 -0.294
16 38 33 0.036
19 30 100 -0.359
43 5 46 -0.535
13 26 147 1.266
30 11 117 0.294
24 21 139 0.128
33 19 41 0.353
35 5 44 -0.742
15 27 110 -0.670
31 15 117 -0.525
39 9 15 -0.669
38 10 12 3.023
41 15 128 -0.064
34 15 119 -0.760
20 35 26 -0.834
10 40 35 -1.003
12 27 140 0.204
23 28 0 -0.813
30 18 5 -0.337
34 16 43 0.528
26 26 62 1.386
36 16 94 -0.915
19 26 149 -0.802
30 25 22 1.474
37 5 13 -0.589
8 36 146 -0.908
41 15 87 1.235
10 35 30 -0.152
40 6 13 -0.092
35 12 121 -0.874
37 11 55 -0.517
18 22 138 0.152
19 25 0 0.234
42 5 16 -0.821
17 26 75 1.787
38 9 89 0.072
10 40 145 -0.821
36 18 57 -0.455
20 28 1 1.876
31 13 4 -0.267
29 21 5 -1.007
37 9 48 0.142
42 11 121 0.147
35 13 11 -0.477
16 37 148 -0.869
11 30 65 -0.663
38 15 48 -0.304
15 36 106 0.062
16 38 137 -1.038
37 15 129 -0.918
21 35 99 -0.831
29 19 44 -0.893
15 41 68 -0.665
29 13 39 1.951
16 26 75 -0.111
20 19 138 1.495
31 18 44 -0.357
12 37 112 -0.804
10 29 108 -0.465
12 38 35 1.586
13 34 70 0.425
32 23 42 2.027
18 28 74 -0.005
24 33 114 -1.049
35 12 54 -0.748
14 25 149 0.003
26 33 23 -0.665
30 28 98 -0.897
36 18 18 -0.809
17 26 73 2.549
17 23 28 0.560
22 21 27 0.095
36 21 56 -0.068
37 18 81 0.380
18 26 112 -0.905
35 11 48 0.065
37 12 89 -0.386
42 10 11 -0.296
31 16 40 -0.851
33 18 117 -0.090
30 22 42 0.442
18 24 34 -0.201
32 21 98 -0.964
11 38 109 -0.987
32 4 123 -0.755
29 12 40 0.724
10 32 32 -0.097
26 32 114 -0.228
35 24 19 0.090
39 22 94 -0.944
41 11 50 1.057
28 11 4 -0.437
35 20 41 0.537
32 16 79 0.209
35 22 95 -0.868
37 11 122 0.201
45 6 15 -0.809
26 29 62 0.866
15 32 36 2.498
11 24 105 5.946
17 35 111 -0.844
42 12 127 -0.715
11 33 107 -0.947
24 24 62 -0.713
32 19 10 -0.817
23 23 114 2.437
26 24 114 0.170
17 33 111 -0.533
22 32 23 -0.928
13 27 29 -0.708
9 37 107 -0.975
36 4 7 -0.544
8 36 109 0.203
40 8 125 -1.033
27 25 76 -0.344
39 8 91 -0.498
29 26 98 -0.922
36 13 92 -0.917
31 24 58 -0.340
31 19 58 -0.049
14 24 71 1.582
38 12 86 0.009
22 19 27 -0.405
13 35 35 0.429
13 37 67 0.045
17 25 73 1.794
38 16 132 -0.850
19 24 76 -0.241
19 24 65 -0.493
43 4 46 -0.252
38 8 12 2.067
24 30 25 -0.382
37 10 83 -0.211
35 5 11 -0.246
27 25 120 -0.551
12 33 106 -0.472
15 30 68 0.258
15 30 149 0.027
38 12 17 0.143
12 40 102 -0.646
19 23 113 -0.091
24 16 1 2.965
9 41 146 -0.806
38 13 122 0.014
34 11 120 -0.940
45 13 91 -0.774
39 8 11 -0.595
30 22 22 0.644
11 38 147 -0.751
40 9 55 -0.248
39 13 125 0.022
35 18 82 -0.663
18 23 76 0.221
20 24 64 1.836
34 12 46 -0.285
13 29 71 0.242
36 11 87 -0.891
23 19 112 0.776
11 34 70 3.718
22 31 149 -0.757
17 33 149 -0.917
17 30 149 -0.648
37 11 47 -0.668
16 29 69 0.781
26 30 60 -0.880
13 32 31 -0.859
34 14 10 0.681
41 14 91 -0.545
16 29 111 -0.169
23 25 136 -0.221
13 34 66 0.019
39 16 86 -0.422
37 9 119 -1.102
43 10 49 -0.801
18 32 139 -0.436
21 27 37 3.372
43 12 16 0.149
17 30 141 0.905
38 20 132 -0.237
18 26 64 1.069
17 27 75 -1.023
12 36 143 -0.736
17 30 1 -0.983
41 15 129 -0.888
37 16 83 0.208
13 41 143 -0.178
40 12 14 -0.179
11 39 145 -0.431
17 22 110 -0.737
33 15 20 0.016
26 31 61 -0.679
15 35 110 -0.735
36 9 84 -0.795
40 17 91 -0.352
25 21 5 0.257
41 11 124 -0.104
12 36 66 1.460
13 41 72 -0.651
12 30 34 -0.863
24 32 62 -1.063
18 22 69 0.447
35 12 80 0.091
19 26 74 -0.692
17 40 137 -0.555
20 32 63 -0.338
14 28 67 0.034
30 27 21 -0.976
36 11 45 -0.092
13 29 34 -0.724
32 20 44 -0.230
14 29 68 -0.405
28 18 114 1.947
32 11 132 -0.861
13 37 35 0.497
11 22 105 4.713
25 23 5 0.469
41 13 47 -0.204
33 19 43 0.270
13 37 32 0.242
16 20 34 -0.042
31 21 41 0.523
38 14 49 -0.757
22 27 2 -0.858
12 30 148 -1.063
35 17 20 0.106
30 13 117 0.734
13 29 106 2.194
33 17 97 2.395
31 25 98 2.369
31 5 82 -0.865
23 33 62 -0.428
15 35 103 2.575
15 24 72 -0.400
28 31 59 -0.702
15 27 104 -1.042
27 20 59 -0.470
15 32 66 -0.508
29 16 77 0.775
27 22 44 -0.702
18 20 113 -0.333
15 31 72 -0.942
36 13 80 0.347
36 21 18 -0.499
29 17 21 2.413
36 18 87 -0.691
41 9 92 -0.868
41 7 11 -0.365
15 33 32 0.306
20 20 2 -0.213
15 22 73 0.802
16 38 147 -0.994
33 18 42 0.464
9 39 105 -0.382
19 23 31 -0.603
8 38 35 -0.853
17 35 68 0.931
42 10 53 0.623
12 32 72 0.473
32 14 10 -0.746
26 26 114 -0.297
10 35 146 -0.745
12 35 66 -0.882
33 18 9 0.845
20 29 137 -0.646
33 16 8 -0.230
14 33 142 1.634
27 27 136 0.152
16 38 69 -0.667
35 9 85 -0.902
18 21 110 0.808
41 7 52 1.162
32 23 40 -0.754
9 37 146 -0.463
41 10 50 0.389
36 15 20 -0.479
16 29 70 -0.723
14 37 146 -0.130
26 15 38 0.254
43 4 88 0.189
37 20 121 -0.564
27 18 4 -0.357
38 4 85 -0.990
37 13 90 -0.449
11 44 139 -1.020
39 13 122 0.064
20 33 137 -0.693
30 28 41 -0.317
38 16 10 0.444
12 34 112 -0.757
15 31 66 -0.912
27 29 60 -0.655
39 10 124 -0.331
41 2 11 -0.755
30 26 23 -0.399
16 29 105 -0.176
36 22 19 -0.295
42 13 92 -0.698
12 42 112 -0.872
31 26 96 -0.471
28 21 136 0.674
12 35 67 -0.275
34 13 82 -0.685
35 20 93 -0.783
36 4 8 -0.348
40 16 84 -0.684
21 27 1 0.579
23 29 25 1.702
20 31 149 -0.679
40 5 14 -0.666
27 25 39 -0.177
19 34 101 0.693
42 11 53 -0.378
30 18 134 -0.675
38 20 86 -0.865
17 20 27 -0.959
13 33 69 -0.331
25 14 38 0.075
14 37 110 -0.998
29 19 42 -0.548
33 14 5 -0.173
37 15 48 -0.479
35 16 93 -0.950
32 18 80 -0.321
36 9 85 -0.513
18 20 31 -0.504
22 38 100 -0.700
42 10 49 -0.436
15 28 141 -0.051
38 11 126 0.315
33 10 124 -0.497
22 34 137 -1.010
19 25 38 0.231
43 6 17 -0.728
33 15 42 0.731
42 15 17 -0.923
38 14 93 -0.980
14 34 29 -0.447
33 17 117 -0.614
38 11 48 -0.351
14 31 142 2.965
39 13 84 0.535
24 20 62 -0.999
22 28 38 -0.867
13 32 109 -0.902
28 31 77 0.398
28 16 97 -0.893
24 14 1 2.842
13 30 32 2.352
12 32 143 0.476
38 13 124 -0.288
28 27 77 0.295
41 12 53 0.576
9 31 143 0.230
35 18 95 0.376
13 28 111 -0.059
31 12 115 -0.622
17 32 64 0.402
43 9 88 0.478
20 23 112 3.794
18 32 100 -0.370
37 17 120 -0.063
25 16 3 0.507
35 8 11 0.592
42 4 50 -0.866
30 25 120 -0.642
35 10 132 -0.965
17 37 68 -0.787
18 22 68 -0.732
40 12 129 -0.534
17 30 26 -0.268
20 32 65 -0.015
28 22 44 -0.687
15 33 113 -0.996
20 35 101 0.777
40 12 122 0.425
42 13 124 -0.915
25 28 24 1.518
29 19 43 -0.406
14 32 75 -0.684
29 26 61 1.636
38 10 90 -0.051
32 9 81 -0.554
17 30 105 1.094
12 37 67 -0.687
19 26 28 0.708
31 19 96 -0.987
19 19 1 0.825
14 26 33 0.710
19 23 0 -0.318
40 10 16 0.553
37 18 17 0.604
40 10 88 -0.640
41 18 129 -0.731
42 14 46 0.170
15 30 27 -0.778
42 15 128 0.320
14 31 140 -0.447
43 7 15 -0.905
40 8 46 -0.891
36 8 118 1.561
34 12 9 -0.150
28 30 59 -0.612
23 27 25 0.791
22 21 63 -0.896
40 16 88 -0.225
15 31 146 1.342
12 31 68 0.164
19 35 148 -0.014
27 23 41 -0.674
11 35 143 2.566
35 13 121 -0.778
40 8 126 -0.696
20 28 137 -0.639
37 22 95 0.020
36 6 130 -0.364
29 9 4 -0.058
35 14 121 -0.967
44 4 50 -0.845
19 31 149 -0.755
42 12 16 -0.074
18 33 68 -0.155
40 14 128 -0.179
24 21 60 -0.811
19 24 26 2.621
34 10 9 0.205
39 15 83 0.565
32 13 121 -0.770
9 42 35 -1.001
35 23 94 -0.663
31 23 98 -0.792
25 20 116 -0.586
38 10 129 -0.578
23 25 113 -0.130
14 33 104 1.638
31 27 58 -0.236
43 11 46 0.186
40 14 50 1.830
29 32 96 -0.472
41 5 84 -0.113
25 20 3 0.634
39 9 89 0.518
38 11 55 -0.704
13 38 72 0.887
17 26 112 -0.090
32 22 21 1.034
12 31 32 -0.302
36 16 57 -0.535
14 34 66 -0.435
35 4 82 0.058
12 35 35 0.070
21 15 0 -0.430
17 39 68 -0.994
33 12 10 0.472
32 18 81 -0.461
41 10 48 -0.909
14 35 32 3.716
34 11 47 -0.684
38 19 83 -0.880
12 29 68 -0.345
13 24 107 0.532
35 20 57 0.167
14 34 103 1.086
9 38 32 -0.663
25 28 99 -0.233
22 29 99 -1.050
33 27 133 -0.831
37 7 87 -0.888
29 24 22 -0.218
42 9 15 -0.141
41 9 127 -0.495
20 23 138 -0.012
31 23 118 0.016
39 9 129 -0.867
27 26 60 -0.496
28 25 136 1.543
23 37 62 -0.771
21 21 0 1.262
39 11 54 -0.013
41 12 11 -0.674
23 29 77 -0.873
32 19 80 -0.616
17 32 75 0.617
38 11 12 2.226
12 42 102 -0.727
35 19 47 -0.723
40 11 10 0.759
21 25 37 1.978
14 35 142 -0.643
16 27 29 -0.935
18 29 37 1.583
26 24 6 -0.709
36 23 19 -0.189
20 33 0 -0.605
30 20 22 0.206
23 33 137 -0.676
13 28 33 0.702
13 38 105 -0.189
17 30 65 0.454
31 17 97 -0.812
36 19 19 -0.423
34 16 86 -0.976
17 24 110 -0.205
38 10 15 -0.344
38 11 83 -0.108
14 25 141 -0.535
16 24 65 1.405
26 30 63 -0.244
39 13 86 -0.913
23 27 101 1.948
37 14 48 -0.409
21 10 0 0.287
19 29 139 -0.514
34 15 95 0.272
26 33 59 -0.807
35 18 18 -1.004
26 30 62 0.859
38 14 90 -0.745
35 18 58 0.531
29 22 77 -0.098
28 26 41 -0.314
36 12 13 -0.673
32 19 40 -0.617
13 36 32 -0.887
17 34 36 2.656
12 33 30 0.207
37 5 123 -0.724
32 16 6 -0.037
26 30 23 -0.639
17 28 147 -0.955
17 26 68 -0.626
30 29 22 1.905
36 16 8 -0.151
29 17 117 -0.731
22 25 4 -0.920
36 24 120 -0.052
42 14 49 -0.645
17 26 141 0.541
41 10 83 0.221
28 20 118 0.050
24 30 62 -0.273
11 32 65 -0.841
36 19 6 0.735
11 40 106 0.475
36 12 12 0.420
40 7 123 -0.716
21 34 137 -0.422
33 23 59 -0.709
41 12 125 -0.696
22 25 26 -0.915
12 30 68 -1.082
38 10 48 -0.335
28 13 116 0.490
13 33 34 -0.906
16 32 32 0.298
38 7 90 -0.509
26 15 5 1.658
14 33 33 -0.085
16 34 140 0.309
39 12 48 -0.542
32 14 5 -0.366
11 37 108 -0.818
26 17 4 -0.510
41 13 84 -0.727
15 20 69 1.020
16 31 113 -1.049
38 12 125 -0.255
29 23 43 -0.793
20 30 65 -0.002
19 23 69 -0.073
13 32 69 0.705
41 14 13 0.768
31 24 94 -1.005
16 37 143 -0.443
41 16 129 -0.525
37 15 55 -0.983
37 10 130 0.075
15 29 69 -0.622
9 34 107 -0.973
12 30 105 3.309
41 10 127 -0.064
19 28 38 0.144
26 21 61 0.702
40 17 18 -0.637
17 14 2 0.672
39 8 49 -0.689
40 10 45 0.669
14 31 103 0.709
38 16 56 0.408
34 4 85 -0.082
24 19 59 -0.375
18 22 64 2.546
12 30 140 -0.347
43 1 12 -0.876
17 31 69 -0.172
33 19 95 -0.922
11 21 31 -0.227
13 35 67 -0.220
14 28 111 -0.638
34 20 119 -0.487
31 16 117 0.027
13 30 70 1.793
22 24 4 -0.979
14 27 144 -0.603
31 25 58 -0.423
32 24 58 -0.042
15 37 74 -0.791
33 25 57 -0.553
37 10 89 -0.596
22 24 0 1.174
19 26 148 0.502
22 21 3 -0.210
13 38 106 -0.387
42 16 129 -0.348
23 23 25 0.610
16 32 110 -0.698
39 13 17 -0.175
34 16 93 -0.922
21 25 75 0.782
30 16 120 -0.727
40 15 129 -0.528
28 35 77 0.460
24 31 24 -0.593
41 11 46 0.185
16 31 75 -1.022
21 19 139 1.622
16 27 1 -0.397
21 24 26 0.300
37 16 89 -0.337
14 25 103 -1.002
33 15 119 -0.712
12 32 30 -0.093
41 8 52 -0.906
36 12 10 0.834
40 7 89 -0.529
37 10 12 0.358
28 24 41 -0.469
13 33 33 -0.753
39 11 122 0.160
38 11 53 -0.597
15 34 113 -1.017
39 21 55 -0.420
10 38 32 0.181
21 30 63 0.115
31 16 41 0.909
36 11 130 -0.192
10 32 106 -0.850
13 22 107 -0.078
33 11 20 -0.019
40 2 131 -0.992
36 11 120 -0.924
31 14 120 -0.720
33 19 80 -0.584
20 23 31 -0.627
12 35 107 -0.372
38 13 9 -0.263
15 24 73 0.950
18 30 28 -0.137
10 38 110 -1.042
40 11 51 -0.418
12 31 144 5.437
42 8 126 -0.965
29 21 61 1.158
17 24 27 -0.906
16 26 34 -0.169
30 8 117 0.037
32 19 118 0.131
23 27 78 -0.246
24 22 136 -0.630
18 18 73 2.447
14 31 148 -1.030
34 19 41 0.484
16 27 140 3.063
22 31 26 -0.295
27 28 39 0.696
22 29 62 -0.251
24 27 26 -0.021
25 29 23 2.350
12 35 34 -0.779
18 29 1 0.422
17 29 65 0.647
23 25 3 -0.217
17 25 141 2.424
14 28 31 0.110
43 8 53 0.811
25 16 76 1.937
31 24 97 1.696
10 35 71 -0.574
21 32 26 -0.459
29 20 41 0.017
34 18 47 -0.692
11 37 72 0.215
41 13 129 -0.846
26 29 137 -0.403
17 21 73 0.080
13 40 68 0.727
36 10 50 -0.347
12 29 70 1.504
44 10 52 -0.133
15 34 33 -1.034
37 15 18 -0.994
32 4 82 -0.858
33 13 20 0.083
40 11 13 0.635
20 25 28 0.434
11 32 144 5.096
18 22 75 2.174
28 29 59 -0.661
16 22 34 0.278
27 19 23 -0.723
35 16 41 0.475
33 27 80 -0.346
36 20 56 0.286
41 6 12 0.386
28 19 61 0.015
35 17 11 -0.375
36 10 87 0.774
38 14 92 -0.495
34 16 95 -0.014
20 23 110 1.596
39 10 56 -0.453
10 28 102 0.325
43 9 91 0.545
18 22 27 -0.893
14 28 144 2.939
16 23 1 -0.796
12 38 104 -0.359
16 25 74 1.078
16 38 0 -1.037
17 31 143 -0.230
32 15 94 -0.952
17 32 36 2.530
40 13 129 -0.703
27 26 135 -0.413
31 4 79 0.256
29 26 115 -1.052
28 23 44 -0.706
34 12 54 -0.873
39 11 10 0.628
34 7 11 -1.015
40 11 130 -0.409
13 32 143 0.966
35 7 87 -0.976
33 16 42 -0.121
31 23 43 -0.063
30 17 10 -1.016
44 11 52 -0.472
28 26 79 1.262
32 30 22 -0.137
41 10 87 1.002
12 35 106 3.271
28 30 40 -0.795
29 23 41 -0.113
29 16 40 1.285
41 13 122 -0.106
25 27 62 0.319
14 40 67 0.009
16 37 147 -0.980
25 32 60 -0.893
35 7 8 -0.595
38 7 91 -0.382
17 24 147 0.656
43 8 17 0.615
17 33 103 -0.880
31 18 7 -0.502
16 30 144 1.627
42 7 52 -0.116
13 37 72 -0.333
30 21 96 0.019
34 19 7 0.467
34 20 82 -0.832
15 33 71 -0.244
30 21 98 1.767
15 22 28 1.269
24 25 24 1.332
30 24 61 1.852
36 23 94 -0.433
39 10 52 -0.732
9 43 102 -0.619
42 10 17 -0.197
23 34 137 -0.750
15 31 104 0.308
42 13 52 0.313
39 7 131 -0.872
34 12 119 -0.423
38 12 83 0.039
37 14 46 -0.528
33 22 134 -0.304
39 21 130 -0.922
32 23 133 -0.854
40 9 84 0.279
12 42 147 -0.742
29 19 39 1.780
16 32 75 0.185
41 5 14 -0.959
28 26 116 -0.884
19 35 26 -0.955
25 24 135 -0.507
26 15 4 -0.458
39 8 123 -0.788
38 12 45 0.470
41 17 18 -0.665
30 22 135 0.841
29 12 115 1.069
37 19 18 -0.493
25 30 100 -0.099
14 26 29 -0.830
14 36 67 -0.177
12 32 29 -0.253
38 7 54 -0.700
16 22 110 -0.237
38 9 48 -0.153
44 15 124 -0.904
30 26 22 0.957
20 22 0 0.939
21 16 2 1.564
26 23 60 -0.444
18 15 2 1.013
35 2 82 -0.183
34 26 95 0.769
18 30 112 0.355
42 13 16 0.172
36 22 120 0.015
16 39 137 -1.057
18 28 112 -0.774
16 33 69 -0.603
17 35 38 -0.375
38 21 19 0.299
15 31 149 -0.047
41 10 14 0.200
42 6 17 -0.524
32 20 58 0.654
29 28 136 -0.319
14 24 68 -0.950
42 11 129 0.002
36 3 84 -0.787
17 24 74 -0.039
20 27 149 -0.706
37 12 122 0.130
24 24 3 -0.977
26 25 136 -0.954
5 47 108 -0.901
40 11 50 0.248
40 14 55 0.250
22 32 137 -0.956
18 26 28 0.497
23 23 3 -0.309
21 26 38 1.023
20 34 101 0.624
43 16 128 -0.390
42 2 15 0.043
38 14 121 -0.555
19 24 113 -0.307
13 34 106 -0.492
13 28 31 1.297
17 27 149 -0.410
16 27 72 -0.140
31 17 5 -0.469
12 40 71 -0.609
42 11 47 -0.435
37 18 83 -0.943
40 9 89 -0.464
11 30 69 -0.588
20 28 149 -1.027
29 27 59 -0.600
33 14 97 -0.929
35 27 94 -0.734
17 30 31 -0.320
10 30 65 -0.971
34 7 48 -0.342
36 22 18 -0.773
29 33 60 -1.054
16 34 111 -0.141
33 10 121 -1.000
37 13 54 -0.616
38 10 123 -0.258
12 29 31 0.376
14 34 109 -0.647
26 16 82 -0.793
27 23 135 0.273
27 31 23 -0.378
14 34 142 -0.729
37 5 87 0.170
28 18 116 -0.226
15 29 71 0.744
41 13 130 -0.134
29 16 118 -0.393
14 30 74 0.773
40 13 53 -0.438
20 25 76 -0.281
34 14 124 -0.085
28 20 23 -0.451
31 15 119 -0.686
39 18 55 -0.536
20 27 26 -0.525
12 29 66 1.214
20 26 73 -0.741
17 34 100 -0.945
16 28 37 3.655
39 11 123 -0.897
10 36 109 -0.292
21 26 149 -0.717
34 20 96 -0.447
38 17 129 -0.852
38 23 130 -1.003
12 23 34 0.848
30 23 97 -0.911
40 13 56 -0.571
38 11 130 -0.144
28 23 59 0.344
15 31 112 -0.806
41 9 84 0.209
38 7 121 -0.162
30 25 135 -0.305
16 29 142 5.472
27 27 60 0.708
15 33 147 -0.944
29 20 22 0.514
36 24 95 0.590
22 19 112 1.803
40 4 16 -0.642
14 34 105 1.762
23 28 27 -0.724
36 6 118 1.733
11 31 35 0.644
35 9 9 1.262
42 15 93 -0.911
5 29 108 -0.965
40 7 46 -0.690
31 20 41 1.272
18 34 148 -0.070
30 24 120 -0.731
32 18 41 1.343
20 23 139 0.156
13 22 106 1.956
24 27 114 -0.226
15 31 67 -0.619
20 26 28 -0.744
41 9 51 -0.783
39 17 121 -0.432
16 26 68 1.421
14 35 71 -0.196
36 5 7 -0.669
13 39 71 -0.969
38 12 48 -0.512
24 24 114 -0.387
30 28 43 -0.687
42 9 127 -0.218
32 7 119 -0.807
15 33 36 1.197
11 36 68 -0.611
37 9 121 -0.248
39 15 91 -0.210
31 13 7 -0.407
15 35 36 1.442
8 38 102 -0.660
12 28 33 0.753
15 36 149 -1.002
34 9 47 -0.779
23 33 99 -1.040
15 31 140 -0.484
12 41 143 -0.512
42 10 92 -0.680
21 33 137 -0.441
31 24 22 0.637
19 23 64 -0.736
25 15 3 0.062
15 36 142 -0.157
13 26 66 -0.336
12 32 147 -0.195
39 12 54 -0.467
36 18 20 -0.810
22 24 38 0.305
37 20 18 -0.889
16 31 36 2.404
20 36 64 0.728
36 8 10 1.101
30 25 23 -0.165
33 14 81 -0.272
34 14 80 -0.580
14 25 67 -0.527
35 14 117 -0.844
19 14 149 0.068
41 9 123 -0.606
16 23 140 1.083
31 20 116 -0.822
14 40 143 -0.580
17 19 73 -0.201
25 27 4 -0.998
10 33 33 -0.565
36 12 120 -0.509
14 36 144 -0.906
39 11 50 2.178
37 23 132 0.246
19 22 138 0.372
42 17 129 -0.632
28 27 115 -1.026
34 11 83 -0.996
4 39 108 -0.942
22 20 24 0.598
19 31 33 -0.795
42 18 46 -0.078
23 19 3 -0.828
38 10 13 -0.233
41 8 84 0.110
38 14 8 -0.299
25 13 4 -0.605
34 21 19 -0.358
16 29 71 0.010
35 19 20 0.042
10 31 108 -0.584
36 20 120 0.142
38 3 87 -0.921
20 20 3 -0.867
32 16 118 0.631
17 39 137 -0.605
16 33 68 -0.956
24 21 76 1.261
20 27 63 -0.441
16 37 103 2.025
42 18 125 0.476
29 26 96 -0.742
34 19 20 -0.466
24 22 76 0.278
31 25 95 0.853
24 37 137 -0.968
36 20 7 -0.290
31 23 97 -0.804
29 14 39 1.905
21 26 113 -0.918
20 22 74 -0.772
37 15 8 -0.443
28 33 134 -0.964
37 10 49 0.334
16 19 34 0.929
31 17 120 -0.573
19 29 37 -0.272
38 7 86 0.686
22 31 138 -0.743
24 34 25 -0.622
23 17 118 -0.625
22 14 0 2.038
16 24 74 0.965
42 12 50 -0.184
14 39 33 -0.152
27 31 99 -0.323
18 27 148 0.360
16 23 73 0.620
14 32 110 -1.004
32 14 42 0.533
22 33 137 -0.761
31 16 119 -0.550
16 23 141 0.757
20 22 76 -0.146
26 25 135 0.176
40 6 127 -0.659
27 25 42 -0.285
26 23 97 -1.072
33 20 43 0.498
38 10 45 -0.078
42 15 88 0.297
30 20 21 0.176
31 20 6 -0.543
36 20 121 -0.633
14 32 106 -0.071
36 11 83 -0.295
17 38 112 -0.844
36 14 47 -0.637
33 10 119 -0.622
17 23 65 1.203
36 21 133 1.273
39 12 92 -0.637
20 26 3 1.347
24 28 27 -0.619
39 11 85 0.195
30 23 58 -0.076
14 40 29 -0.488
27 23 117 -0.291
35 15 18 -1.056
17 29 143 -0.297
40 12 128 -0.259
39 13 18 -0.929
13 37 105 0.675
9 39 108 0.658
9 37 147 -0.926
34 19 57 -0.257
44 13 51 0.286
32 18 5 -0.033
14 36 141 -0.646
29 15 117 -0.454
18 23 28 0.829
31 16 120 -0.900
11 45 139 -1.030
34 8 85 -0.008
42 14 18 -0.608
13 20 33 1.804
31 22 136 2.124
19 31 112 -0.539
39 15 85 -0.130
14 37 68 0.919
38 21 84 -0.514
39 15 92 -0.506
40 11 15 -0.722
25 23 38 -0.835
11 28 27 -1.091
38 2 12 -0.197
35 12 132 -0.959
35 21 57 0.129
32 22 95 0.161
28 31 96 -0.687
25 17 5 1.588
34 20 95 0.989
31 24 60 3.739
32 19 97 -0.369
16 18 31 -0.482
28 19 42 0.211
41 15 54 -0.844
11 40 72 -0.311
27 22 39 1.897
31 20 118 -0.029
41 15 13 0.542
29 27 77 0.303
33 21 42 0.414
16 34 36 3.364
13 36 109 -1.040
23 24 24 1.047
14 34 68 -0.639
29 22 118 0.140
18 33 38 -0.318
31 9 119 -0.882
41 12 123 -0.274
33 27 22 -0.063
32 15 96 -0.926
38 16 57 0.614
25 30 62 0.411
37 15 10 0.535
22 33 138 -0.217
27 15 78 -0.781
22 21 0 1.570
41 11 14 -0.068
12 25 71 2.139
23 26 135 -0.684
19 34 64 -0.344
15 42 75 -1.045
42 8 52 0.648
14 24 37 1.463
10 36 35 -0.634
32 18 133 -0.007
19 18 2 0.302
33 1 7 -0.824
31 22 117 -0.733
26 16 117 -0.921
28 31 25 -0.668
24 23 4 -0.577
14 28 37 -0.100
16 32 27 -0.772
33 10 9 -0.156
31 13 79 -0.168
17 30 70 -0.935
27 16 40 2.682
39 5 126 -0.608
36 15 18 -1.021
11 30 107 -0.082
11 34 145 -0.166
20 27 1 1.829
18 28 37 -0.222
27 27 25 -0.988
39 16 87 -0.749
24 22 139 1.090
12 37 145 -0.727
37 7 7 -0.625
34 24 132 -0.646
44 13 127 0.296
39 12 52 -0.140
15 32 34 -0.546
36 11 89 -0.701
29 22 43 -0.748
19 31 140 0.181
27 21 116 -0.367
16 26 140 2.805
38 15 93 -0.914
26 30 99 -0.581
29 18 59 -0.313
19 21 34 -0.159
34 14 119 -0.448
9 36 146 -0.619
25 23 3 0.110
41 13 50 0.865
7 30 108 -0.975
27 15 4 -0.115
11 38 107 -0.936
35 17 6 -0.277
21 19 2 1.479
35 8 126 -0.818
26 26 136 -0.904
41 11 16 0.164
42 9 90 0.130
15 31 144 1.127
18 29 113 -0.839
38 11 90 -0.435
31 21 134 0.350
40 14 121 -0.808
18 38 112 -0.778
19 27 74 -0.564
21 29 138 0.088
41 16 125 0.469
41 15 48 -0.735
23 31 100 0.390
32 16 116 -0.960
15 27 27 -0.737
39 11 88 -0.615
17 32 65 0.378
22 19 114 2.224
14 41 66 -0.266
37 14 20 -0.525
30 25 96 -0.674
28 24 60 -0.580
41 10 90 -0.031
25 28 4 -1.016
26 14 116 -0.132
15 38 72 -0.957
26 9 0 1.224
21 24 101 -0.258
13 36 36 2.529
12 35 102 2.974
14 31 105 3.141
20 28 37 -0.941
43 8 52 -0.040
39 9 90 -0.467
35 18 132 -0.689
38 12 123 -0.451
11 34 32 -0.363
41 19 125 0.274
37 14 87 -0.217
22 37 114 -0.737
21 36 78 -0.845
37 3 123 -0.907
11 43 146 -0.144
14 30 37 0.632
15 32 140 1.339
24 21 116 -0.642
37 7 83 -0.519
37 9 50 -0.307
39 19 92 -0.554
30 21 135 -0.483
23 24 76 0.266
35 15 82 -0.822
30 24 135 -0.431
43 9 50 -0.764
15 23 141 1.076
23 32 62 -0.452
19 23 2 -0.521
35 20 80 0.049
35 16 10 -0.493
15 36 140 0.422
38 15 92 -0.490
25 11 116 -0.061
43 17 128 0.007
20 33 64 -0.714
26 22 5 0.716
14 42 111 -1.032
49 5 88 -0.330
38 14 7 -0.429
31 21 57 -0.863
27 23 120 -0.594
37 9 47 -0.953
37 17 96 -0.648
33 17 43 0.585
16 26 144 -0.420
11 24 69 1.500
28 24 120 -0.559
30 17 79 -0.394
25 37 77 0.638
38 10 131 -0.854
29 29 98 -0.564
9 37 35 -0.980
18 27 64 1.715
20 19 149 0.121
35 8 48 0.112
42 11 88 -0.006
37 9 18 -0.115
38 19 56 0.528
22 29 63 -0.007
31 5 79 -0.038
26 26 77 0.210
41 7 17 0.029
39 9 56 -0.876
32 19 79 0.682
28 23 76 -0.529
20 28 26 1.251
38 9 53 -0.886
12 37 71 -0.881
38 16 129 -0.811
15 28 103 1.036
38 16 91 -0.505
35 15 93 -0.800
17 29 147 -0.908
17 31 145 0.239
22 24 37 -0.782
31 14 81 -0.439
41 12 129 -0.443
36 24 130 -0.998
41 14 128 0.123
28 29 135 -0.139
16 28 1 -0.405
16 20 68 0.940
30 13 116 -0.503
19 25 148 0.453
13 40 67 -1.061
17 27 139 -0.537
15 35 68 -0.632
17 28 104 1.247
15 33 105 0.750
13 31 111 -0.790
31 24 6 -0.311
15 27 68 0.011
32 12 45 -0.922
22 29 37 -0.449
33 14 9 0.272
20 25 139 0.591
32 21 9 0.843
18 25 65 1.931
18 36 38 -0.919
15 23 148 2.007
17 34 141 -0.529
35 22 94 -0.498
16 29 102 -0.306
36 19 55 -0.379
39 12 83 0.315
30 14 4 -0.292
38 5 12 1.697
16 30 32 0.066
37 20 57 -0.241
38 15 55 -0.339
37 17 122 -0.153
24 22 149 -0.955
35 12 43 0.351
42 4 15 -0.362
37 19 81 0.804
12 25 69 0.905
21 32 38 -0.958
37 8 89 -0.301
21 37 137 -0.803
29 27 97 -1.005
33 18 96 -0.075
35 16 19 -0.178
37 10 45 0.036
30 24 57 -0.540
30 9 79 0.343
23 30 39 -0.414
29 24 96 -0.743
34 16 9 1.152
16 35 104 -0.524
35 23 20 0.215
39 19 93 -0.913
42 8 92 -0.372
41 14 53 0.100
28 21 44 -0.651
43 9 49 -0.964
34 18 20 -0.434
18 24 37 0.362
33 19 119 0.089
33 10 123 -0.497
34 11 124 -0.087
28 21 60 -0.391
23 36 137 -0.994
32 18 43 0.439
39 9 50 0.391
39 14 54 -0.039
10 27 144 4.673
15 32 145 -0.559
40 7 54 -0.837
44 11 124 -0.927
16 25 141 1.229
37 14 80 0.364
15 17 33 2.236
31 29 96 -0.459
38 13 132 -0.990
36 16 118 0.023
29 22 59 0.127
18 24 68 0.629
40 11 16 0.164
41 11 49 -1.047
30 18 22 0.056
40 20 54 -0.342
24 36 62 -0.798
39 17 92 -0.801
15 31 32 4.547
35 20 132 -0.767
20 30 64 0.769
16 23 31 0.513
22 11 1 2.924
13 35 149 -0.385
23 21 112 1.067
30 22 133 -0.531
13 35 70 1.043
11 41 109 -1.001
42 7 92 -0.473
41 12 91 -0.234
42 7 14 -0.688
33 17 119 -0.176
39 15 11 -0.462
31 25 97 1.376
35 7 44 -0.678
17 36 140 -0.172
41 14 18 -0.347
34 15 20 -0.555
29 21 42 -0.261
20 17 138 2.634
25 24 60 -0.376
36 14 81 0.742
38 11 11 0.399
26 15 44 -0.824
16 39 113 -1.013
30 17 22 0.343
19 28 139 0.353
36 21 121 -0.371
5 40 108 -0.996
35 12 83 -0.954
22 31 100 0.331
34 14 133 0.024
40 20 55 -0.817
38 12 57 0.896
14 26 74 -0.394
19 28 112 0.646
29 20 43 -0.542
39 10 45 0.115
22 30 24 0.009
30 17 118 -0.866
41 11 87 0.932
26 20 3 0.563
35 17 82 -0.494
34 19 6 0.819
12 34 107 -0.687
28 15 117 -0.524
24 16 4 -0.572
28 26 136 2.295
16 30 142 2.031
23 33 115 -0.891
38 24 130 -0.972
39 12 13 0.477
18 25 113 0.321
27 19 60 -0.835
16 36 72 -0.906
40 7 51 -0.932
24 27 25 2.710
38 19 86 -0.804
31 20 22 0.623
23 32 78 -0.885
26 28 62 1.166
23 25 0 -0.847
15 36 105 -0.192
12 42 109 -0.965
41 7 92 -0.533
40 13 16 0.359
12 37 66 1.439
37 8 13 -0.185
39 14 52 -0.219
13 23 146 3.908
36 22 57 -0.217
13 28 29 -0.841
41 17 17 -0.408
14 18 74 0.526
30 12 79 -0.515
25 25 62 0.732
20 29 63 -0.678
10 34 65 -0.630
30 17 5 -0.119
39 16 126 0.306
37 10 90 -0.971
11 38 32 0.148
19 37 140 -0.688
38 10 54 0.054
18 25 33 0.759
13 40 30 -0.739
19 30 111 -1.030
20 40 64 -0.656
43 15 53 -0.896
37 16 57 -0.952
37 14 122 -0.048
28 24 135 0.110
33 20 93 -0.858
19 21 28 0.559
34 16 79 0.056
12 29 146 -0.602
15 23 31 -0.172
9 29 109 -0.274
25 27 5 0.630
32 23 57 -0.448
32 26 43 -0.361
36 22 6 1.855
32 26 95 -0.004
36 22 130 -1.037
33 16 118 1.039
20 21 75 2.007
21 22 139 1.639
13 32 70 2.156
32 21 59 -0.217
7 28 108 -0.611
20 29 5 -0.472
41 15 46 -0.014
32 25 57 -0.553
37 6 7 0.327
35 21 7 -0.408
22 16 0 1.003
26 13 44 -0.778
40 3 15 0.003
33 21 80 -0.348
21 34 101 0.928
15 37 33 1.235
42 2 12 -0.948
21 23 138 1.183
37 21 83 -0.924
18 18 110 0.534
15 33 149 -0.937
41 7 49 0.181
17 35 140 0.434
21 38 64 -0.783
27 27 134 -0.386
42 7 50 -0.331
25 31 77 -0.035
10 40 139 -1.018
17 25 37 2.161
30 17 43 -0.403
36 13 45 0.505
30 23 21 -0.241
41 13 91 -0.708
32 25 58 -0.154
26 18 60 -0.778
14 38 71 -0.976
16 31 29 -1.024
38 4 87 -0.878
17 29 140 -0.618
24 31 77 0.488
28 24 44 -0.882
39 11 18 -0.741
32 19 59 -0.328
29 24 42 -0.253
34 10 85 -0.834
27 24 44 -0.809
13 30 30 1.322
35 15 95 0.315
15 30 142 3.894
33 26 58 -0.181
30 23 98 0.901
18 26 147 2.769
34 18 80 -0.498
38 9 18 -0.747
23 12 78 -0.618
13 24 74 -0.406
32 26 58 0.085
35 13 80 0.025
22 20 139 0.046
34 21 80 -0.045
31 16 116 0.262
36 15 46 -0.494
23 23 4 -0.920
17 30 74 -0.968
11 28 35 0.426
13 40 70 0.282
21 28 64 -0.691
38 16 131 -0.574
24 23 114 2.621
38 9 13 0.200
13 37 142 -0.741
38 14 56 0.571
17 27 3 -1.070
21 22 4 -0.959
34 17 57 -0.244
17 21 69 -0.108
12 35 147 0.202
23 30 25 1.377
29 30 96 -0.512
34 17 43 0.445
13 27 36 4.321
13 36 106 -0.058
34 18 41 0.623
24 27 62 -0.771
36 24 132 -0.675
37 17 131 -0.984
40 10 49 0.422
14 24 107 0.405
33 19 42 0.596
41 14 88 -0.054
23 33 78 -0.739
29 12 79 -0.110
17 33 113 -0.984
24 29 99 -0.909
29 22 135 0.144
28 21 61 0.246
23 31 137 -0.965
38 8 15 0.442
29 22 39 -0.361
15 36 0 -0.710
28 23 98 -0.887
18 31 37 -0.756
25 16 116 -0.009
17 29 112 -0.489
37 16 84 -0.324
40 15 49 -0.754
39 14 128 -0.318
13 17 34 0.326
37 14 13 -0.682
38 12 7 0.303
17 29 148 -0.779
21 23 63 -0.020
29 25 40 -0.825
16 25 68 -0.096
35 8 7 -0.413
38 8 16 -0.649
25 20 82 -0.657
14 33 34 -0.388
5 48 108 -0.700
36 12 121 -0.930
37 15 46 -0.173
28 31 99 -0.327
16 28 32 0.141
32 14 8 -0.104
40 7 90 -0.319
29 21 39 -0.750
38 20 133 0.968
38 18 121 -0.365
39 9 45 0.193
18 34 138 0.995
34 22 57 -0.622
19 29 28 -0.536
24 25 0 -0.851
12 30 102 1.617
40 11 89 -0.191
38 3 123 -0.915
28 11 82 -0.948
23 27 39 -0.467
26 20 76 -0.237
12 30 107 0.064
42 11 56 -0.572
19 30 0 -0.641
40 12 55 0.194
20 29 28 -0.596
32 23 58 0.383
11 40 71 -0.919
33 15 9 0.709
11 39 102 -0.838
37 18 122 -0.696
15 37 102 -0.524
18 25 139 0.342
34 12 85 -1.020
42 8 91 0.460
38 16 87 -0.754
15 34 66 0.468
33 13 9 -0.006
39 3 12 1.235
42 16 17 -0.966
14 38 33 0.591
13 25 141 -0.353
18 36 138 0.784
15 30 140 1.323
15 36 144 1.959
38 14 47 -0.480
17 31 70 -0.923
38 16 89 0.092
29 9 117 0.635
15 25 146 0.917
30 19 115 0.043
14 30 34 -1.067
44 9 124 -0.322
38 14 123 -0.579
26 28 24 0.184
27 25 114 0.508
21 24 1 1.394
39 17 93 -0.898
38 11 129 -0.583
16 29 31 0.008
20 29 23 -0.233
43 3 12 -0.949
19 26 113 -0.464
36 16 18 -0.999
17 26 144 1.018
12 37 32 -0.145
38 18 88 -0.184
35 22 96 -0.387
17 32 148 -0.206
41 15 125 0.239
36 13 10 0.457
27 29 25 -0.960
23 19 136 -0.301
32 18 10 -0.439
32 30 59 -0.882
17 30 27 -0.889
13 41 105 0.682
11 32 147 -0.488
39 5 121 -0.964
24 27 1 2.121
16 33 74 1.686
29 28 134 -1.004
14 23 145 -0.834
35 22 80 -0.056
38 15 80 0.209
12 24 31 -0.002
30 28 22 2.238
37 5 127 -0.941
33 11 45 -0.750
26 11 44 -0.783
21 29 38 -0.826
12 36 69 0.782
29 28 41 -0.036
11 34 65 -0.975
38 8 14 -0.697
33 24 43 0.326
39 13 12 1.791
33 11 9 -0.255
39 20 55 -0.777
22 26 0 -0.871
38 13 10 0.001
12 35 71 -0.488
20 26 0 -0.003
21 14 138 2.699
33 16 134 -0.156
27 20 116 -0.485
42 12 91 0.386
36 13 48 -0.555
41 6 15 -0.428
35 17 85 -0.955
22 20 0 -0.343
25 31 23 1.760
28 15 118 -0.508
33 21 43 0.099
16 19 31 -0.442
33 11 117 0.112
16 37 75 -0.841
6 35 108 -0.975
22 16 1 0.176
17 36 36 2.400
37 19 95 -0.475
27 32 59 -0.828
42 11 128 0.331
16 39 69 -0.665
10 24 67 -1.031
13 33 70 1.836
20 25 112 3.493
16 35 149 -0.936
33 28 133 -0.966
34 18 19 -0.877
14 33 75 -0.754
34 16 118 0.081
37 6 13 -0.468
26 30 39 -0.973
42 6 16 -0.738
20 32 101 0.154
17 43 137 -1.005
14 31 67 -0.323
34 24 57 -0.689
35 6 85 0.164
31 20 119 -0.586
38 14 126 0.571
30 24 60 2.933
38 16 90 -0.838
36 19 122 -0.329
25 25 137 -0.559
37 18 8 0.366
31 28 58 -0.350
40 10 91 -0.889
38 20 131 -0.930
16 34 37 2.114
19 27 31 -0.328
26 15 114 1.159
32 24 21 1.200
23 17 138 1.311
38 8 9 0.546
35 22 19 -0.134
22 22 3 -0.222
23 21 26 -0.190
22 34 138 -0.608
34 16 54 -0.759
31 27 120 -0.602
37 7 16 -0.735
24 17 2 0.158
32 14 45 -0.889
24 21 82 -0.595
21 20 2 -0.241
29 22 115 -0.838
32 25 43 -0.429
37 5 18 0.045
14 37 111 -0.929
30 12 77 0.979
36 19 130 -1.030
20 31 137 -0.534
23 22 24 1.605
23 26 137 -0.691
24 26 139 -0.597
22 33 99 -0.592
13 38 67 -1.075
18 33 104 0.385
13 34 35 0.479
39 18 131 -0.728
17 34 140 -0.206
40 15 125 0.045
24 34 24 -0.569
31 24 134 -0.877
29 25 22 -0.232
41 16 54 -0.353
15 29 102 -0.210
37 18 131 -0.444
37 11 45 0.143
18 31 139 -0.613
41 5 12 0.684
37 15 127 0.494
14 30 29 -0.703
37 12 84 -0.862
36 21 20 -0.515
22 31 137 -1.014
41 11 13 0.825
35 11 126 -0.601
37 14 53 -0.846
40 15 122 0.213
11 33 146 0.794
17 28 29 -0.962
33 13 117 -0.130
25 19 2 0.097
14 34 147 0.027
8 35 32 -0.389
40 9 83 0.296
37 13 9 -0.355
32 21 21 0.445
41 18 88 -0.234
15 34 144 0.523
44 9 90 0.076
27 28 42 -0.346
22 20 136 -0.378
31 25 41 1.342
36 21 94 -0.832
19 35 101 0.733
32 17 77 -0.348
37 8 50 -0.251
41 12 49 -0.497
34 14 43 0.291
11 26 67 -1.071
35 4 8 -0.099
38 9 9 0.412
25 27 23 0.535
18 30 139 -0.345
40 12 92 -0.893
24 21 99 -0.585
44 11 127 -0.726
36 1 131 -1.052
17 30 113 -0.821
16 37 0 -1.035
17 24 37 0.850
25 32 99 -0.718
41 18 91 -0.292
21 21 112 3.589
18 32 27 0.579
17 33 100 -0.842
22 23 114 0.848
22 28 26 -0.063
24 25 3 0.387
39 12 86 0.125
18 27 27 0.867
15 22 29 -0.590
22 36 100 0.608
30 29 94 -1.009
23 22 113 -0.428
22 30 25 0.967
28 14 40 2.733
39 10 89 0.855
38 14 131 -0.437
19 19 138 -0.143
37 16 9 -0.877
12 40 35 1.504
14 43 111 -0.977
40 11 47 -0.183
18 37 73 -0.506
37 19 133 0.722
21 25 28 -0.782
9 27 29 -0.587
33 20 19 -0.334
23 13 0 2.266
36 7 127 -0.742
32 25 95 -0.356
24 14 2 0.504
36 15 133 1.713
37 9 87 0.335
27 28 99 -0.221
26 21 59 -0.085
41 8 49 0.762
35 19 122 -0.256
34 22 133 -0.529
11 20 33 1.477
12 20 69 0.773
11 27 66 -0.869
12 30 33 0.695
26 19 4 -0.750
16 36 75 -0.650
39 13 53 -0.529
36 15 45 -0.220
15 34 69 0.229
41 15 52 -0.595
15 39 75 -1.016
23 16 3 -0.009
27 22 41 -0.341
17 29 100 -0.633
23 26 5 -0.129
32 18 116 -0.745
16 33 37 1.618
13 36 104 -1.050
41 14 83 0.136
18 30 103 -0.834
29 35 60 -1.030
28 22 134 -0.617
23 27 149 -0.848
16 39 140 0.312
12 32 103 4.704
27 19 39 0.644
28 17 80 -0.278
19 21 75 1.982
39 13 48 0.112
41 8 90 0.056
34 21 57 -0.403
11 37 107 -0.985
38 15 124 -0.963
15 19 73 0.415
14 25 71 1.737
30 14 5 -0.055
9 31 108 -0.767
28 33 77 0.284
27 21 115 -0.887
16 34 100 -0.939
20 34 63 -0.237
19 27 64 1.304
36 22 94 -0.368
16 32 68 -0.976
15 25 141 0.254
32 16 134 1.240
19 22 73 -0.208
42 5 12 -0.903
42 14 126 -0.648
39 14 9 -0.104
37 8 124 0.085
43 15 49 -0.617
12 22 67 0.347
38 16 127 0.046
15 30 66 -0.154
27 23 116 -0.494
23 20 38 -0.812
39 18 91 0.267
35 6 82 0.830
18 22 28 -0.278
38 9 56 -0.559
39 11 90 -0.234
31 17 118 -0.508
32 20 117 -0.222
9 44 102 -0.659
36 9 126 -0.569
15 25 73 0.685
30 21 5 -0.982
35 12 89 -0.710
31 17 94 -0.889
36 16 45 -0.452
32 7 7 -0.636
34 19 59 -0.949
38 4 123 -0.737
29 26 21 -0.838
27 16 59 -0.635
21 21 2 0.043
18 34 1 0.176
34 15 10 -0.270
16 25 1 -0.690
12 24 70 0.055
30 19 41 0.260
31 13 117 0.245
16 31 142 4.360
31 17 117 -0.601
39 14 51 0.959
19 31 28 -0.715
34 18 86 -0.879
39 14 55 -0.526
31 16 7 -0.405
11 34 107 -1.007
45 17 51 0.208
27 20 76 -0.662
28 16 42 0.162
16 28 67 -0.798
37 12 53 -0.741
13 36 68 -1.046
30 21 57 -0.830
11 29 102 2.578
31 10 4 -0.155
7 32 65 -0.816
39 15 55 -0.874
42 8 13 -0.417
39 12 123 -0.171
20 21 73 0.152
42 11 17 -0.157
36 8 124 -0.019
15 34 34 -0.606
40 4 12 -0.910
41 14 46 0.219
34 9 9 0.763
35 17 9 0.799
27 27 135 -0.209
42 14 52 0.360
37 11 53 -0.586
22 16 112 2.306
15 32 70 -0.213
5 32 30 -0.930
31 21 6 -0.565
19 33 73 -0.292
31 15 115 -0.695
17 21 141 0.603
23 31 63 -0.972
25 23 79 1.257
11 30 144 5.773
12 37 35 1.816
16 25 64 2.747
23 23 26 -0.061
30 16 116 -0.200
36 19 56 0.078
41 6 16 -0.412
40 9 49 0.119
33 21 96 -0.675
43 7 12 -0.855
14 20 34 0.561
21 18 2 1.439
35 21 132 -0.586
16 33 112 -0.652
12 29 34 -1.066
12 32 66 -0.577
31 18 77 -0.330
37 3 87 -0.983
16 24 37 2.162
21 30 101 2.095
13 30 105 3.090
35 16 95 0.629
15 26 70 0.014
30 19 61 0.936
26 26 44 0.587
33 10 80 -0.017
20 22 63 -1.057
42 8 53 0.599
27 11 4 -0.399
39 17 17 0.321
20 21 2 0.714
31 11 118 0.561
27 16 82 -0.751
25 35 77 0.458
9 33 108 -0.600
14 22 34 0.024
13 30 72 0.361
25 19 99 -0.971
29 21 134 -0.456
39 15 88 -0.114
31 23 42 -0.316
35 23 132 -0.630
23 15 3 0.043
39 12 121 0.013
12 33 68 1.205
14 27 103 6.030
11 35 71 -0.596
34 14 8 0.320
19 26 31 -0.538
13 27 72 0.013
19 26 111 -1.029
40 16 18 -0.637
18 24 141 0.140
40 9 54 -0.905
10 21 67 -0.438
35 9 44 -0.533
11 36 110 -1.062
10 34 145 -0.821
31 23 58 -0.326
31 16 77 -0.141
12 39 32 -0.277
36 10 121 -0.442
40 13 13 0.431
37 9 118 2.075
15 21 29 -0.766
31 24 21 1.172
33 21 6 0.155
37 19 130 -1.037
17 23 73 1.031
34 17 8 0.292
21 28 75 0.524
15 33 142 4.644
30 17 44 -0.079
25 25 24 -0.194
12 32 27 -1.042
33 16 96 -0.243
34 16 20 -0.439
16 36 68 0.346
42 11 54 -0.851
16 27 69 1.490
19 30 65 0.103
39 3 123 -0.926
39 13 51 0.669
32 19 5 -0.319
36 7 18 -0.904
43 13 91 -0.037
36 10 89 -0.626
27 19 116 -0.296
21 27 2 -0.061
41 9 90 0.219
39 19 55 -0.750
40 12 16 0.004
29 11 115 1.021
18 23 74 -0.023
19 20 1 0.590
27 21 98 -0.269
10 33 143 -0.189
10 42 102 -0.661
17 21 1 -0.505
31 14 7 -0.195
16 31 141 0.549
22 29 64 -0.520
38 14 87 -0.306
43 6 50 -0.614
41 11 54 -0.658
19 39 138 -0.602
32 12 8 -0.172
31 19 77 -0.382
19 37 63 -0.067
28 18 42 0.182
11 40 32 -0.479
37 15 89 -0.134
36 14 9 -0.293
38 11 43 0.310
30 18 41 0.290
30 10 117 0.345
10 32 109 0.304
14 22 110 -0.706
31 18 119 -0.687
32 15 58 0.152
21 26 26 0.078
39 6 16 -0.443
41 9 88 -0.555
24 24 136 -0.158
39 1 12 -1.064
37 14 121 -0.619
14 27 75 0.311
35 12 87 0.421
37 6 131 -1.064
25 19 3 -0.078
15 32 72 -0.263
39 9 125 -0.612
36 23 7 0.060
11 20 69 0.249
14 30 105 2.176
14 37 67 -0.290
29 14 5 0.023
18 36 37 -0.873
41 21 55 -0.868
41 7 15 -0.364
25 22 39 0.533
16 31 144 1.340
37 18 6 0.896
22 37 100 -0.509
16 25 143 0.505
42 10 127 0.195
12 38 33 -0.614
21 18 31 -0.618
10 36 106 0.433
35 14 126 -0.632
13 35 33 -0.491
19 28 33 -0.941
33 17 80 -0.454
11 39 30 1.602
17 34 148 -0.394
37 17 19 -0.870
14 30 66 -0.822
41 14 15 0.178
34 8 45 -0.078
15 28 112 -0.645
37 23 19 0.250
13 33 36 0.033
38 15 8 0.173
35 19 118 0.163
25 19 62 -0.221
13 35 69 -0.308
37 15 84 -0.261
36 11 47 -0.974
42 15 125 0.353
43 9 17 -0.184
17 31 37 4.395
13 34 140 -0.691
18 37 148 0.235
24 26 4 -0.866
31 19 136 1.811
26 27 27 0.292
18 17 2 0.893
16 27 28 3.720
13 27 66 0.797
24 30 4 -0.966
9 42 146 -0.850
33 14 56 -0.919
18 20 65 1.118
37 11 13 0.674
25 24 76 0.306
37 8 127 -0.754
18 31 33 -0.822
12 28 68 -1.010
41 13 92 -0.645
32 20 9 0.661
23 30 1 2.210
13 36 35 0.553
31 22 80 -0.221
34 16 119 -0.607
32 18 42 -0.188
32 19 94 -0.840
11 34 35 -0.014
31 26 97 1.357
11 36 32 -0.185
21 27 138 -0.092
14 26 71 1.345
35 8 47 -0.907
31 27 95 0.285
39 12 91 -0.296
38 11 46 -0.145
15 18 1 -0.722
10 30 35 0.023
35 11 47 -0.276
44 6 17 -0.662
20 19 110 0.214
29 36 96 -0.504
35 14 87 0.071
35 11 7 0.084
37 11 132 -0.498
17 35 113 -1.017
35 10 47 -0.342
25 25 38 -0.850
36 25 19 -0.435
16 30 34 -0.491
22 37 62 -0.796
21 11 1 0.226
16 27 142 4.543
35 21 19 0.008
23 33 114 -1.031
40 6 126 -0.651
16 25 110 0.248
24 28 0 -0.836
17 29 103 -0.638
34 13 81 -0.491
31 18 135 1.677
12 24 105 5.558
37 6 86 0.899
40 10 84 -0.320
39 21 19 0.116
13 30 71 -0.030
21 31 149 -0.752
17 31 138 0.634
19 38 138 -0.590
34 8 44 -0.598
16 36 147 -0.940
36 21 95 0.204
33 18 20 -0.141
9 36 102 -0.472
39 10 122 0.305
38 11 9 0.066
36 16 9 -0.927
13 32 35 2.015
26 32 61 -0.552
17 26 69 0.277
16 35 67 -0.752
38 16 47 -0.596
15 33 66 -0.715
31 24 59 -0.496
35 21 94 -0.671
25 19 117 -0.346
40 6 124 -0.246
28 30 136 0.948
43 13 126 -0.902
33 14 47 -0.657
23 34 24 -0.328
33 26 21 0.508
35 16 57 -0.612
29 25 60 3.523
29 17 40 2.387
27 20 117 -0.033
31 20 81 -0.822
22 29 113 -0.111
24 34 62 -1.046
33 18 56 -0.817
39 11 83 0.629
34 5 44 -0.687
22 23 25 0.419
36 20 19 -0.405
37 14 93 -0.924
21 32 65 -0.603
14 32 144 2.134
39 6 89 -0.547
42 12 49 -0.523
13 32 106 -0.907
38 20 120 -0.308
25 31 24 -0.881
34 12 117 0.385
44 7 126 0.032
25 11 82 -0.807
11 27 35 0.605
12 30 143 0.913
33 18 91 -0.743
14 23 71 1.294
40 9 14 -0.290
16 25 34 0.684
38 11 121 -0.363
15 28 142 4.617
38 20 84 -0.673
18 24 75 1.739
19 21 63 -1.078
19 36 63 -0.532
29 13 116 -0.471
27 29 23 -0.738
18 20 27 -0.923
33 15 80 0.001
18 26 26 -1.021
10 29 65 -0.632
42 5 46 -0.629
18 26 140 -0.043
40 6 15 -0.398
12 27 145 -0.966
14 37 149 -0.907
27 29 39 -0.920
24 16 114 3.723
19 23 73 0.467
16 37 72 -0.156
35 17 57 -0.378
18 28 104 -0.068
32 14 58 0.178
18 30 73 -0.776
24 25 4 -1.039
11 43 147 -0.830
39 7 13 -0.094
12 33 36 0.056
18 25 69 0.323
16 36 36 1.378
19 21 73 0.526
34 19 97 2.752
18 38 148 0.037
17 23 27 -0.940
27 26 99 -0.433
29 18 116 0.121
32 24 42 2.172
19 31 65 1.388
41 13 127 -0.374
31 23 133 -0.926
31 17 79 -0.021
43 9 52 -0.244
37 10 121 -0.762
40 12 10 0.332
19 23 65 0.028
15 33 104 -0.487
27 16 61 2.144
12 29 27 -1.054
32 23 43 0.484
42 3 12 -0.834
39 6 48 0.001
35 14 131 -0.837
21 18 75 -0.415
30 22 44 -0.379
27 24 42 -0.195
42 15 49 -0.095
28 19 4 -0.399
37 7 123 -0.638
42 20 130 -0.078
31 7 7 -0.237
28 24 98 -0.335
18 28 113 -0.261
32 14 9 0.230
34 17 133 0.664
33 11 44 -0.543
34 26 60 3.120
41 8 124 0.109
36 19 7 -0.503
16 26 1 -0.269
10 34 32 0.485
42 13 49 -0.839
18 33 27 0.078
35 19 94 -0.682
32 9 45 -0.942
21 19 0 2.119
40 14 54 -0.494
39 9 84 -0.143
36 13 121 -0.614
16 28 28 0.806
28 26 21 -0.978
30 21 43 -0.736
26 25 100 -0.632
41 15 126 -0.609
38 18 80 0.121
40 14 13 0.456
25 33 77 0.729
20 23 149 -0.278
15 25 64 2.939
18 32 102 -0.052
37 17 8 -0.125
13 29 66 -0.460
24 35 77 -0.531
16 30 141 -0.262
11 36 106 -0.637
35 19 93 -0.742
33 18 94 -0.826
34 17 117 -0.710
15 29 141 -0.140
33 14 80 -0.576
39 5 131 -0.889
20 28 73 -0.794
34 21 133 -0.604
30 21 40 0.459
29 24 41 0.425
41 15 18 -0.609
32 14 80 -0.431
13 39 106 -0.363
35 15 122 -0.340
38 15 91 -0.202
39 14 131 -0.665
32 27 95 0.315
30 22 134 1.269
20 26 111 -0.958
15 26 34 0.605
13 27 140 0.529
11 33 70 2.872
17 22 31 -0.138
17 38 68 -0.895
22 23 139 0.119
38 13 51 0.700
23 32 26 -0.692
39 14 88 -0.115
36 12 50 -0.302
9 33 29 -0.621
31 18 134 0.105
12 40 72 -0.613
25 27 79 1.241
33 12 20 0.048
18 25 38 0.447
22 23 112 1.321
26 19 39 0.518
21 16 0 0.456
15 34 102 -0.208
38 12 92 -0.782
23 29 63 0.391
30 18 21 1.154
30 25 94 -1.018
25 27 24 1.598
30 19 42 -0.538
39 16 84 -0.795
18 31 65 -0.025
10 35 109 0.183
14 30 104 -0.706
13 36 33 -0.490
42 7 51 -0.860
12 39 70 1.204
37 17 92 -0.811
11 34 109 0.283
24 29 60 -1.042
12 42 72 -0.677
29 21 41 -0.669
29 18 115 -0.697
36 11 124 0.510
34 10 7 0.035
36 5 82 0.880
28 14 116 0.896
29 28 62 -0.088
28 17 4 -0.538
37 9 56 -0.687
10 41 146 -0.716
14 32 34 -0.869
16 31 32 0.457
22 26 4 -0.968
28 21 97 -0.972
42 10 129 -0.554
11 34 110 -1.039
20 22 1 0.607
31 16 5 -0.029
30 28 21 -0.989
11 41 30 -0.922
12 22 34 0.552
22 33 114 -1.045
38 10 8 0.429
25 21 116 -0.452
14 32 74 0.799
38 8 85 0.183
12 39 35 1.563
41 7 16 -0.231
37 16 80 0.359
16 24 28 1.409
18 27 110 -0.641
10 41 109 -0.284
13 38 30 0.661
32 5 82 -0.902
31 17 40 0.148
15 33 141 -0.818
34 18 21 -0.009
34 22 95 0.065
29 31 98 -0.210
35 14 80 0.133
19 31 101 0.249
14 22 106 1.710
35 23 57 0.172
29 19 115 -0.602
20 24 76 0.001
21 13 138 2.096
28 26 39 -0.462
17 26 38 -0.161
34 0 82 -0.423
35 17 10 -0.270
43 16 52 0.409
17 33 139 -0.511
22 26 149 -1.006
26 19 78 -0.713
18 21 73 2.476
14 28 104 0.130
33 23 95 -0.350
17 30 144 -0.406
18 19 34 -0.286
16 21 33 0.859
21 29 26 -0.703
38 8 123 -0.735
13 37 109 -0.791
16 37 142 -0.436
38 11 93 -0.927
17 33 65 1.585
36 20 6 2.073
32 15 44 -0.212
13 21 71 1.883
30 21 117 -0.456
35 10 7 -0.477
23 35 137 -0.950
22 36 63 -1.009
37 10 47 -0.746
42 13 127 -0.897
24 25 136 -0.771
41 15 47 -0.607
30 22 98 1.657
18 19 73 2.064
14 32 103 3.220
42 6 12 -0.818
32 24 6 0.080
40 10 52 -0.455
11 29 105 1.692
31 21 120 -0.635
21 36 64 -0.855
26 29 135 -0.984
21 19 112 0.679
43 9 14 -0.534
38 12 84 -0.240
38 20 122 -0.678
40 13 55 0.277
32 23 134 0.345
16 32 141 -0.517
13 33 143 -0.539
32 13 10 -0.379
26 17 5 1.355
9 39 35 -1.025
37 8 12 0.909
20 25 25 0.809
13 37 29 -0.086
40 8 16 -0.420
23 28 100 0.842
15 33 27 -0.859
10 41 72 -0.815
43 7 14 -0.567
42 9 88 0.529
15 34 0 -1.050
34 12 123 -0.394
38 9 90 -0.645
36 23 120 0.176
29 25 23 -0.293
12 35 32 0.429
16 31 37 0.188
13 31 33 -1.059
18 16 2 0.209
37 7 86 -0.802
39 14 91 -0.416
28 16 116 0.764
29 28 135 0.061
35 10 46 -0.294
13 32 147 -0.276
42 19 125 -0.148
25 16 2 0.118
38 10 91 -0.139
34 22 19 -0.304
28 25 60 0.805
41 14 50 1.139
37 20 56 0.510
13 26 103 1.389
32 14 81 -0.702
34 15 83 -0.777
30 22 118 -0.802
28 19 59 -0.205
12 38 145 0.165
15 25 104 1.688
39 15 10 0.557
16 24 31 0.760
10 32 146 -0.828
42 6 13 0.015
14 38 74 -0.799
29 30 135 -0.076
36 12 20 -0.729
37 18 133 1.034
24 21 25 -0.032
35 16 94 -0.788
19 29 137 0.389
35 7 127 -0.783
36 14 134 0.236
24 27 78 -0.363
23 26 24 -0.173
32 23 22 2.818
39 13 128 -0.581
31 26 59 -0.334
33 15 7 0.415
12 31 70 0.472
38 23 56 0.194
42 3 46 -0.807
29 13 117 -0.780
14 31 69 -0.692
23 24 25 0.947
14 29 111 -0.123
38 7 123 -0.769
37 8 131 -0.913
19 22 1 0.655
18 17 138 -0.275
31 21 98 0.591
9 34 108 0.818
13 34 105 1.474
24 15 76 1.732
35 3 84 -0.388
19 27 2 -1.011
28 21 116 0.240
42 13 125 0.274
11 28 144 6.021
24 29 139 -0.641
13 20 68 -0.575
32 26 21 0.949
19 20 34 -0.136
39 10 14 0.932
24 19 99 -0.963
35 21 20 -0.076
34 10 121 -0.808
10 38 35 -0.906
14 33 30 -0.750
15 40 113 -0.957
40 13 45 0.448
18 32 101 -0.199
23 19 138 1.499
23 35 23 -0.922
44 12 16 0.078
14 35 66 -0.147
14 38 143 -0.287
36 18 80 -0.489
39 15 51 0.733
31 18 79 0.914
15 35 137 -0.635
32 14 97 -0.339
20 36 63 -0.222
24 22 38 0.938
23 36 114 -0.953
35 22 7 -0.237
20 24 75 0.473
20 30 27 0.576
35 16 83 -0.704
18 26 113 -0.351
19 26 73 0.534
31 19 44 -0.310
19 29 76 -0.181
15 19 69 1.499
26 25 61 -0.653
31 23 22 1.469
40 4 46 -0.696
13 38 147 0.320
18 32 104 0.418
39 12 89 0.289
16 32 113 -1.023
28 24 39 -0.387
20 7 0 0.341
35 23 19 -0.121
37 16 45 0.069
39 8 50 1.543
40 17 17 -0.189
16 27 65 2.517
19 22 26 -0.118
36 12 45 0.243
42 17 52 0.367
15 26 145 -0.937
37 14 92 -0.698
37 17 121 -0.594
38 10 11 -0.018
28 27 62 -0.565
15 34 103 0.511
16 29 29 -1.012
31 15 81 -0.895
30 15 21 1.169
11 27 144 4.167
23 25 76 0.494
18 30 26 -0.592
13 26 70 -0.499
15 22 34 0.745
37 12 120 -0.521
40 14 18 -0.730
32 20 81 -0.469
35 7 7 -0.662
26 20 78 -0.291
40 9 51 -0.879
26 14 5 1.562
13 35 142 4.363
38 12 10 0.696
13 42 32 -0.815
25 26 25 2.913
16 26 113 -0.865
43 7 51 -0.934
39 7 124 -0.305
32 13 96 -0.533
24 11 116 -0.359
24 15 114 2.982
16 33 147 -0.915
32 21 118 0.152
40 11 129 -0.815
38 6 18 0.020
30 18 40 0.157
12 39 145 -0.568
35 16 81 0.431
33 20 118 -0.035
37 16 131 -0.993
23 11 1 -0.610
11 31 109 0.273
40 11 91 -0.030
38 15 57 -0.880
41 8 127 -0.670
27 20 40 2.018
14 37 33 -0.280
38 11 51 0.414
40 19 55 0.073
14 20 73 0.286
37 16 17 0.539
10 32 102 2.191
42 9 46 -0.792
21 24 139 -0.659
23 25 135 -0.650
21 24 111 -0.904
17 36 69 -0.616
41 14 52 -0.530
37 9 15 -0.600
30 27 41 0.224
36 9 10 0.595
20 26 138 1.702
29 16 115 0.482
13 31 145 1.005
20 20 73 -0.590
16 36 137 -0.438
9 39 107 -0.973
40 5 16 -0.584
45 16 51 -0.213
27 30 60 -0.765
26 25 98 -0.010
9 31 106 -0.815
43 5 14 -0.761
18 32 1 0.269
17 27 112 -0.253
10 43 109 -0.921
17 31 36 2.635
37 25 132 0.181
31 18 22 0.584
22 38 114 -0.936
40 13 126 -0.605
10 38 107 -0.996
30 25 98 0.782
37 14 54 -0.703
18 33 137 -0.355
12 32 32 0.462
17 31 75 -0.806
40 18 130 -0.846
20 29 101 -0.203
37 4 131 -1.041
17 33 72 -0.859
40 13 128 -0.089
29 15 44 0.025
9 42 109 -0.221
38 9 45 0.143
39 4 12 1.165
34 24 6 1.461
35 19 96 -0.326
32 21 96 -0.714
30 0 82 -0.957
21 34 64 -0.626
34 17 10 0.439
28 20 97 -0.766
22 20 62 -0.908
42 16 88 0.416
29 21 59 0.285
43 11 126 -0.834
24 27 136 -0.590
15 41 75 -1.026
17 15 73 1.867
35 16 56 -0.302
33 24 59 -0.333
41 7 46 -0.712
17 32 140 -0.376
11 37 109 -0.240
29 35 96 -0.459
16 25 31 -0.324
40 10 55 0.449
11 39 109 -0.520
23 29 113 -0.046
31 21 97 2.266
16 25 27 -0.914
40 11 86 1.145
20 25 2 -0.011
37 16 18 -0.697
27 28 25 -0.650
28 31 115 -0.990
28 25 44 -0.873
42 11 11 -0.460
34 15 96 0.112
31 28 43 -0.544
23 34 23 -0.827
16 35 106 -0.268
14 34 112 -0.689
32 13 117 -0.661
29 28 59 -0.655
16 24 64 4.637
14 30 68 0.511
26 16 3 0.516
27 16 78 -0.448
38 17 128 -0.522
43 12 52 0.558
19 33 1 -0.639
37 18 121 -0.887
38 8 48 0.429
12 39 143 -0.134
30 20 43 -0.667
15 31 148 -0.290
29 19 23 -0.363
15 31 71 0.558
17 24 73 2.885
27 22 62 0.926
27 29 21 -0.994
11 35 105 -0.420
32 27 58 -0.646
8 37 102 -0.355
23 35 77 -0.579
44 12 88 -0.553
29 22 41 0.352
9 28 102 1.120
37 11 54 -0.770
41 10 49 0.422
36 18 122 -0.357
38 17 8 0.539
29 16 5 -0.302
14 32 71 0.462
23 25 100 0.144
10 41 71 -0.905
37 12 45 0.297
41 9 83 0.131
38 18 86 -0.856
15 34 148 0.439
41 6 127 -0.504
31 25 21 1.522
11 35 32 -0.063
20 20 75 -0.251
29 28 116 -0.850
40 16 86 -0.156
42 10 18 -0.748
35 2 85 -0.986
16 26 31 0.017
19 26 64 -0.200
39 10 86 -0.164
19 19 31 -0.456
39 12 11 -0.214
26 23 42 -0.306
41 14 48 -0.760
37 16 94 -1.010
14 34 72 0.753
24 26 62 -0.623
17 30 143 -0.073
30 22 41 0.353
37 18 48 -0.591
40 6 12 1.070
41 9 86 0.042
36 17 89 -0.415
42 8 50 0.322
36 6 45 -0.200
23 25 63 -0.082
39 19 88 -0.162
27 22 117 -0.176
39 17 132 -0.832
19 27 28 0.772
27 27 41 -0.788
39 15 47 -0.142
14 27 145 -0.714
20 24 138 1.443
31 20 44 0.016
42 9 92 -0.908
36 18 93 -0.701
20 24 27 2.270
7 32 102 -0.700
12 31 107 -0.365
40 16 10 0.389
13 36 149 -0.184
17 29 144 1.074
40 11 127 -0.431
34 4 82 0.150
23 24 101 2.664
15 31 141 -0.755
38 13 15 -0.114
28 15 22 0.404
32 21 41 1.144
37 21 56 0.099
13 32 67 0.062
28 21 117 -0.903
14 29 142 1.910
21 21 26 -0.303
33 20 6 0.725
38 12 129 -0.925
9 38 109 -0.111
35 13 126 -0.592
34 22 7 0.283
18 21 147 1.061
22 37 99 -0.802
27 26 115 -1.019
40 8 124 -0.019
36 14 45 -0.370
40 7 125 -0.545
29 31 96 -0.661
39 7 15 -0.272
32 23 98 -0.916
42 11 13 -0.052
11 34 69 -0.234
39 10 88 -0.705
24 38 114 -0.909
29 28 22 -0.927
43 13 52 0.601
31 21 44 -0.126
30 25 41 -0.202
35 20 19 -0.516
12 39 30 0.160
13 35 32 0.428
25 16 137 0.189
0 49 108 -1.008
18 28 1 -0.271
28 25 59 0.255
41 13 123 -0.228
34 20 20 -0.567
13 34 109 -0.653
14 28 70 0.059
22 25 24 1.024
37 13 124 0.528
42 8 16 0.179
30 15 22 -0.049
16 23 34 1.216
38 8 51 0.018
11 39 66 2.747
23 25 28 -0.369
31 18 118 -0.037
18 37 64 -0.005
18 27 31 -0.464
41 5 88 0.186
43 19 130 -0.540
27 24 41 -0.949
38 8 13 -0.277
13 39 66 -0.394
37 13 87 -0.257
15 23 103 2.632
37 10 9 -0.064
31 19 120 -0.620
35 14 120 -0.826
35 14 124 -0.077
33 21 21 -0.125
33 14 45 -0.873
28 27 79 0.940
35 10 49 -0.865
36 6 84 -0.469
36 16 120 -0.816
15 26 146 0.808
13 25 107 0.883
15 36 148 -1.081
24 25 135 -0.729
42 6 90 -0.243
40 8 47 -0.314
42 4 12 -0.727
23 28 79 -0.959
27 27 23 -0.908
35 21 133 0.878
19 28 28 -0.638
23 26 2 0.427
32 20 43 0.970
42 4 17 0.621
16 27 70 -0.426
39 11 124 -0.916
14 26 142 1.402
10 40 72 -1.066
32 19 81 -0.502
15 18 74 0.793
27 20 39 1.056
15 33 69 -0.787
41 10 15 -0.693
38 5 7 -0.569
14 33 71 0.003
37 13 7 -0.723
36 11 10 1.466
13 33 139 -1.023
15 36 103 1.658
36 17 57 -0.153
39 9 47 -0.936
20 23 2 0.114
20 35 138 -0.726
26 30 25 -0.811
11 34 30 0.118
30 14 77 0.995
42 13 51 0.803
14 30 149 -0.974
30 28 60 2.888
29 24 60 1.995
28 27 134 -0.421
34 9 80 -0.140
40 17 11 -0.179
22 30 38 -0.996
32 22 97 0.374
31 13 5 -0.371
12 32 67 -0.188
38 11 10 0.497
40 15 53 0.403
39 17 131 -0.053
13 26 36 4.014
23 36 62 -0.767
25 22 59 -0.101
11 31 34 -0.707
12 28 107 -0.173
15 28 104 -0.050
15 30 141 -0.895
18 29 144 -0.597
11 31 102 1.114
19 23 34 -0.103
45 11 126 0.212
39 18 93 -0.927
19 29 104 0.324
26 24 5 0.604
26 24 63 -0.454
17 26 27 -0.216
29 26 40 -0.760
17 28 27 -0.517
16 28 141 2.096
38 13 129 -0.271
23 25 26 -0.688
38 12 18 -0.580
35 20 94 -0.360
29 17 118 0.124
17 25 28 -0.269
12 30 71 0.111
29 23 115 -0.705
17 18 34 0.987
23 27 37 -0.601
20 23 0 -0.452
22 33 79 -0.996
39 5 14 -0.932
21 28 25 0.729
39 7 49 0.367
34 6 119 0.521
26 17 3 0.622
30 27 60 2.872
18 23 73 3.259
9 34 102 -0.509
39 14 10 0.332
13 33 68 0.178
16 33 67 -0.645
15 28 75 0.143
16 31 104 0.382
40 18 53 -0.365
23 27 139 -0.579
43 14 49 -0.059
18 22 141 0.417
38 16 84 -0.726
41 14 17 -0.831
26 29 114 0.605
41 13 128 -0.387
10 37 30 -0.574
37 13 45 -0.022
22 24 2 0.497
14 39 142 -0.744
25 21 99 -0.734
29 16 43 -0.792
40 5 46 -0.711
18 29 27 -0.360
31 11 4 0.618
29 22 97 -1.055
42 5 17 0.707
13 33 107 -0.349
31 26 58 -0.350
14 36 71 0.031
16 31 112 -0.629
40 6 16 -0.613
33 20 132 -0.747
12 33 147 -0.119
14 24 106 1.859
36 8 84 -0.178
30 34 60 -1.078
40 8 14 -0.377
25 33 24 -0.762
24 23 136 -0.503
18 28 68 -0.782
29 25 59 0.060
40 12 130 -0.533
23 29 62 -0.149
9 33 32 -0.592
37 12 13 -0.742
15 25 103 5.622
16 32 142 -0.263
14 22 103 5.306
14 37 66 -0.870
16 37 100 -0.907
13 37 36 1.657
42 1 46 -0.743
40 6 91 -0.930
12 35 104 0.006
13 27 35 2.699
42 8 17 -0.015
32 18 79 -0.830
30 16 79 -0.361
28 22 136 0.480
27 21 82 -0.537
24 32 24 -0.662
31 22 118 -0.887
12 30 147 -0.318
25 24 5 0.564
19 28 0 -0.046
25 34 24 -0.568
11 30 109 0.390
19 28 111 -0.979
35 3 7 -0.374
29 20 61 2.685
41 14 92 -0.866
23 20 3 -0.436
21 35 64 0.449
17 23 34 0.549
34 15 56 -0.904
33 26 59 -0.791
29 27 115 -1.030
15 32 148 -0.923
12 32 109 0.593
13 35 29 -0.343
37 24 121 -0.430
30 19 5 -0.921
15 26 141 -0.212
26 27 42 -0.301
35 17 119 -0.501
30 24 43 -0.871
36 7 85 -0.770
26 19 5 1.443
30 20 40 0.561
17 25 104 0.191
13 34 68 0.342
41 8 15 -0.632
25 30 25 1.758
12 34 143 2.056
17 21 31 -0.513
37 16 54 -0.700
28 22 39 -0.871
39 15 84 -0.598
34 18 42 1.145
26 30 135 -0.854
38 10 49 0.347
28 29 136 1.324
34 17 119 -0.586
39 17 122 -0.479
29 18 117 -0.591
26 26 63 -0.126
41 8 51 -0.589
7 33 102 -0.507
12 29 72 0.069
38 15 121 -0.630
34 9 119 -0.454
12 37 72 -0.348
14 39 32 -0.842
15 23 74 0.924
39 16 129 -0.783
31 14 96 -0.948
13 35 34 -0.748
24 28 99 -0.863
19 29 38 0.324
20 26 64 -0.207
40 10 89 -0.300
28 23 23 -0.433
39 10 47 -0.402
25 25 3 0.190
37 8 18 -0.591
40 8 51 -0.448
12 32 107 -0.414
35 18 56 0.130
28 22 23 -0.656
36 16 83 -0.878
35 14 57 -0.956
35 22 6 0.774
37 15 45 -0.138
16 21 31 0.338
11 31 106 1.375
35 20 6 -0.964
39 11 93 -0.973
24 12 1 2.889
7 33 108 0.167
27 24 99 -0.435
19 32 65 2.299
16 24 111 -1.007
35 12 49 -0.088
26 29 60 -0.990
29 24 135 2.725
13 39 105 0.624
14 33 36 2.903
19 26 63 -0.552
34 24 133 -0.545
37 8 47 -1.060
14 33 69 -0.678
36 21 6 1.287
37 13 93 -1.021
19 22 148 0.319
28 14 117 -0.904
20 29 113 -0.486
36 9 130 -0.065
42 13 129 -0.252
25 27 114 -0.372
17 34 33 -0.950
39 17 54 -0.335
17 22 74 -0.263
42 8 88 0.084
20 18 27 -0.305
31 20 57 -0.779
27 21 24 1.860
36 7 48 -0.301
31 18 120 -0.593
16 32 100 -0.697
22 26 38 -0.858
42 8 127 1.018
29 27 135 1.890
35 22 20 0.467
39 7 121 -0.133
41 9 15 -0.794
43 12 49 -0.108
26 20 98 -0.289
28 30 23 -0.125
31 22 6 -0.251
19 21 74 -0.030
29 20 79 -0.600
14 37 32 -0.771
42 11 127 -0.173
11 29 69 -0.757
37 12 49 -0.922
20 18 139 1.477
23 14 3 0.112
34 20 10 -0.810
12 33 67 -0.646
31 20 40 -0.185
11 37 71 -0.959
32 22 116 -0.889
21 30 26 -0.783
18 20 141 0.551
21 30 149 -0.949
37 12 127 0.281
18 28 64 1.466
32 22 80 -0.272
12 21 71 1.250
33 21 19 -0.288
13 27 103 0.641
29 13 118 -0.379
32 13 81 -0.522
32 22 6 -0.097
36 7 84 -0.402
11 40 65 -1.045
42 16 53 -0.721
12 38 67 -0.995
21 20 0 0.381
12 32 145 0.143
43 7 53 0.887
28 29 60 -0.650
14 34 71 0.363
15 32 103 2.096
13 36 69 -0.728
17 28 103 -0.957
13 33 145 -0.788
41 14 129 -0.709
13 22 33 2.077
34 20 6 -0.031
32 10 119 -0.766
36 16 19 -0.634
24 29 135 -0.654
38 20 56 0.092
37 3 13 -0.649
25 31 79 -0.739
15 27 74 -0.196
40 11 128 -0.826
18 21 27 -0.921
42 18 91 -0.622
42 7 17 0.800
39 13 14 1.034
36 18 133 0.723
23 24 4 -0.842
36 14 57 -0.765
38 14 86 0.443
22 23 149 -0.401
42 14 128 -0.274
40 16 55 -0.670
40 12 83 0.140
26 19 76 -0.201
14 19 34 0.622
13 31 67 -0.422
20 28 27 1.206
13 37 139 -0.994
39 10 126 -1.090
25 24 59 -0.317
42 16 51 1.061
30 26 98 -0.706
15 36 36 1.032
30 19 134 -0.614
40 12 86 -0.092
12 36 67 -1.044
13 32 141 -0.418
37 8 85 -1.051
40 9 16 -0.342
21 12 0 1.626
15 29 75 -0.851
12 33 105 2.386
28 16 61 3.411
15 35 74 -0.807
24 28 1 2.358
39 13 131 -0.723
39 10 49 -0.393
20 21 138 0.770
31 28 94 -1.027
27 25 99 -0.382
27 23 42 -0.037
39 14 92 -0.686
36 17 45 -0.125
36 21 120 -0.095
11 39 104 -0.448
42 14 50 1.397
27 30 62 -0.067
16 29 27 -0.839
31 15 120 -0.427
24 38 62 -0.696
35 12 85 -0.918
38 11 56 -0.411
14 32 70 -0.524
11 37 146 -0.590
43 11 90 0.552
30 11 44 0.491
19 27 3 0.966
28 19 120 -0.669
25 23 61 -0.789
37 21 6 1.378
37 16 87 -0.136
14 35 140 -0.019
40 8 49 -0.513
35 24 7 -0.301
36 17 8 -0.427
43 7 126 0.292
16 27 144 0.945
13 32 140 -0.091
37 9 123 -0.835
32 16 41 1.508
23 12 1 1.562
14 31 74 0.830
25 25 100 0.139
34 23 133 -1.039
31 19 94 -0.932
33 19 19 -0.386
40 15 85 0.197
41 11 52 -0.800
37 16 121 -0.784
16 28 70 -0.491
25 34 62 -0.639
28 12 44 -0.203
17 25 34 -0.080
21 28 79 -0.977
41 9 129 -0.281
41 3 12 -0.706
20 23 1 1.396
34 24 19 -0.199
14 28 140 1.349
22 27 37 -0.558
19 34 73 -0.411
13 28 141 0.993
28 20 60 -0.615
29 15 22 0.710
18 29 111 -0.751
15 30 36 1.591
22 26 113 0.015
12 37 106 -0.662
17 33 33 -0.373
38 10 52 -0.759
31 14 79 0.236
40 14 129 -0.827
11 32 32 -0.287
23 16 1 3.047
37 15 120 -0.334
14 31 34 -0.597
27 29 115 -0.965
14 23 107 -0.684
38 12 85 0.062
19 25 139 0.620
30 14 117 1.128
23 27 0 -0.633
31 19 81 -0.805
21 25 101 1.418
32 23 44 -0.314
21 17 138 2.353
35 19 7 -0.066
37 14 55 -0.307
12 43 147 -0.848
24 13 1 2.821
26 25 78 -0.313
44 6 52 0.257
21 30 77 -0.541
31 12 118 0.486
13 39 68 0.149
11 26 71 -0.056
22 37 23 -0.902
33 4 123 -0.829
25 32 114 -0.232
39 10 123 -0.559
34 16 10 0.534
18 30 68 -0.700
33 19 58 -0.232
27 19 61 2.752
27 30 79 -0.727
26 27 114 0.483
13 41 66 -0.089
38 16 48 -0.549
38 8 129 -0.526
23 26 3 -0.371
19 36 138 -0.455
39 7 91 -0.557
43 10 13 -0.290
34 22 20 -0.340
26 22 137 0.389
24 30 99 -0.562
40 12 54 -0.664
24 17 0 1.708
29 27 60 3.086
38 9 129 -0.813
30 27 22 0.533
14 32 141 1.476
18 25 27 -0.936
34 8 8 -0.338
36 10 47 -1.005
32 5 119 -0.777
17 29 28 -0.750
12 37 69 -0.376
38 12 87 -0.382
36 20 57 -0.179
23 25 24 -0.595
26 26 60 -0.894
39 13 89 0.796
28 14 5 -0.164
20 18 110 -0.141
33 14 44 0.200
13 33 102 2.288
16 23 70 -0.103
31 28 22 -0.904
38 10 9 0.547
24 25 139 0.767
37 16 91 -0.803
40 12 88 -0.146
36 15 57 -0.591
13 30 106 3.009
14 34 32 4.641
34 20 9 0.574
27 27 79 1.169
41 17 88 -0.344
35 9 45 0.299
18 24 69 -0.361
44 14 129 0.080
36 5 85 -0.837
40 15 46 0.435
34 18 8 0.211
39 8 51 0.320
15 31 38 -0.591
38 19 8 -0.345
23 23 62 -0.825
39 10 91 -0.871
32 22 42 1.511
14 40 112 -0.731
33 19 134 1.657
28 24 97 -1.076
43 10 15 -0.611
39 16 128 -0.362
23 37 114 -0.908
13 27 107 -0.251
35 16 122 -0.326
36 23 83 -0.854
12 40 105 0.588
15 34 67 -0.591
22 25 39 -0.406
17 24 149 -0.119
37 24 95 0.103
16 32 102 -0.273
15 25 74 -0.173
18 23 0 -0.019
20 24 113 -0.035
37 13 92 -0.777
8 39 102 -0.822
37 9 127 -0.708
38 18 57 -0.965
13 24 29 -0.915
29 9 79 0.598
33 11 84 -0.404
22 37 78 -0.770
17 22 28 -0.139
39 10 54 -0.531
21 20 112 2.714
41 12 15 -0.676
40 12 131 -0.659
26 27 99 -0.373
18 34 37 1.818
19 31 27 1.092
26 11 4 -0.069
26 22 135 -0.679
14 27 31 0.960
30 16 41 0.194
16 35 72 -0.322
11 36 72 -0.855
38 15 56 0.637
39 18 122 -0.510
15 32 110 -0.987
18 30 37 -0.066
36 9 7 -0.442
16 25 28 1.702
25 26 136 -0.489
26 13 3 0.056
18 25 63 -0.498
40 18 11 0.144
16 24 68 0.215
28 20 59 -0.055
19 30 73 -0.883
25 31 60 -0.885
41 9 50 0.802
26 21 4 -0.363
25 30 24 -0.613
34 9 126 -0.740
28 33 96 -0.571
22 20 27 0.095
36 12 89 -0.571
39 11 86 -0.102
23 31 78 0.340
23 14 0 2.062
10 37 146 -0.723
33 17 42 0.456
17 30 38 -0.263
28 22 77 0.662
12 34 27 -1.054
32 21 133 0.135
39 5 11 -0.511
29 27 136 0.261
40 7 86 -0.761
23 28 5 -0.119
10 29 72 -0.118
12 39 72 -0.011
28 31 135 0.058
32 21 58 0.143
38 20 94 -1.007
35 17 19 -0.230
10 34 66 -0.469
19 36 73 -0.364
39 16 94 -1.037
1 47 108 -1.035
41 5 13 0.705
20 26 65 -0.176
40 3 16 -0.516
32 27 133 -0.923
12 36 140 -0.965
12 31 34 -0.889
38 13 13 -0.702
23 21 63 -1.041
38 7 48 -0.036
13 30 103 3.524
34 17 20 -0.696
31 21 42 0.443
14 41 32 -0.820
34 17 9 0.947
37 2 7 -0.690
24 31 99 -0.643
43 10 91 -0.324
34 25 119 -0.887
27 22 99 -0.264
16 33 103 -0.709
18 31 38 0.190
34 18 57 0.004
37 17 17 0.548
37 17 56 0.181
12 41 147 -0.787
34 9 8 -0.318
35 13 56 -0.938
16 19 74 1.186
16 32 105 0.403
24 26 99 -0.637
31 19 22 -0.314
18 28 139 -0.530
40 16 53 -0.266
39 8 52 -0.759
12 31 72 0.303
31 12 117 0.913
20 23 25 0.267
37 19 93 -0.959
37 13 80 0.069
24 26 76 1.864
25 25 61 -0.086
41 13 54 -0.822
20 25 26 0.105
11 21 105 3.317
28 19 118 0.213
13 36 72 0.883
14 29 36 4.856
15 42 147 -0.597
21 26 63 -0.239
17 42 137 -1.030
13 37 104 -1.051
29 19 40 2.680
13 37 66 -0.691
32 17 5 -0.276
37 20 130 -0.996
30 23 43 -0.589
31 18 80 -0.318
16 33 148 0.515
13 29 146 4.165
15 27 142 1.310
25 29 24 -0.729
13 21 33 2.401
19 23 111 -0.955
22 15 1 -0.110
28 18 61 3.394
14 36 66 -0.845
40 8 127 -0.015
14 31 146 0.127
14 33 111 -0.090
24 17 137 0.006
10 39 30 -0.791
26 17 44 0.008
33 5 82 -0.118
31 17 80 -0.405
29 36 60 -1.059
20 24 2 -0.427
38 7 13 0.031
42 12 14 0.280
35 7 45 -0.185
8 28 108 -0.639
39 10 131 -0.859
31 15 21 0.433
31 13 81 0.355
26 20 116 -0.426
38 22 132 0.036
43 9 16 0.033
35 8 87 -0.973
43 13 16 0.345
26 20 39 0.471
34 21 119 -0.892
12 33 109 -0.621
39 12 126 0.295
34 9 121 -0.866
6 34 108 -1.016
16 34 141 -0.832
10 35 108 -0.790
38 3 12 -1.032
24 9 78 -0.626
29 24 59 -0.082
38 16 11 -0.496
20 29 75 0.669
37 19 92 -0.435
30 29 60 1.353
25 32 77 0.693
39 22 83 -0.861
16 34 103 0.813
36 1 82 -0.357
14 34 36 1.782
17 30 37 1.356
36 7 7 0.698
38 10 87 0.257
13 39 112 -0.703
18 27 113 -0.730
40 11 126 -0.581
38 15 45 -0.610
20 34 64 -0.627
25 26 5 0.572
29 14 117 -0.813
35 16 87 -0.646
19 28 100 -0.191
14 32 68 -0.446
41 4 15 -0.061
15 33 67 0.472
14 35 33 1.359
34 20 80 -0.574
39 17 55 -0.861
30 28 96 -0.473
23 32 100 0.754
31 28 97 0.267
27 29 135 0.699
42 11 49 -0.696
15 35 34 -0.581
26 23 24 2.467
25 30 4 -0.994
12 38 146 1.346
17 20 73 0.788
44 9 52 -0.818
16 34 66 -0.569
25 21 38 -0.806
25 21 135 -0.161
23 37 63 -0.996
22 29 24 -0.423
42 7 16 0.260
39 13 15 -0.116
40 13 54 -0.472
27 30 25 0.891
18 16 73 1.847
30 14 40 1.769
39 11 130 -0.207
26 27 41 -0.703
38 17 80 0.344
45 14 129 0.019
33 12 81 -0.398
35 11 87 -0.927
10 29 67 -0.508
38 6 50 1.501
30 20 44 -0.366
13 30 102 1.417
32 16 44 -0.079
22 32 78 -0.868
21 30 27 0.177
36 9 8 -0.197
12 32 33 1.380
15 37 144 2.255
36 7 118 0.434
16 27 37 2.129
11 30 143 3.209
39 16 93 -0.913
19 24 64 1.010
24 24 61 -0.043
14 37 36 -0.111
37 22 6 1.451
34 15 80 -0.438
37 21 133 1.518
15 22 74 1.129
16 34 65 1.714
40 8 12 -0.217
29 27 39 -0.789
14 32 67 -0.157
36 15 89 -0.572
16 35 103 -0.390
27 23 44 -0.736
38 9 86 0.900
41 3 15 0.449
40 5 84 -0.028
32 6 119 -0.658
13 38 145 -0.355
23 35 24 -0.031
41 13 46 -0.118
36 19 134 0.507
36 11 9 1.063
13 35 65 -0.814
32 11 8 -0.566
37 15 121 -0.507
25 30 136 -0.729
18 22 110 0.923
37 7 11 0.317
27 18 40 2.505
19 23 26 0.527
23 25 39 -0.587
38 10 86 0.523
39 14 89 0.681
33 24 95 0.332
11 31 105 2.752
14 31 111 -0.660
15 32 149 -0.959
13 36 139 -1.007
30 18 43 -0.499
18 25 64 1.443
36 11 119 0.564
35 14 11 -0.396
15 32 75 0.574
29 23 25 0.278
16 32 69 -0.003
10 40 105 -0.415
40 14 131 -0.704
22 20 114 0.454
29 22 23 -0.529
28 22 79 0.424
26 19 61 1.534
12 34 140 -0.136
42 10 50 1.501
28 25 41 -0.763
37 20 19 0.123
36 17 92 -0.715
27 24 135 0.547
16 34 72 -0.687
13 25 66 -0.958
15 33 103 2.781
23 34 114 -0.950
20 20 26 -0.161
13 38 66 -0.567
34 15 134 1.101
37 11 91 -0.625
29 26 100 1.611
28 28 60 -0.709
19 30 26 -1.022
19 31 137 0.369
12 35 69 0.433
29 24 80 -0.184
40 11 14 0.307
31 9 45 -0.958
11 43 102 -0.743
19 21 38 0.310
32 19 134 1.492
22 23 4 -0.978
11 35 35 0.827
44 17 128 -0.078
13 37 102 -0.425
44 5 15 -0.779
14 31 36 4.764
30 13 77 0.996
13 35 66 -0.016
18 32 112 -0.683
13 37 140 -0.672
22 14 1 -0.143
35 16 82 -0.468
15 32 33 0.546
42 19 130 -0.467
31 17 81 -0.501
24 17 5 0.567
32 21 116 -0.786
29 21 26 0.002
35 6 118 0.751
39 9 122 0.419
20 26 76 -0.164
41 11 15 -0.714
15 31 111 -1.055
37 13 120 -0.276
17 33 67 0.054
39 11 51 0.827
9 33 107 -0.905
38 12 56 -0.530
28 20 61 1.524
35 13 87 -0.613
41 10 13 -0.163
40 9 85 0.349
34 19 93 -1.000
26 18 5 1.513
40 8 90 -0.126
18 18 2 -0.434
35 20 95 -0.173
35 18 19 -0.552
37 14 45 -0.020
21 23 2 -0.445
8 33 102 -0.906
33 8 45 -0.215
34 26 57 -0.909
11 33 29 -0.584
24 20 114 2.706
33 1 82 -0.886
43 15 91 0.097
39 16 54 -0.423
28 23 136 0.022
11 32 29 0.212
32 24 133 -0.961
42 2 17 0.677
33 22 43 0.327
29 22 80 -0.119
39 18 54 -0.223
15 35 141 -0.799
13 32 29 0.116
13 32 72 -0.644
17 37 67 -0.632
13 34 143 0.532
28 18 97 -0.976
22 26 25 0.872
24 30 27 -0.375
15 35 140 0.015
42 9 49 -0.912
39 16 17 0.273
29 16 117 -0.615
31 22 44 -0.126
38 12 53 -0.698
25 34 25 -0.558
37 20 8 0.540
18 29 76 -0.423
26 20 59 -0.120
15 22 103 2.878
9 42 107 -0.981
36 24 19 -0.409
36 14 83 -0.584
29 28 115 -0.920
39 18 94 -0.947
34 23 21 -0.022
12 24 146 2.225
38 15 89 0.188
18 24 73 -0.441
34 16 46 0.072
35 25 95 -0.227
39 13 123 -0.616
37 3 7 -0.406
15 36 112 -0.684
24 29 62 -0.973
34 12 7 0.129
41 15 130 -0.219
15 36 72 -0.790
23 27 100 0.014
34 27 95 0.528
16 21 73 1.510
30 26 60 2.732
29 17 77 0.227
27 31 24 -0.721
34 18 96 0.466
31 19 6 -0.460
14 34 148 1.256
15 37 109 -0.962
15 32 109 -0.977
38 16 83 0.273
40 18 88 0.637
28 28 115 -0.947
38 18 131 -1.006
37 11 123 -0.780
18 23 110 1.494
25 26 61 -0.884
30 18 80 -0.082
30 25 136 0.474
25 22 61 0.619
38 13 93 -0.878
42 12 13 0.019
41 8 14 -0.598
39 12 47 -0.630
35 15 47 -0.395
16 24 140 3.364
37 15 81 0.554
31 26 42 -0.362
15 28 144 0.014
22 22 2 0.926
30 30 60 1.232
32 21 42 -0.430
33 22 97 2.726
12 34 35 -0.056
12 36 71 -0.826
33 21 57 -0.952
22 32 100 -0.719
18 31 112 -0.855
37 19 94 -1.004
20 37 62 -0.977
36 12 132 -0.909
23 21 3 -0.978
16 28 29 -0.956
15 30 110 -0.867
36 11 15 -0.532
29 17 5 0.142
20 24 0 -0.002
31 29 60 2.506
32 13 118 0.514
43 4 126 0.105
35 16 20 0.507
13 34 0 -1.056
34 19 10 -0.808
23 23 24 1.426
38 17 87 -0.893
38 11 14 -0.130
39 19 54 -0.254
13 36 102 0.679
32 10 8 -0.729
41 11 129 -0.231
24 20 76 1.493
31 30 97 0.256
12 31 71 0.589
31 27 59 -0.575
23 29 37 -0.650
15 39 66 -0.800
43 13 128 -0.318
42 13 54 -0.676
34 17 96 -0.337
19 34 26 -0.948
18 33 140 -0.875
14 37 145 0.918
24 25 100 1.155
13 33 67 -0.048
35 25 94 -0.619
6 41 108 -0.969
21 28 149 -0.349
13 40 105 0.817
12 36 146 -0.373
22 34 26 -0.662
19 31 104 0.210
16 38 72 -0.790
41 15 49 -0.923
35 13 49 -0.619
23 29 137 -0.756
15 28 71 0.826
38 8 84 0.576
38 15 122 0.635
44 13 128 0.778
9 35 108 0.277
42 7 127 0.807
35 13 9 0.104
33 12 43 0.496
17 27 74 0.223
16 20 69 1.178
19 16 75 -0.329
29 17 39 1.796
24 28 23 0.311
40 15 86 1.604
25 27 59 -0.810
11 36 146 0.163
38 13 90 -0.460
12 24 66 -1.086
17 35 103 0.709
9 40 108 0.706
14 35 36 -0.069
37 13 48 0.009
37 11 48 0.354
38 6 131 -1.025
32 24 59 -0.376
42 6 53 0.329
25 27 61 -0.025
16 35 141 0.046
13 34 148 -1.065
28 32 59 -0.784
23 19 27 -0.417
17 27 28 0.347
31 16 43 0.134
36 15 93 -0.862
41 13 55 0.641
35 22 58 0.416
29 12 44 -0.350
14 25 142 0.545
30 22 21 -0.869
41 12 127 -0.173
37 7 18 -0.320
39 8 14 0.690
27 22 78 0.256
20 34 140 -0.562
32 21 120 -0.809
37 20 95 -0.014
16 24 33 1.051
11 26 105 6.535
13 29 65 -0.864
19 32 137 0.289
16 19 1 -0.621
12 30 149 -0.047
17 33 75 -0.485
28 15 97 -1.061
40 14 125 0.162
38 13 53 -0.784
31 13 116 0.245
27 16 4 -0.397
40 7 92 -0.158
24 19 63 -0.016
12 31 149 -0.166
43 5 13 -0.274
30 16 40 -0.021
19 23 1 1.290
34 17 7 0.454
10 42 105 -0.555
37 19 56 0.820
16 26 67 -0.077
27 12 115 0.164
33 21 58 0.103
32 19 117 -0.256
11 33 32 -0.123
33 12 46 -0.302
13 30 35 3.108
22 12 78 -0.588
11 40 145 -0.282
14 22 29 -0.798
34 20 58 0.060
24 32 23 -0.564
10 34 69 -0.266
25 20 4 -0.456
15 33 140 -0.413
22 25 1 2.260
38 12 11 2.050
24 23 3 0.263
23 32 24 -0.528
16 30 1 -0.454
15 38 143 -0.412
28 21 39 0.015
35 25 133 -0.503
39 7 85 -1.075
8 36 72 -0.896
40 13 123 -0.500
16 39 0 -1.049
38 11 86 -0.327
42 7 11 -0.814
24 26 1 2.299
33 18 40 -0.833
29 20 115 0.001
21 23 139 0.786
37 7 131 -1.031
16 23 74 0.307
37 5 7 -0.639
41 16 130 -0.395
31 23 21 -0.238
23 29 100 1.087
16 34 143 -0.429
27 23 62 0.572
15 34 110 -0.732
40 15 130 -0.596
40 15 18 -0.563
26 24 39 -0.634
14 33 70 0.249
40 12 53 -0.247
24 36 114 -0.841
41 14 49 -0.833
38 17 122 0.072
28 12 82 -0.756
43 7 90 -0.285
19 27 76 0.354
25 26 4 -1.006
26 23 61 -0.825
28 20 114 1.813
39 14 86 0.210
16 37 68 -0.734
40 14 46 0.437
32 7 123 -0.608
40 15 126 0.052
11 24 67 -0.984
16 18 1 -0.560
31 12 45 -0.883
35 26 94 -0.578
30 17 96 -0.759
38 13 83 0.596
15 24 74 1.095
38 14 84 -0.203
38 15 9 -0.095
30 18 61 2.513
30 20 42 -0.387
19 20 112 3.952
41 10 18 -0.666
30 23 61 2.064
37 7 84 -0.694
26 20 44 -0.675
25 24 24 0.037
16 28 74 0.598
37 13 121 -0.884
18 33 106 -0.318
14 35 143 1.122
38 14 89 0.205
13 32 27 -1.029
18 35 37 -0.903
38 9 123 -0.477
36 23 20 -0.402
23 35 25 -0.693
44 9 126 0.051
36 20 133 0.669
35 20 58 0.221
32 17 118 0.025
12 27 66 0.867
30 21 61 2.604
12 36 107 -0.994
16 36 103 -0.401
15 33 72 -0.992
30 9 4 -0.616
29 18 39 1.639
36 23 132 0.012
14 37 142 -0.768
20 28 139 0.258
32 17 120 -0.205
15 31 75 -0.176
36 17 6 1.984
24 31 26 0.260
13 33 74 -0.844
39 13 11 -0.351
27 30 24 -0.063
36 15 132 -0.790
16 38 142 -0.657
35 14 53 -1.012
40 12 49 0.284
12 29 107 0.395
16 36 104 -0.552
17 22 73 0.704
18 34 36 2.554
30 24 42 0.772
33 10 20 -0.076
7 32 108 -0.704
34 13 47 -0.370
29 24 98 3.345
39 14 83 0.429
36 9 118 1.426
11 37 106 -0.124
35 10 8 -0.525
32 22 118 -0.064
27 21 5 1.373
38 18 132 -0.785
13 39 72 1.372
22 7 78 -0.652
30 24 98 0.554
14 35 106 -0.052
24 24 99 -0.892
21 33 26 -0.768
27 26 39 0.877
39 8 15 -0.540
10 29 35 0.112
14 26 146 0.481
38 14 88 -0.261
13 33 30 1.407
30 12 7 0.482
13 33 72 0.468
41 13 88 0.388
28 14 39 2.100
13 38 102 -0.287
31 27 60 1.065
42 13 128 -0.055
23 20 114 2.505
29 26 23 -0.385
24 21 135 0.051
25 30 77 -0.823
13 34 139 -0.993
16 33 113 -1.002
22 21 114 1.115
41 15 50 1.584
43 10 126 0.774
13 30 67 -0.932
39 8 121 0.169
21 29 149 -0.694
14 33 103 2.551
11 29 109 -0.496
7 33 107 -0.882
17 29 110 -0.535
22 33 100 -0.391
29 16 58 -0.170
42 5 15 0.440
27 24 117 -0.095
28 28 136 0.178
25 28 39 -1.031
23 27 113 -0.229
39 9 48 0.388
22 28 2 -0.736
43 13 125 0.106
40 18 54 -0.354
42 14 125 0.101
19 28 64 0.214
39 9 14 0.757
16 26 72 -0.110
12 31 67 -0.524
25 33 39 -0.983
13 30 75 -0.820
22 28 113 -0.089
14 44 111 -1.011
40 15 55 0.156
27 24 114 0.226
33 23 133 0.228
15 30 71 0.580
36 22 80 -0.135
37 10 46 -0.319
20 27 111 -0.921
36 5 118 1.527
12 33 33 0.698
25 29 62 0.467
14 23 69 1.500
32 16 97 -0.715
44 7 46 -0.520
31 25 96 -0.585
12 33 146 1.024
22 29 4 -0.975
30 20 98 0.565
40 10 130 -0.312
34 21 97 2.879
38 9 84 -0.125
15 35 33 0.802
22 36 78 -0.802
17 31 111 -0.876
38 13 48 -0.245
10 38 30 -0.183
17 33 37 -0.823
15 37 0 -0.715
11 42 146 0.225
27 22 63 -0.399
35 24 119 -0.816
31 15 58 0.479
30 23 42 1.083
18 27 143 -0.728
9 41 35 -0.911
39 9 9 0.601
41 10 11 -0.285
38 13 56 -0.318
40 21 55 -0.539
17 26 28 0.486
20 30 26 -1.019
43 10 127 -0.221
10 32 143 1.454
39 12 10 0.473
14 32 66 -0.956
20 16 31 -0.560
31 19 41 1.413
15 26 33 0.643
24 29 100 -0.335
30 23 44 -0.409
32 23 81 -0.827
30 12 115 -0.452
36 19 120 -0.088
39 14 129 -0.782
20 29 0 -0.548
35 13 120 -0.766
22 20 3 -0.149
19 25 64 -0.407
29 24 115 -0.877
23 35 115 -0.913
35 10 48 0.072
24 19 76 -0.105
9 36 108 1.161
30 22 23 -0.191
26 22 79 0.911
19 27 65 -0.038
18 27 69 0.405
31 24 118 -0.110
16 29 141 1.991
13 36 147 0.210
39 9 127 -0.508
24 19 2 0.249
30 16 5 -0.552
31 14 118 0.488
12 28 143 1.781
33 26 22 0.195
40 9 130 -0.210
40 16 54 -0.265
17 28 72 0.956
13 33 106 2.163
13 29 107 -0.963
45 7 88 -0.466
28 15 4 -0.287
19 31 37 0.225
9 36 143 -0.759
29 21 115 -0.985
14 24 74 -0.603
30 26 133 -0.660
28 20 77 -0.965
23 24 28 -0.568
38 12 13 0.095
28 20 76 -0.633
40 10 54 -0.788
36 15 48 -0.542
13 34 33 -0.215
34 9 45 -0.336
30 13 79 -0.329
18 27 65 0.172
20 30 101 0.456
16 23 103 -0.981
36 19 57 -0.337
17 31 26 -1.008
42 7 53 0.430
39 11 52 -0.573
35 14 134 0.724
37 17 20 -0.405
26 28 39 -1.022
40 12 85 0.425
30 26 97 -1.002
41 17 55 0.352
19 33 139 -0.517
38 9 11 0.262
16 27 34 -0.045
25 21 3 0.260
28 24 21 -1.046
30 20 117 -0.214
13 25 31 0.351
23 24 112 1.176
42 12 90 -0.136
32 14 121 -0.960
27 25 78 -0.381
26 21 76 0.567
45 8 126 0.143
35 19 95 -0.039
28 9 4 -0.480
15 29 67 -0.839
27 22 79 0.511
16 27 103 -0.922
38 13 89 -0.122
19 29 33 -0.739
14 25 144 1.208
21 22 138 0.662
25 26 76 1.437
12 30 144 -1.036
10 25 66 -0.822
39 9 124 -0.225
34 13 132 -0.975
25 31 26 -0.413
33 17 6 0.169
17 25 33 0.862
41 21 88 -0.114
13 39 111 -0.981
16 22 29 -0.957
32 22 58 0.284
24 25 63 0.174
33 21 81 -0.575
16 21 28 -0.335
16 24 34 1.110
34 17 54 -0.872
19 35 64 0.539
28 21 41 -0.085
31 19 118 -0.013
37 13 129 -0.914
12 34 106 -0.381
32 23 59 -0.276
39 11 49 -0.498
41 11 18 -0.473
18 33 37 -0.898
37 20 122 -0.747
22 35 115 -0.837
41 14 130 -0.791
30 19 22 0.323
43 14 124 -0.529
31 20 58 -0.646
12 31 106 -0.187
30 21 23 -0.403
27 32 62 -0.264
34 17 132 -0.845
14 33 0 -0.626
34 12 44 -0.008
33 26 95 0.490
25 24 63 0.118
41 0 12 -0.976
22 23 38 1.343
33 13 119 -0.556
19 28 37 -0.382
31 18 6 -0.495
36 13 9 1.276
36 14 87 0.447
31 0 82 -0.893
22 29 38 -0.969
13 39 140 -0.926
36 19 94 -0.631
15 22 70 -0.239
40 10 125 -0.375
17 36 138 1.141
17 36 0 -1.030
23 22 114 2.402
38 6 46 -0.828
38 14 18 -0.272
17 22 33 1.160
27 32 23 0.535
28 20 115 -0.880
36 17 87 -0.674
17 27 144 0.743
20 27 65 -0.399
12 27 111 -1.056
34 25 95 0.173
18 23 69 0.666
11 31 146 -0.838
34 15 7 0.599
35 22 57 -0.153
38 8 49 0.268
32 19 96 -0.795
37 13 131 -0.188
36 17 83 -0.395
26 16 39 0.015
41 16 128 -0.050
42 12 124 -0.757
35 8 82 0.691
33 9 84 -0.376
19 28 76 -0.128
18 19 110 0.952
21 28 37 3.052
14 33 31 1.065
38 21 131 -0.953
8 32 146 -0.907
28 23 39 -0.639
27 16 114 2.004
15 35 147 0.063
16 31 140 -0.118
40 15 11 0.142
12 26 106 0.848
41 9 126 -0.676
18 22 147 2.501
27 30 39 0.909
28 26 134 -0.849
35 13 85 -0.880
37 13 53 -0.608
39 14 17 -0.071
36 20 83 -0.625
37 13 46 -0.310
38 9 12 2.503
24 25 116 -0.544
11 44 102 -0.878
34 24 7 -0.364
37 14 9 -0.889
19 18 73 -0.849
15 21 34 0.246
25 32 23 -0.170
36 20 20 -0.082
28 25 116 -0.842
16 37 112 -0.824
19 25 68 0.072
21 37 101 1.113
19 36 140 -0.669
14 37 72 -0.737
14 34 33 0.185
38 16 122 0.586
40 7 91 -0.846
43 11 49 -0.064
40 13 14 -0.539
17 24 33 0.958
12 37 109 0.507
26 22 98 0.023
18 30 76 -0.505
41 11 51 -0.339
29 32 60 -1.068
21 26 37 2.896
29 22 60 3.069
14 39 74 -0.857
25 24 26 -0.764
35 20 45 -0.332
17 31 65 -0.006
16 38 68 -0.822
34 13 119 -0.730
34 24 58 0.287
13 39 147 -0.520
36 21 132 -0.019
27 15 115 -0.461
38 7 9 0.213
27 17 39 1.933
16 27 110 -0.535
37 13 122 -0.089
30 24 134 -0.261
17 21 110 -0.068
40 11 124 -0.092
12 40 30 -0.765
40 13 92 -0.733
23 26 4 -0.890
35 17 94 -0.731
16 27 27 -0.650
14 38 36 0.005
36 8 45 -0.376
13 30 31 0.535
16 33 38 -1.027
37 14 8 -0.185
33 0 82 -0.724
32 18 134 1.188
17 29 104 0.783
40 10 92 -0.879
40 14 83 0.222
23 25 61 -0.324
27 25 44 -0.787
14 28 103 1.115
42 7 46 -0.635
37 24 130 -0.987
30 27 136 -0.188
30 21 58 0.082
15 27 70 -0.251
39 13 85 -0.165
41 12 47 -0.282
32 24 80 -0.480
41 7 51 -0.984
18 25 28 0.094
25 23 39 0.607
22 29 139 -0.270
27 22 5 1.065
13 31 141 -0.349
18 25 73 0.600
31 27 97 -0.759
42 8 15 -0.217
35 16 120 -0.593
36 12 82 -0.904
31 26 57 -0.457
23 29 61 -0.504
13 33 104 -0.753
34 14 57 -0.627
26 31 25 -0.590
13 30 34 -0.329
12 35 30 -0.311
42 16 91 0.198
40 6 14 -0.493
30 24 23 -0.165
29 20 21 -0.706
44 5 126 0.051
11 33 108 -0.630
26 23 59 -0.086
12 38 147 -0.163
42 14 88 0.436
40 13 18 -0.622
18 33 100 -0.273
33 20 134 1.581
31 23 134 0.152
12 30 106 1.460
38 18 17 -0.061
19 25 31 -0.635
41 15 124 -0.882
12 27 107 -0.226
39 7 11 -0.491
31 22 42 0.217
35 21 95 -0.079
42 8 51 -0.819
24 22 25 0.134
41 4 16 0.611
37 16 122 0.177
36 14 127 0.174
26 23 137 -0.415
38 6 87 -0.452
39 12 15 -0.257
13 40 142 -0.902
24 29 24 -0.384
41 13 51 -0.456
25 27 25 0.012
34 17 49 -0.694
16 35 36 3.115
14 33 105 2.896
39 18 88 -0.126
42 9 51 -0.838
36 20 132 0.045
36 17 120 0.085
14 37 147 -0.391
41 12 84 -0.387
9 34 35 0.544
19 24 111 -0.790
16 32 70 -0.911
23 22 3 -0.972
7 35 108 -0.145
23 19 114 1.966
35 17 47 -0.711
25 36 77 0.611
41 9 13 0.147
17 33 36 2.598
38 3 131 -1.021
9 41 107 -0.987
14 32 143 -0.618
11 36 107 -0.412
11 36 71 -0.894
8 34 108 -0.387
37 4 8 0.028
16 30 104 1.825
25 18 76 1.914
24 28 63 -0.695
38 6 91 -0.892
37 20 6 1.054
18 30 1 -0.337
37 4 18 -0.140
15 29 109 -0.698
17 32 72 -0.869
34 23 19 -0.306
21 21 38 0.841
40 5 15 -0.413
31 24 57 -0.536
30 19 79 -0.746
26 18 3 0.659
33 7 121 -0.960
37 11 15 -0.768
42 13 91 -0.170
24 23 82 -0.632
29 23 79 0.717
31 25 22 1.106
10 31 68 -0.811
11 33 30 -0.252
14 35 144 0.720
40 7 11 -0.864
36 17 56 -0.544
20 32 148 -0.537
25 22 135 0.137
20 37 101 0.474
24 31 115 -0.880
26 25 62 1.143
25 28 136 -0.941
29 20 4 -0.375
36 7 11 0.700
13 42 70 0.332
42 11 91 0.599
24 24 78 -0.275
19 21 110 1.497
21 27 113 -0.715
41 14 16 1.045
22 19 3 -0.303
23 32 77 -0.042
34 15 121 -0.461
23 21 138 1.475
15 30 69 -0.604
28 25 39 -0.410
25 29 136 -0.790
23 25 25 1.985
35 11 120 -0.980
24 27 27 -0.832
40 18 17 -0.470
28 24 77 -0.909
45 8 17 -0.723
33 18 19 -0.263
13 32 34 -0.445
22 16 3 -0.854
21 36 137 -0.840
16 29 32 0.134
23 30 78 0.211
24 26 24 0.035
14 30 103 -1.012
27 21 120 -0.545
32 21 97 1.371
28 6 44 -0.810
14 39 35 0.386
41 2 12 -0.789
40 13 48 -0.366
20 26 2 -0.943
15 25 147 0.448
26 28 79 -0.735
12 30 66 -0.845
40 12 125 -0.028
39 10 11 -0.478
38 10 47 -0.384
31 17 96 -0.904
39 10 46 -0.823
27 16 77 1.492
35 13 133 0.986
36 15 56 -0.908
39 10 9 0.120
34 20 81 0.494
35 16 11 -0.400
23 29 24 -0.545
20 32 26 -0.765
45 3 46 -0.800
35 9 119 1.113
35 6 119 0.909
13 37 147 -0.823
16 33 27 -0.999
13 32 149 -0.643
23 24 3 -0.991
12 37 70 0.714
23 7 78 -0.674
37 20 132 0.436
41 15 11 -0.001
38 15 123 -0.126
22 33 62 -0.756
38 12 90 -0.324
17 35 69 -0.447
11 38 145 -0.570
38 6 123 -0.719
38 7 124 -0.149
33 20 7 -0.412
16 19 73 2.401
14 32 112 -0.705
33 8 117 -0.060
35 11 82 -0.842
25 15 5 1.329
26 31 79 -0.749
19 32 64 -0.686
26 26 25 3.033
10 38 108 0.925
8 41 108 0.196
17 25 144 -0.857
15 25 31 0.676
9 43 105 -0.501
29 27 23 -0.507
28 19 60 -0.781
40 10 86 -1.051
30 19 59 -0.493
38 13 121 -0.730
15 30 67 -0.409
18 37 137 -0.446
23 15 0 2.445
36 2 85 -1.018
35 12 48 -0.136
21 31 5 -0.495
17 27 102 -0.340
18 21 31 -0.331
41 9 46 -0.721
26 32 39 -0.984
18 30 33 -0.816
18 23 65 0.478
38 4 46 -0.619
17 29 64 2.212
14 39 67 0.295
25 29 99 -0.764
32 20 6 -0.003
32 28 22 0.139
15 33 68 -0.482
38 15 131 -0.956
33 12 117 0.225
33 7 123 -0.696
15 38 103 1.405
42 17 128 -0.254
30 26 21 -0.674
34 12 121 -0.883
34 19 81 0.471
16 29 37 1.599
25 27 99 -0.370
35 7 85 -0.962
18 20 33 0.544
27 28 26 -0.779
36 20 18 -0.753
40 17 130 -0.580
35 20 18 -1.007
36 23 6 1.273
13 38 139 -1.052
35 13 47 -0.555
15 28 105 1.374
42 0 12 -0.909
42 11 92 -0.082
18 28 38 0.417
11 33 104 -0.514
38 19 92 -0.368
27 30 99 -0.360
20 27 5 -0.670
44 12 128 -0.327
15 30 33 0.529
29 26 134 -0.307
15 39 0 -0.686
37 22 19 0.262
28 29 21 -0.984
33 13 96 0.036
34 16 96 0.295
13 27 149 -0.028
17 41 137 -1.065
11 27 107 -0.593
11 23 65 -0.979
35 17 81 0.529
36 11 121 -0.547
23 24 5 -0.059
13 32 36 1.493
17 19 110 1.107
27 18 39 2.207
27 17 79 -0.209
31 13 115 -0.592
42 10 91 -0.111
31 24 98 -0.983
39 12 125 -0.604
45 6 16 1.242
32 29 22 0.283
24 22 77 -0.621
17 31 142 1.968
16 32 143 -0.427
13 40 143 -0.300
20 24 3 1.401
19 20 110 1.021
37 10 127 -0.904
43 10 125 0.163
38 15 53 -0.803
25 33 23 0.760
32 19 6 0.117
19 29 2 -0.978
31 15 116 -0.447
42 15 91 0.218
37 9 7 0.128
19 29 65 -0.080
29 22 96 -0.780
25 28 23 0.776
29 22 61 1.282
19 23 76 0.187
31 20 21 1.097
27 20 82 -0.593
37 7 9 -0.009
41 15 55 0.532
33 5 8 -0.299
33 17 10 -0.242
15 34 142 -0.586
12 19 33 1.745
16 22 74 1.183
40 4 14 -0.096
21 18 3 -0.297
37 18 43 0.493
37 6 123 -0.960
39 15 86 -0.871
17 24 141 3.227
31 20 98 -0.538
23 26 78 -0.015
19 32 140 0.163
11 21 107 -0.079
16 21 1 -0.614
34 14 91 -0.966
11 26 31 -0.585
38 11 123 -0.577
12 36 35 1.277
27 31 115 -0.953
37 11 131 -0.954
41 11 85 0.104
43 15 124 -0.975
33 9 81 -0.689
23 28 39 -0.442
18 22 148 0.260
40 10 124 0.026
13 36 67 -0.318
38 19 93 -0.960
34 4 45 -0.325
28 22 61 0.323
14 24 69 0.994
34 21 59 -0.706
25 17 38 0.251
12 37 143 -0.276
33 9 119 -0.483
28 28 116 -0.912
26 26 99 -0.978
36 18 120 0.086
42 12 51 -0.211
14 33 144 2.852
17 28 144 -0.665
13 27 144 0.727
14 26 31 -0.201
29 26 60 3.235
36 12 126 -0.765
18 32 38 0.294
13 34 29 -0.209
21 27 25 0.944
19 20 31 -0.355
29 26 136 0.146
17 36 148 -0.822
18 27 139 -0.346
20 30 63 -0.122
32 13 42 0.490
39 15 53 -0.031
14 30 147 1.370
39 5 84 -0.389
15 24 144 -0.517
39 10 90 -0.366
11 35 109 0.439
28 20 42 0.213
34 18 7 0.369
16 36 143 -0.514
23 23 101 1.345
43 7 11 -0.727
18 24 113 0.421
20 19 63 -0.609
10 38 72 -0.752
11 28 65 -0.911
33 18 80 -0.423
12 39 71 -0.763
28 21 135 -0.352
36 10 9 1.732
17 21 34 0.768
34 9 44 -0.688
26 27 39 -0.621
30 17 77 0.734
34 22 97 2.778
17 33 29 -0.714
38 11 89 -0.237
15 28 37 0.067
38 5 85 -1.053
34 15 41 0.959
26 14 44 -0.818
20 23 101 -0.045
29 14 44 0.237
41 17 125 0.220
27 21 97 -1.004
21 23 27 -0.371
16 22 70 -0.136
14 19 73 0.003
31 22 134 -0.714
14 40 111 -0.993
16 22 75 1.262
25 29 26 -0.563
35 11 118 1.304
35 8 118 1.368
45 12 52 0.034
38 15 54 -0.505
16 32 37 5.805
21 24 75 1.982
41 14 125 0.225
21 22 0 0.801
38 13 17 -0.011
42 15 11 -0.752
35 18 94 -0.592
34 20 57 -0.584
18 32 26 -0.977
34 22 94 -0.802
37 21 19 0.329
18 18 31 -0.249
33 25 58 0.043
31 26 60 2.166
40 12 90 -0.594
39 13 10 0.426
13 33 35 1.764
31 18 116 0.081
40 13 83 0.205
13 41 70 0.589
37 16 92 -0.750
14 36 140 -0.357
26 20 5 1.267
20 25 37 5.028
38 17 92 -0.409
39 9 55 0.088
44 5 16 0.870
19 30 113 -0.786
33 15 81 -0.493
23 28 24 -0.474
40 10 14 0.218
16 30 149 -0.044
15 22 69 1.438
38 17 93 -0.923
38 17 56 0.899
12 30 109 -0.760
28 14 4 -0.342
28 29 23 -0.741
15 28 145 -0.546
21 22 2 0.784
42 12 46 0.168
27 7 4 -0.036
25 31 39 -0.967
38 16 7 -0.370
20 24 1 1.301
6 33 102 -0.770
17 24 63 -0.804
36 7 50 -0.402
30 23 120 -0.820
36 19 132 0.257
27 20 44 -0.827
35 16 85 -0.924
42 13 123 -0.169
11 37 30 0.430
12 39 68 -0.452
22 19 0 1.856
37 8 48 -0.182
17 29 38 -0.249
30 11 79 -0.559
9 40 109 -0.309
27 32 134 -0.861
13 41 112 -0.719
44 12 51 0.398
30 23 22 1.033
39 11 47 -0.557
15 27 28 3.274
13 32 148 -1.063
14 39 105 -0.184
34 22 6 0.141
23 24 100 -0.454
24 30 61 -0.112
14 36 149 -0.945
34 16 120 -0.777
40 9 9 0.430
37 8 15 -0.730
34 17 93 -0.896
25 33 60 -0.968
24 30 23 -0.332
19 26 75 2.304
34 23 20 0.032
20 32 137 -0.396
19 27 37 0.917
33 26 120 -0.326
21 29 101 1.796
37 9 49 0.313
38 22 120 0.146
41 19 88 -0.519
28 16 59 -0.615
15 31 103 -0.262
28 37 60 -1.054
43 14 91 0.077
19 25 27 1.963
32 14 44 -0.069
33 10 44 -0.570
41 4 11 -0.602
38 8 125 -0.912
16 29 74 1.652
34 5 8 -0.399
19 22 34 -0.146
12 30 27 -0.996
11 33 109 -0.584
42 14 92 -0.024
37 19 19 0.025
43 12 126 -0.841
19 40 138 -0.648
40 8 45 -0.452
24 25 25 0.439
39 14 49 -0.813
16 31 74 -0.048
40 10 18 -0.586
16 28 34 -0.451
33 21 95 0.120
33 26 133 -0.123
36 13 46 -0.617
31 19 40 -0.153
22 9 0 1.669
30 25 21 -0.817
15 29 68 -0.816
26 24 135 -0.944
13 24 69 -0.197
16 30 37 -0.448
17 22 113 0.563
17 24 34 0.373
42 14 13 0.029
36 18 56 0.125
29 24 23 -0.317
20 31 101 0.276
22 22 26 -0.729
28 17 40 2.310
15 35 75 -0.776
19 19 64 0.553
29 23 23 -0.343
24 10 0 1.711
41 5 51 -0.891
35 12 118 1.539
22 32 26 -0.746
41 4 12 -0.173
35 17 132 -0.827
19 31 63 -0.670
34 19 21 -0.359
24 22 63 -0.767
26 24 44 -0.651
37 17 7 -0.320
39 14 93 -0.822
13 31 106 3.191
15 28 148 1.253
30 21 134 -0.653
12 28 65 -0.996
12 37 107 -0.622
11 28 67 0.308
34 20 21 -0.346
19 21 113 -0.112
15 37 67 -0.545
24 34 60 -0.972
26 26 61 -0.482
18 42 137 -1.047
28 24 76 -0.505
25 10 44 -0.823
17 23 64 2.994
38 8 11 -0.337
29 27 96 -0.649
36 12 49 -0.433
37 17 133 0.848
40 13 87 1.002
16 37 36 1.510
11 26 66 1.416
37 11 127 -0.170
23 34 115 -0.897
24 32 77 -0.438
26 16 5 1.241
21 30 64 -0.733
41 7 50 1.188
40 9 50 1.595
29 22 22 0.013
39 21 94 -0.926
31 22 94 -1.023
41 13 90 -0.182
22 18 3 -0.338
10 36 30 -0.674
14 24 70 0.015
32 22 81 -0.812
24 21 4 -0.904
37 17 132 -0.216
33 23 119 -0.863
17 28 141 0.593
26 19 3 0.701
35 10 80 0.037
14 32 145 -0.133
41 17 130 -0.269
14 26 145 -0.370
13 31 109 -0.324
30 24 118 -0.251
39 2 12 1.744
17 29 72 0.071
22 25 139 0.267
11 32 143 1.542
19 19 110 1.660
31 16 115 -0.620
42 8 11 -0.323
38 12 49 -0.168
32 27 98 -0.929
28 27 59 -0.288
28 22 60 0.119
13 20 34 0.609
40 15 50 0.597
39 11 125 -0.948
13 19 69 0.235
29 21 135 0.829
14 31 106 -1.041
30 25 43 -0.407
27 28 61 -0.501
16 32 74 1.990
17 30 64 2.195
37 14 17 0.308
22 30 138 -0.037
31 20 42 -0.418
20 37 137 -0.753
12 33 103 2.007
15 39 140 -0.156
36 9 48 0.138
34 20 7 0.402
16 33 140 -0.914
33 13 121 -0.299
44 9 15 -0.371
25 25 4 -1.008
16 24 110 -0.203
15 33 112 -0.767
35 14 132 -0.959
36 14 133 -0.030
13 29 31 -0.838
39 10 16 -0.762
18 34 73 -0.409
16 33 66 -0.359
15 32 74 -0.551
43 9 51 -0.712
27 25 59 0.478
17 25 74 -0.179
26 27 24 0.344
10 36 143 1.169
22 26 2 -0.351
21 27 38 -0.928
40 11 87 -1.009
35 10 127 -0.569
15 24 111 -0.541
14 34 104 -0.720
39 6 11 -0.596
16 27 75 0.759
41 8 88 -0.700
30 28 135 2.483
16 40 140 -0.079
38 16 93 -0.966
43 12 53 0.404
36 14 54 -0.703
41 10 92 -0.093
18 33 102 0.167
17 21 113 0.246
35 15 8 0.480
37 10 87 0.325
22 24 3 -0.521
32 8 123 -0.689
35 13 86 -1.003
29 31 135 -0.102
14 26 144 2.158
35 20 133 0.751
15 29 70 -0.637
38 10 121 -0.851
17 28 26 -1.046
40 13 50 0.999
28 22 59 -0.091
32 17 44 -0.405
36 12 47 -0.848
9 38 35 -0.729
20 25 38 1.537
42 13 17 -0.529
30 17 61 2.526
24 22 78 -0.239
8 33 30 -0.718
39 9 92 -0.791
18 29 102 -0.087
33 21 20 0.117
15 25 1 -0.632
25 24 98 -0.335
25 32 24 -0.809
39 7 123 -0.771
16 35 137 -0.657
40 12 52 -0.629
40 13 46 0.203
19 34 63 -0.327
31 27 43 -0.372
24 30 115 -1.013
16 28 142 2.357
27 26 42 -0.264
14 31 27 -0.813
35 7 118 0.966
14 26 2 -1.100
16 26 29 -0.931
14 32 147 -0.430
20 15 149 0.265
14 35 112 -0.542
15 36 66 0.789
33 15 43 0.666
34 26 43 -0.241
43 11 17 0.570
16 38 112 -0.665
20 36 101 1.219
33 14 115 1.595
40 9 92 -0.866
37 18 57 -0.062
37 10 15 -0.554
25 26 149 -0.921
38 9 87 -0.450
16 25 73 -0.708
24 27 23 -0.099
38 18 84 -0.587
29 14 97 -0.884
17 29 74 -0.977
40 10 83 0.231
41 7 12 0.600
17 29 26 -1.049
35 16 45 -0.450
41 13 16 0.197
35 17 133 0.651
27 21 99 -0.577
12 26 107 -0.011
25 21 39 0.478
14 39 148 1.372
40 14 53 -0.360
37 23 120 0.086
40 6 84 -0.269
25 33 62 -0.357
12 24 107 0.431
30 20 96 -0.943
15 32 142 3.921
6 45 108 -0.955
26 28 58 -0.223
19 33 63 -0.460
42 8 14 -0.486
20 18 138 1.501
13 36 71 0.498
32 22 134 1.203
18 39 140 -0.905
27 31 25 -0.360
15 35 148 -0.648
29 19 79 -0.569
37 8 87 0.423
33 14 10 1.073
14 30 31 0.362
34 7 121 -0.941
15 35 0 -0.599
13 34 67 -0.135
10 31 30 -0.691
42 10 13 0.055
17 20 34 0.755
30 28 94 -1.009
12 36 108 -0.725
15 38 140 -0.071
35 17 95 -0.007
45 10 17 -0.469
15 33 144 1.260
14 38 145 -0.537
20 33 26 -0.943
15 29 103 3.504
41 13 18 -0.571
37 22 83 -0.841
18 36 1 -0.937
37 16 132 -0.858
35 24 57 -0.861
31 25 43 -0.662
27 31 60 -0.844
24 15 2 0.417
15 36 109 -0.996
32 17 20 -0.907
14 28 147 1.191
12 25 33 0.390
15 30 144 2.241
27 18 2 -0.173
31 24 44 -0.487
18 26 65 1.303
14 36 112 -0.864
29 21 76 -0.563
14 30 71 0.051
43 12 90 0.574
27 16 42 -0.028
20 33 101 -0.255
20 26 75 2.113
31 16 79 -0.136
40 17 55 -0.114
12 32 35 -0.165
8 38 109 -0.832
40 16 129 -0.531
40 5 126 -0.756
10 35 72 -0.574
35 13 43 0.457
38 24 132 0.369
20 19 2 -0.375
15 25 70 0.116
22 23 101 -0.260
12 39 102 -0.659
26 23 100 -0.590
17 20 63 -0.748
22 24 101 2.807
17 28 102 0.156
12 34 105 3.530
35 17 134 0.800
25 31 62 0.233
35 24 95 -0.232
36 19 95 -0.088
16 29 75 -1.038
35 12 9 1.283
19 30 1 -0.955
15 32 113 -0.981
26 34 23 -0.808
30 16 39 1.938
33 28 120 -0.719
36 15 8 -0.243
5 46 108 -0.930
22 22 28 -0.746
14 36 33 -0.825
15 20 74 0.627
35 9 11 0.606
16 24 73 0.042
12 25 67 -0.460
17 28 38 -0.073
19 23 27 0.300
29 14 115 0.915
38 3 84 -0.522
12 29 29 -0.935
30 23 60 3.665
28 32 23 -0.086
43 10 53 0.627
22 19 76 -0.224
26 29 39 -0.581
37 11 18 -0.180
16 35 68 -0.941
34 16 81 0.576
15 24 29 -0.779
39 10 53 0.323
12 33 143 3.378
17 31 68 -0.599
12 27 35 2.359
42 10 54 -0.809
20 22 3 1.342
32 17 121 -0.470
27 12 4 -0.391
25 21 98 -0.184
39 13 49 -0.304
43 10 129 0.037
36 17 20 -0.321
39 16 10 0.561
22 15 138 2.578
22 32 24 0.052
19 17 31 -0.478
29 23 61 1.490
31 32 96 -0.286
37 10 122 -0.093
35 13 82 -0.608
33 19 20 0.088
33 24 80 -0.376
18 30 38 0.964
34 10 81 -0.476
26 15 78 -0.326
41 15 92 0.175
23 22 138 1.522
30 20 41 0.229
31 17 44 -0.276
16 30 102 -0.151
15 25 149 -0.065
14 31 68 -0.710
28 21 77 -0.879
13 27 145 -0.882
42 2 46 -0.603
14 31 70 -0.215
18 31 27 0.242
26 29 23 -0.805
14 29 105 2.602
26 12 4 -0.135
14 22 107 -0.854
15 32 68 0.020
13 34 149 -0.386
21 21 139 1.543
33 25 95 0.409
35 17 41 0.369
34 18 119 -0.509
15 25 34 0.233
41 6 90 -0.371
16 26 110 -0.137
22 17 0 1.291
18 30 101 -0.039
13 25 106 2.533
39 12 53 0.442
40 16 11 -0.146
15 28 74 0.145
38 10 53 0.715
31 15 118 0.089
42 14 129 -0.819
32 18 9 0.752
29 20 117 -0.229
24 31 62 -0.365
34 19 9 0.760
31 6 79 0.196
14 38 70 0.999
17 24 65 1.826
40 14 86 -0.682
39 13 87 -0.746
37 15 17 -0.320
27 20 114 1.729
18 24 112 1.607
35 14 82 -0.863
38 12 131 -0.803
41 18 17 -0.847
36 22 20 -0.586
26 19 117 -0.217
39 7 14 1.208
20 24 26 0.980
8 40 108 0.712
40 12 13 0.636
36 3 7 -0.344
30 23 115 -0.860
44 5 14 -0.853
27 19 40 2.257
16 32 106 -0.431
19 28 63 -0.433
41 6 84 0.088
40 12 91 0.012
26 22 62 0.749
11 32 70 1.275
40 14 88 -0.459
29 22 136 0.651
23 21 139 0.241
30 25 115 -0.927
16 27 31 0.193
44 15 129 0.010
29 16 96 -1.011
13 38 111 -0.951
39 20 94 -0.943
43 7 17 0.520
18 20 73 2.284
39 8 125 -0.965
37 12 15 -0.534
12 30 29 -0.310
10 36 146 -0.912
12 38 71 -0.717
10 28 65 -0.731
38 14 10 0.601
22 32 79 -0.959
13 36 29 -0.866
17 22 34 0.825
41 19 91 -0.585
10 19 31 -0.336
42 9 17 -0.213
32 11 53 -1.016
24 29 77 -0.884
36 12 57 1.269
9 41 109 -0.448
31 23 40 1.141
19 35 65 -0.014
42 7 90 0.175
31 23 94 -1.004
22 21 26 0.040
13 26 71 -0.155
20 32 99 -0.882
11 40 30 1.360
13 29 144 1.140
33 11 48 -0.443
8 32 32 -0.470
15 32 32 4.400
29 21 21 -0.823
17 30 28 -0.299
14 31 71 -0.493
40 11 53 1.680
35 19 6 0.039
44 6 15 -0.820
35 26 20 0.319
14 34 0 -0.660
14 15 31 -0.500
13 28 106 2.852
29 24 61 1.361
15 27 66 0.784
36 16 93 -0.653
29 19 41 -0.084
16 39 36 -0.038
25 25 135 0.221
39 12 85 -0.225
14 21 31 0.164
33 25 133 -0.224
40 18 18 -0.851
31 16 118 0.647
34 9 124 -0.347
25 29 135 -0.713
19 29 26 -1.001
32 26 42 0.079
41 10 47 -0.267
39 13 9 0.588
38 14 53 0.643
34 10 119 -0.714
12 31 109 0.075
38 13 55 -0.308
38 6 15 0.448
14 31 102 2.835
13 22 29 -0.799
37 4 84 -0.442
36 14 6 -0.868
36 16 49 -0.290
40 7 16 -0.485
15 23 140 1.307
38 12 121 -0.277
11 39 139 -1.068
38 3 46 -0.868
21 31 78 -0.880
6 32 108 -0.671
38 17 85 -0.878
38 18 93 -0.984
37 2 131 -1.011
22 25 114 1.001
12 40 68 1.146
9 32 35 0.598
40 10 121 -0.456
17 26 143 -0.724
40 10 13 0.677
29 25 98 1.032
36 9 83 -0.449
36 19 83 -0.675
26 25 137 -0.694
37 14 56 -0.179
25 29 114 0.031
38 11 85 -0.267
36 18 83 -0.618
36 14 43 0.188
24 30 0 -0.821
12 39 65 -0.852
22 28 149 -0.117
17 37 72 -0.739
42 3 17 0.513
38 14 132 -0.689
33 12 119 -0.744
24 24 24 1.563
17 24 103 -1.026
16 26 65 1.583
31 26 22 -0.567
26 27 59 -0.822
23 22 76 -0.726
33 21 119 -0.279
11 20 68 -0.013
38 8 89 -0.666
42 9 50 0.907
36 6 11 0.556
9 35 146 -0.703
31 18 81 -0.578
24 23 5 -0.065
23 34 99 -1.038
37 13 85 -0.918
27 29 77 0.448
38 18 8 -0.224
13 31 68 -0.722
31 29 97 0.528
16 32 104 -0.636
38 7 85 -0.912
16 26 73 -0.683
28 27 96 -0.757
26 28 61 -0.691
16 26 27 -0.648
20 28 63 -0.783
39 8 90 0.090
11 33 145 -0.079
35 15 85 -0.931
38 10 16 -0.637
19 20 63 -0.818
39 20 131 -0.948
18 27 100 -0.258
11 32 142 -0.703
41 8 47 -0.437
21 21 3 -0.303
20 30 38 -0.487
41 10 130 -1.001
34 10 8 0.936
14 27 106 2.872
15 26 31 -0.897
41 11 53 1.690
41 8 91 0.624
33 12 123 -0.502
26 20 97 -0.989
14 35 147 -0.307
34 25 57 -0.902
15 29 144 0.617
35 12 11 -0.777
30 19 21 1.781
26 29 136 -0.926
17 25 76 -0.625
11 34 67 0.034
12 39 105 -0.031
20 30 139 0.548
27 29 59 -0.686
41 12 48 -0.765
41 16 88 0.114
11 33 35 -0.046
16 32 72 0.865
20 27 76 -0.102
26 18 61 1.738
29 17 22 0.912
