28 21 61 1.031
37 23 19 0.184
23 23 5 -0.227
17 22 145 -0.222
13 29 31 -0.908
21 21 112 3.127
14 20 73 0.007
39 13 128 -0.844
22 32 78 -0.996
9 36 146 -0.844
11 21 107 -0.191
28 25 135 0.703
29 27 21 -0.974
28 13 4 0.268
30 23 61 2.139
17 31 26 -1.216
27 20 82 -0.734
39 14 131 -0.502
31 19 5 0.182
15 30 66 0.085
41 12 84 -0.310
34 14 43 0.622
24 30 115 -1.167
23 29 37 -0.823
11 36 112 -0.971
23 30 24 -0.297
37 16 9 -0.692
16 37 33 -0.004
7 36 109 -0.695
35 22 94 -0.496
42 14 18 -0.362
40 16 17 -0.350
42 8 11 0.105
33 18 43 0.628
39 8 14 0.102
32 22 97 0.197
32 13 42 0.250
18 21 27 -1.063
35 16 131 -1.020
26 21 59 -0.015
15 33 74 -1.073
16 36 137 -0.167
39 12 124 -0.262
16 33 112 -0.667
35 23 20 0.021
18 15 2 0.799
36 19 120 -0.116
15 25 146 0.789
34 8 8 0.902
10 29 67 -0.365
16 31 34 -0.113
16 32 100 -0.983
16 28 148 1.171
23 22 114 2.159
21 26 28 -0.110
25 23 61 -0.518
10 35 146 -0.811
28 21 136 0.292
21 26 2 0.239
31 4 79 1.452
23 31 78 0.288
35 9 7 0.040
17 26 75 1.498
17 27 111 -0.710
9 42 107 -1.130
29 23 43 -0.638
29 28 22 -0.884
12 30 71 -0.147
42 7 53 0.204
43 13 126 -1.029
19 17 138 0.614
39 14 10 0.531
28 11 4 0.322
27 30 40 -0.336
15 25 103 4.891
19 22 148 0.016
42 10 13 0.094
42 11 129 -0.061
38 7 48 -0.233
33 22 98 -0.817
14 30 141 0.304
43 10 127 -0.338
33 13 9 -0.321
34 14 6 0.397
30 19 41 1.155
23 20 114 2.256
14 22 34 -0.247
25 25 114 1.161
39 11 50 1.689
11 33 70 2.448
22 25 63 -0.299
15 37 148 1.178
39 16 85 -0.885
21 29 64 -0.203
15 34 66 1.564
18 34 36 2.898
10 35 30 -0.104
28 22 61 1.348
15 32 36 2.410
26 30 60 -1.153
39 2 12 1.286
43 14 124 -0.467
35 19 80 0.058
12 36 142 0.921
30 25 21 -0.647
33 20 118 -0.207
28 11 82 -1.146
15 33 140 -0.384
17 22 74 -0.360
22 29 4 -0.889
39 13 88 -0.354
23 24 101 2.145
31 11 119 -0.309
35 14 87 -0.108
30 21 58 0.118
13 35 149 -0.547
19 27 65 0.507
13 32 72 -0.817
13 28 105 1.047
32 20 81 -0.147
37 14 93 -1.048
36 22 130 -1.074
12 41 102 -0.725
35 12 9 1.169
36 13 83 -0.493
25 24 60 -0.281
15 40 113 -1.186
31 17 21 1.728
26 27 23 -0.465
38 4 85 -1.237
13 34 67 0.138
34 21 80 0.818
38 11 56 0.292
29 23 115 -0.429
37 16 84 -0.435
14 27 145 -0.801
14 24 107 0.658
36 20 132 -0.280
35 23 95 -0.589
35 3 7 0.359
25 31 77 0.325
31 19 120 -0.806
21 29 38 -0.747
22 32 0 -0.415
26 31 25 -0.500
22 24 2 0.560
20 31 0 -0.590
33 4 123 -1.080
35 10 49 -0.872
35 10 11 -0.267
34 13 8 0.424
33 20 131 -0.988
38 16 91 -0.573
39 13 48 0.250
23 35 77 -0.006
26 25 149 -0.960
31 25 97 1.067
38 13 15 -0.445
14 19 34 0.820
37 12 126 -0.790
24 27 24 -0.493
41 5 14 -1.202
14 34 33 0.022
16 29 69 0.550
29 21 97 -1.062
28 27 77 0.491
39 12 121 0.193
11 30 35 -0.352
13 40 29 -0.939
35 20 80 0.894
24 17 5 0.523
33 10 9 -0.464
41 8 90 -0.109
39 10 15 -0.689
23 34 62 -0.117
16 23 145 -0.876
13 42 32 -0.993
22 16 1 -0.146
17 32 36 2.230
37 13 56 -0.660
15 31 103 -0.369
14 20 107 0.017
20 26 1 1.847
33 10 20 -0.602
22 23 112 0.977
38 11 18 -0.850
23 37 77 0.231
38 9 85 -1.034
31 19 118 0.513
40 8 47 -0.121
28 24 98 -0.092
11 33 29 -0.869
39 13 10 0.869
26 29 62 0.949
30 28 135 2.013
27 28 39 0.984
32 20 6 0.354
37 11 84 -0.735
34 22 95 0.302
29 19 22 0.640
25 24 62 -0.889
11 26 31 -0.548
36 23 22 -1.320
16 32 104 -0.781
36 12 126 -0.943
13 27 72 -0.178
29 19 43 0.064
17 40 137 -0.466
40 20 54 -0.397
41 10 127 -0.384
12 20 69 0.729
34 19 41 1.592
38 12 125 -0.573
35 21 95 0.054
15 26 34 0.783
40 10 18 -0.282
33 9 81 -0.379
30 18 42 0.825
28 18 116 0.564
13 40 68 0.973
37 11 15 -0.709
37 18 6 0.987
33 7 121 -1.000
14 32 140 0.837
32 13 118 0.952
31 24 57 -0.114
37 16 48 -0.750
37 11 91 -0.687
18 18 110 0.921
35 9 9 1.351
28 18 114 1.474
22 29 24 -0.440
39 13 49 -0.221
7 38 108 -0.604
39 3 123 -0.982
39 15 131 -0.942
10 42 105 -0.850
16 27 103 -1.144
34 20 20 -0.287
40 8 46 -0.343
17 24 34 0.273
39 12 129 -0.378
14 39 32 -0.858
35 20 93 -1.017
10 34 32 0.383
29 35 96 -0.753
24 26 1 1.867
24 25 0 -0.996
40 6 12 0.453
11 37 30 0.580
27 20 98 -0.339
37 6 86 0.501
22 33 137 -1.043
41 9 13 -0.155
18 28 0 -0.479
12 30 142 3.497
38 3 84 -0.592
37 16 80 1.160
39 10 91 -0.924
37 16 56 0.750
12 34 140 -0.072
36 14 57 -0.569
26 22 61 1.113
12 40 30 -0.883
33 10 44 -0.495
36 6 130 -0.674
37 12 121 0.014
17 32 65 0.825
20 18 63 -0.786
13 32 109 -1.105
17 14 2 0.340
38 10 86 0.349
15 24 72 -0.592
15 36 75 -1.080
40 10 127 -0.242
28 17 40 2.481
15 24 73 0.598
13 37 102 -0.723
8 35 102 -0.393
22 32 100 -0.660
17 30 141 1.080
35 6 85 -0.082
32 26 43 -0.125
38 20 133 0.633
12 28 68 -0.602
38 16 131 -0.447
23 18 3 -0.165
14 35 144 0.431
42 11 128 0.256
26 26 25 2.328
40 10 55 0.693
16 26 67 0.423
38 14 48 -0.196
27 20 59 -0.772
19 27 74 -0.271
29 19 44 -0.827
26 25 61 0.048
32 17 117 0.341
30 25 42 0.518
39 16 86 -0.376
33 18 81 -0.435
18 23 76 0.109
25 18 39 1.329
37 10 89 -0.879
12 39 143 -0.302
29 22 80 0.068
38 14 18 -0.234
26 14 116 -0.199
33 28 133 -1.142
34 16 118 1.015
25 22 61 1.068
18 34 37 2.064
14 30 31 0.096
15 27 28 2.543
14 36 36 -0.493
29 26 100 1.596
19 26 26 -1.023
40 13 121 -0.535
32 19 134 1.412
20 30 26 -1.139
17 28 26 -1.224
34 17 43 0.943
23 36 62 -0.721
36 5 45 -0.143
38 12 7 -0.368
35 19 55 -0.011
24 22 77 -0.184
31 20 42 0.185
22 12 78 -0.861
25 23 5 1.042
23 34 115 -0.980
30 23 120 -0.720
25 10 44 -1.058
38 13 89 -0.445
23 28 27 -0.883
35 17 132 -1.031
12 36 108 -0.730
43 14 49 0.041
17 35 111 -0.948
12 30 33 0.595
35 12 121 -0.953
40 13 125 -1.103
26 24 63 -0.487
16 33 75 0.404
40 11 129 -0.659
12 30 29 -0.276
40 10 54 -0.783
28 33 96 -0.866
39 9 92 -0.634
16 29 142 4.872
22 36 63 -1.069
27 19 61 2.631
25 28 39 -1.223
19 29 28 -0.702
29 22 39 1.112
14 35 66 -0.038
42 11 127 -0.389
20 22 63 -0.690
13 36 105 0.011
39 11 52 -0.211
35 8 126 -1.005
43 10 125 0.029
36 19 132 0.083
13 26 70 -0.399
20 21 138 0.856
29 33 60 -1.316
17 20 31 0.756
25 24 136 -0.703
12 28 66 -0.456
30 14 4 -0.091
23 19 114 2.072
36 12 20 -0.890
16 36 143 -0.777
42 17 88 0.078
1 47 108 -0.977
23 25 28 -0.466
17 38 112 -0.821
42 18 91 -0.694
43 2 12 -0.370
12 40 105 0.358
21 21 0 1.080
34 16 96 0.175
41 8 50 -0.268
26 20 59 -0.114
15 22 73 0.442
22 33 62 -1.038
36 14 87 0.092
12 34 145 -0.812
43 10 91 -0.200
12 41 112 -0.784
11 26 105 5.962
38 15 90 -0.512
38 18 86 -0.934
40 17 88 -0.296
16 33 67 -0.731
14 32 112 -0.784
42 10 49 -0.236
37 11 127 -0.482
12 35 104 0.018
12 38 145 -0.066
29 20 98 1.442
15 22 74 1.487
20 26 38 0.812
11 26 71 -0.230
35 19 122 -0.371
32 24 97 2.334
17 31 70 -1.081
13 27 106 1.260
41 12 11 -0.142
22 25 1 1.591
37 14 87 -0.376
19 28 37 -0.610
43 9 52 -0.297
17 26 74 -0.209
37 19 131 -0.884
38 11 10 1.123
14 38 74 -0.933
37 20 56 0.434
40 14 55 0.337
19 23 34 0.043
7 30 108 -0.703
34 17 8 0.085
12 34 29 -0.253
12 32 145 0.036
35 13 80 0.388
15 25 64 3.272
36 12 12 0.068
40 12 11 0.198
42 13 51 0.455
13 37 66 -0.688
17 34 37 -1.024
19 33 37 -0.690
35 8 47 -0.894
38 15 57 -0.747
31 18 116 0.566
35 21 7 0.132
37 1 131 -1.088
28 23 79 0.745
19 19 138 0.352
32 17 81 0.094
31 26 57 -0.055
32 23 57 -0.123
20 24 138 1.621
29 35 60 -1.293
16 28 33 -0.734
25 33 60 -1.076
31 16 41 1.152
34 16 119 -0.688
29 18 40 2.790
15 28 141 0.223
38 11 91 -0.437
9 36 108 0.803
39 9 47 -1.093
13 27 35 1.628
25 31 62 0.382
18 24 75 1.870
31 24 134 -1.060
13 26 33 0.270
15 25 70 0.102
29 21 134 -0.499
36 17 20 -0.560
38 10 49 0.394
24 21 76 1.087
29 29 41 3.635
20 37 101 0.111
23 15 0 2.673
40 13 56 -0.045
18 27 143 -1.012
40 15 17 0.414
23 21 63 -1.216
14 22 103 4.597
31 13 115 0.953
40 13 83 0.577
18 32 37 2.031
21 12 0 1.831
21 29 101 1.334
23 32 77 0.260
39 11 126 -0.311
25 32 25 -0.465
17 39 137 -0.613
40 14 53 -0.090
43 10 129 -0.139
31 26 58 -0.311
38 8 14 -0.874
44 7 126 -0.069
37 17 19 -1.051
30 19 79 0.472
25 15 3 0.018
39 8 89 -0.779
12 25 67 -0.333
17 27 65 1.164
31 22 6 -0.316
35 23 132 -0.814
32 9 81 -0.267
36 8 82 1.142
36 14 134 0.187
39 5 15 -0.870
15 29 67 -0.816
13 32 141 -0.237
16 34 141 -0.923
16 35 67 -0.886
14 38 142 -0.649
15 40 148 1.263
17 24 65 2.125
26 20 61 1.777
41 9 129 -0.577
14 32 67 0.194
18 23 74 -0.078
24 16 4 -0.064
18 37 148 0.225
15 34 104 0.003
27 21 116 1.334
13 22 107 0.229
18 26 147 2.306
19 32 149 -0.952
13 33 102 1.792
41 17 88 -0.277
27 23 61 0.703
29 31 98 -0.337
16 25 73 -0.901
42 3 12 -0.740
20 24 2 -0.402
39 9 89 0.167
12 33 143 3.442
19 26 75 1.904
23 28 25 -0.736
23 19 63 0.362
34 10 85 -0.745
17 28 103 -1.115
29 32 96 -0.772
29 27 97 -1.133
15 33 103 2.250
35 4 8 1.376
41 13 11 -0.308
20 39 138 -0.736
17 27 144 0.478
41 13 92 -0.504
40 15 86 1.335
25 29 26 -0.673
18 28 38 0.423
24 13 1 2.593
22 30 38 -1.016
36 9 8 0.526
39 12 125 -0.836
14 32 144 1.987
16 24 28 1.375
15 26 71 0.494
24 38 114 -1.020
43 12 17 -0.276
14 36 75 -1.095
24 27 23 -0.265
38 11 54 -0.736
15 38 72 -1.169
42 13 129 -0.523
45 8 126 -0.113
36 9 118 1.114
37 15 89 -0.435
40 13 55 0.225
40 13 13 -0.082
33 17 9 0.338
40 12 124 -0.280
38 13 51 0.357
42 14 126 -0.682
35 21 19 -0.338
38 5 12 0.667
39 15 11 -0.462
33 16 9 0.504
24 32 62 -1.082
20 32 63 -0.469
31 27 59 -0.599
18 25 113 0.407
31 26 22 -0.623
20 26 28 -0.924
37 8 87 0.057
43 9 126 -0.807
33 21 80 0.301
38 18 131 -1.043
16 27 72 -0.217
14 31 147 0.465
11 40 72 -0.546
32 21 21 0.073
27 21 39 1.294
19 35 113 -0.426
28 31 135 -0.089
27 18 40 2.611
35 11 119 0.602
20 33 137 -0.373
42 8 126 -1.042
17 25 104 -0.099
38 20 86 -1.024
15 37 140 -0.003
29 15 21 2.168
17 24 31 0.090
18 19 31 0.582
12 33 142 -0.990
33 12 10 -0.027
33 15 42 0.972
37 10 53 -0.821
21 32 65 -0.642
27 30 25 0.907
12 30 143 0.579
35 18 132 -0.679
33 18 40 -0.752
32 12 45 -0.521
45 14 129 -0.243
35 9 126 -1.000
40 11 87 -1.127
14 35 147 -0.413
38 17 85 -1.015
29 12 44 -0.357
33 18 20 0.072
30 18 80 0.385
37 8 13 -0.731
34 18 86 -0.934
42 14 129 -0.842
27 24 44 -0.678
18 37 73 -0.677
11 35 32 0.049
31 23 133 -1.128
24 20 114 2.206
35 16 85 -1.031
14 34 72 0.592
30 21 61 2.086
15 35 110 -0.859
37 7 16 -0.916
39 9 122 0.411
21 28 75 0.519
32 27 80 0.935
39 15 51 0.363
31 17 80 0.015
33 22 58 -0.396
29 28 115 -1.062
12 31 71 0.364
41 9 88 -0.425
40 14 130 -0.485
19 25 148 0.128
17 36 36 2.302
15 37 102 -0.823
34 9 8 0.666
16 35 36 2.010
14 33 75 -0.770
38 10 15 -0.480
10 31 29 -0.907
37 14 47 -0.798
35 23 58 0.223
27 20 44 -0.799
28 32 23 -0.457
13 28 32 0.296
16 32 27 -0.955
36 2 85 -1.195
38 14 122 0.247
19 29 104 -0.033
40 17 18 -0.347
32 22 80 0.147
13 21 71 1.593
13 26 107 0.268
34 14 133 -0.167
20 30 38 -0.399
44 10 52 0.072
20 31 101 0.009
34 9 126 -1.013
16 21 147 1.704
11 43 146 -0.397
20 27 149 -0.764
24 25 139 0.750
33 26 133 -0.057
35 22 95 -0.691
9 37 107 -1.075
15 33 66 -0.762
38 10 16 -0.924
33 5 85 -0.666
25 25 24 -0.065
39 7 14 0.911
33 14 115 1.710
36 1 131 -1.041
20 27 38 1.256
29 19 23 0.176
39 15 123 -0.973
36 17 80 0.225
34 13 10 0.742
26 32 114 -0.033
40 10 14 0.024
16 34 36 2.334
32 26 133 -0.808
16 28 34 -0.213
15 36 66 1.743
35 7 87 -1.166
15 25 28 -0.632
31 18 96 -0.852
27 27 62 0.683
34 16 46 0.065
36 15 8 0.140
39 8 123 -0.816
41 9 50 0.549
31 19 6 -0.058
25 24 26 -0.489
19 18 2 0.278
15 30 36 1.189
39 12 54 -0.250
43 11 46 1.463
41 13 91 -0.741
37 11 48 0.114
29 28 135 -0.220
23 34 114 -1.103
38 14 53 0.317
35 20 95 -0.269
33 16 134 -0.472
11 36 146 0.060
16 19 31 -0.183
30 21 136 2.147
20 30 139 0.815
14 34 71 0.102
38 23 56 0.345
33 20 119 -0.659
37 17 81 0.444
30 16 79 -0.084
13 31 145 0.824
32 15 58 -0.066
29 25 59 -0.275
42 17 52 0.487
21 30 64 -0.715
27 25 116 0.755
34 12 121 -1.025
33 16 96 -0.378
16 23 73 0.434
19 20 112 3.354
16 32 32 0.032
32 25 59 -0.273
15 34 105 -0.441
12 40 109 -1.017
11 31 146 -0.637
14 32 143 -0.865
42 8 17 -0.124
38 16 84 -0.246
41 16 91 0.291
43 11 16 -0.283
35 12 54 -0.972
40 12 128 -0.525
13 33 70 1.420
16 36 103 -0.576
31 23 6 -0.261
24 38 77 0.340
32 19 40 0.051
16 30 34 -0.444
32 25 80 0.852
14 26 74 0.628
41 15 50 1.147
33 14 9 -0.210
41 10 47 0.206
38 10 45 0.620
14 33 69 -0.746
36 18 122 -0.509
16 27 75 0.593
38 15 92 -0.513
32 7 123 -0.864
32 15 6 0.195
40 13 52 -0.843
24 31 77 0.371
30 28 22 1.462
25 27 61 0.722
11 20 69 0.576
30 26 97 -1.066
31 21 77 1.575
28 29 135 -0.234
34 9 80 0.364
40 9 51 -0.891
43 13 16 0.500
31 19 96 -1.028
26 23 97 -1.182
28 22 60 0.210
31 15 117 -0.569
35 2 82 0.403
9 41 109 -0.636
42 15 91 0.239
23 29 113 0.169
11 33 32 -0.128
42 13 127 -0.997
18 23 111 -1.075
12 34 105 3.008
33 27 133 -0.987
16 29 111 -0.230
43 8 15 -0.698
40 13 126 -0.561
32 23 42 1.847
12 38 67 -1.203
23 21 112 0.801
32 23 22 2.455
42 16 17 -1.020
18 32 26 -1.133
37 7 18 -0.684
18 28 37 -0.598
35 12 43 0.744
25 15 78 -1.014
24 38 62 -0.982
27 21 120 -0.660
19 30 64 1.004
39 6 11 -0.812
34 24 133 -0.743
35 15 49 -0.695
36 12 89 -0.756
37 14 48 -0.614
39 18 131 -0.854
27 16 78 -0.559
22 25 114 1.090
30 25 41 2.454
34 25 119 -0.912
25 29 62 1.088
16 28 141 2.102
32 28 22 -0.196
17 33 72 -0.966
25 33 77 0.967
11 35 106 -0.688
13 20 33 1.483
39 15 88 -0.169
34 22 97 2.250
39 21 94 -1.048
14 35 111 -1.114
16 29 104 -0.328
32 19 5 0.247
21 31 64 -0.098
33 12 20 0.419
32 18 43 0.404
28 15 4 0.329
41 11 14 -0.135
16 30 104 1.617
42 12 124 -0.668
27 26 99 -0.586
29 21 59 0.006
36 20 7 0.642
12 33 66 -0.819
27 24 135 0.368
11 36 32 -0.217
34 15 41 1.741
23 36 23 -1.076
13 26 71 -0.365
23 31 100 0.078
37 9 53 -0.983
12 29 105 0.533
12 32 30 -0.142
22 20 114 0.972
44 11 126 0.023
11 43 139 -1.142
17 27 112 -0.367
33 26 22 -0.139
24 34 114 -0.859
40 8 125 -1.156
6 29 108 -0.848
16 35 148 -0.876
9 35 35 -0.732
30 27 97 -1.055
32 21 98 -1.078
20 23 139 0.295
18 25 76 0.103
42 16 129 -0.509
15 33 71 -0.417
10 36 30 -0.961
13 29 66 -0.409
11 37 108 -0.934
26 19 76 1.073
41 12 125 -0.835
31 18 40 0.173
25 25 99 -0.711
39 12 123 -0.483
19 38 138 -0.500
13 37 30 -1.095
15 25 74 0.543
41 15 130 -0.374
18 29 111 -0.800
40 14 83 0.583
16 33 68 -1.050
11 32 147 -0.613
23 33 62 -0.195
22 16 3 0.001
15 36 105 0.245
41 7 12 0.110
38 18 132 -0.755
14 31 140 -0.509
38 12 17 0.329
25 27 79 1.031
36 9 87 0.045
26 24 39 0.179
28 30 59 -0.904
19 30 73 -0.979
36 22 6 1.665
16 27 142 3.899
20 26 65 -0.103
41 9 124 -0.144
30 17 10 -1.168
25 30 25 1.259
37 19 81 0.739
36 19 20 1.058
13 34 68 0.360
37 15 131 -0.935
41 10 122 -0.063
15 36 148 -1.240
13 37 36 1.186
27 27 61 -0.150
22 20 139 0.310
20 31 63 -0.877
11 38 147 -0.905
21 25 138 0.307
40 10 49 0.332
28 24 136 0.506
28 21 97 -1.140
40 12 52 -0.554
24 24 3 -1.121
31 18 119 -0.827
29 22 96 -1.057
11 35 71 -0.843
12 29 27 -0.995
24 28 99 -0.986
19 25 141 0.431
24 25 63 0.313
22 15 138 2.566
22 33 99 -0.116
30 15 40 0.653
26 26 77 0.466
14 25 149 -0.332
15 34 102 -0.529
17 25 28 -0.277
38 15 86 -1.007
44 5 15 -1.029
13 34 139 -1.210
13 32 67 0.308
37 9 7 1.457
37 9 87 -0.002
38 10 121 -0.793
30 25 23 0.085
29 17 42 -0.127
31 13 5 0.019
39 10 54 -0.565
11 41 30 -1.100
15 30 147 -0.680
40 13 129 -0.679
35 10 80 0.491
42 13 49 -0.817
35 12 47 -0.764
42 12 52 0.401
31 25 135 -0.526
23 26 4 -1.086
12 39 65 -0.670
36 24 19 -0.475
28 16 116 0.866
8 32 32 -0.503
38 8 13 -0.851
15 35 32 -0.396
42 8 51 -0.490
38 13 48 -0.198
31 17 44 -0.225
15 34 0 -1.178
32 16 134 0.869
27 7 4 0.740
32 15 5 0.133
28 26 41 0.008
15 32 34 -0.374
38 15 55 -0.265
41 15 47 -0.608
33 18 58 0.246
27 24 42 0.000
39 14 17 0.389
36 24 130 -1.055
32 22 6 0.045
19 24 64 0.848
35 15 11 -0.703
36 13 9 1.123
12 38 143 0.403
37 10 132 -0.686
11 29 67 -0.341
31 17 41 2.094
13 35 32 0.666
37 20 121 -0.413
0 49 108 -0.822
11 40 65 -0.541
16 21 113 0.237
21 37 137 -0.677
20 24 27 1.459
34 18 42 1.061
20 29 0 -0.391
39 5 84 -0.122
29 24 59 -0.411
11 35 35 0.280
19 30 1 -1.164
12 34 35 -0.431
27 16 82 -0.932
39 14 11 0.069
14 34 0 -0.838
40 18 54 -0.425
26 15 44 -1.059
38 8 12 1.290
19 23 31 -0.342
42 5 12 -1.077
14 27 27 -0.968
36 15 48 -0.684
21 30 101 1.612
27 16 61 2.527
15 26 33 1.027
41 8 52 -0.995
13 32 34 -0.547
39 21 55 0.108
13 39 142 -0.897
33 24 43 0.771
10 36 109 -0.479
38 15 9 0.249
28 14 39 1.722
16 28 142 2.230
11 38 145 -0.564
15 41 68 -0.766
40 9 85 0.778
13 36 147 0.045
13 33 34 -0.771
13 27 107 -0.203
37 1 46 -0.262
12 33 106 -0.505
24 15 2 0.465
36 10 121 -0.170
37 13 45 0.598
36 21 95 0.146
19 28 76 -0.302
42 11 88 -0.061
34 22 19 -0.453
41 6 16 -0.196
34 24 7 -0.026
36 5 82 1.369
21 15 0 0.631
17 23 65 1.949
30 9 79 1.887
27 30 60 -0.932
36 23 121 -0.632
10 32 32 -0.092
31 8 117 0.012
40 18 17 -0.818
25 29 61 0.540
5 29 108 -0.996
28 23 41 0.498
33 9 84 -0.247
28 20 23 0.042
16 27 31 0.030
15 34 70 -0.521
32 25 43 -0.239
24 22 25 0.138
34 18 20 -0.213
13 34 0 -1.303
31 20 22 0.557
26 17 44 0.128
21 18 75 -0.243
43 14 17 -0.516
32 24 80 -0.044
37 18 48 -0.755
14 29 66 0.646
38 13 55 -0.175
30 23 60 3.084
22 21 63 -0.828
16 30 32 -0.304
32 18 56 -1.101
39 9 45 0.792
19 32 64 -0.678
22 28 26 -0.011
13 30 35 2.695
34 17 5 0.345
23 32 78 -0.998
20 36 64 1.071
19 21 26 0.457
18 27 31 0.085
17 28 102 -0.183
32 21 116 -0.277
14 36 149 -0.963
30 21 43 -0.381
28 20 59 -0.357
26 13 116 0.410
28 21 22 -0.398
18 29 101 -0.095
33 17 6 0.478
39 13 89 0.414
36 16 49 -0.512
30 26 22 0.583
20 20 73 -0.714
12 37 67 -0.604
21 24 111 -0.917
33 24 80 1.032
26 17 3 1.238
43 10 53 0.376
12 37 107 -0.865
17 32 148 -0.190
36 10 119 0.779
22 30 138 -0.134
19 19 2 0.413
34 19 57 -0.296
19 23 28 0.436
39 4 123 -0.327
41 7 127 -0.906
17 21 113 0.363
40 14 121 -0.593
20 24 26 0.745
28 21 135 -0.564
35 16 82 -0.057
42 7 14 -0.601
32 13 117 -0.825
13 32 27 -1.126
36 21 20 -0.197
34 21 57 -0.448
19 23 26 0.411
33 22 97 2.206
37 18 17 0.282
11 34 70 3.155
20 22 75 1.781
19 19 110 1.231
33 26 95 0.448
41 15 88 0.514
20 29 64 -0.304
40 10 45 0.745
13 24 69 -0.279
41 9 126 -0.845
18 22 147 2.246
32 24 133 -1.172
17 24 73 2.575
36 15 133 1.285
34 23 21 0.207
27 25 76 1.413
9 38 32 -0.768
32 16 6 0.420
12 27 66 0.885
24 12 0 2.067
42 10 11 0.070
10 36 146 -1.082
39 10 45 0.266
31 19 58 -0.243
34 22 58 -0.880
43 10 49 -0.431
30 28 41 2.731
11 39 66 3.244
41 13 88 0.302
13 34 34 -1.061
15 33 68 -0.097
32 18 81 -0.208
41 15 53 -0.169
19 27 3 0.699
45 12 52 0.386
25 26 4 -0.926
22 22 28 -0.908
25 23 39 1.562
33 8 117 0.182
32 5 119 -0.722
24 23 4 -0.821
11 27 35 -0.301
29 24 133 -1.135
43 13 124 -0.378
14 31 34 -0.614
12 31 109 -0.116
15 30 104 -0.721
20 37 137 -0.342
39 11 93 -1.113
25 26 60 -0.535
43 13 129 -0.212
14 39 148 1.091
38 17 121 -0.139
39 10 47 -0.460
35 14 133 -0.285
41 8 88 -0.680
16 37 75 -0.852
34 17 7 0.560
36 22 7 0.670
42 15 10 0.530
40 15 18 -0.447
20 25 1 1.087
35 16 122 -0.296
23 34 137 -0.650
20 18 110 0.176
19 30 149 -0.870
37 12 49 -1.013
24 29 100 -0.427
31 16 43 0.155
33 10 123 -0.729
37 17 92 -0.989
34 14 9 -0.480
42 13 91 -0.093
41 12 16 -0.148
39 16 126 -0.036
36 16 45 -0.140
14 33 70 0.088
37 14 83 0.400
30 14 117 0.939
35 16 58 0.494
13 35 34 -0.802
23 23 4 -0.837
24 15 97 -1.087
20 28 137 -0.612
38 9 53 -1.040
32 16 116 -0.401
31 9 45 -0.870
40 13 14 -0.181
42 18 130 -0.465
35 13 121 -0.658
11 36 30 0.317
19 32 1 -1.141
12 24 107 0.333
38 17 132 -0.792
12 34 34 -0.846
41 8 14 -0.775
26 25 98 0.146
29 19 40 2.653
38 4 87 -0.761
29 16 77 3.533
26 20 98 0.032
30 25 22 1.005
37 20 8 0.993
11 32 29 0.472
25 34 62 -0.929
11 34 30 0.054
41 6 90 -0.463
28 22 23 -0.728
34 12 46 -0.552
32 14 121 -1.210
30 20 118 -0.958
14 26 145 -0.234
20 20 3 -0.874
38 13 93 -1.004
17 30 37 1.277
16 26 142 1.770
20 31 26 -1.062
34 9 124 -0.647
12 33 70 0.503
36 16 57 -0.059
38 12 57 0.671
22 31 100 -0.028
14 28 103 0.738
14 39 35 -0.058
15 25 104 1.234
40 9 89 -0.514
11 34 107 -1.008
40 17 130 -0.767
16 32 36 2.170
13 41 66 0.021
14 36 109 0.050
31 20 21 0.442
23 27 0 -0.446
31 21 98 0.783
38 7 91 -0.435
14 23 107 -0.441
37 12 10 0.410
34 10 8 0.883
14 29 103 -1.289
11 28 67 0.485
39 16 92 -0.656
22 22 3 -0.341
40 15 88 -0.248
22 26 26 -0.197
12 33 145 -0.015
37 18 122 -0.561
15 29 111 -0.874
28 17 42 0.627
35 9 45 0.281
16 26 34 -0.341
40 15 122 0.081
22 27 4 -1.063
39 12 10 0.879
11 31 109 -0.041
37 14 53 -1.100
21 18 0 1.476
28 19 60 -0.316
38 12 123 -0.683
38 11 123 -0.494
12 38 146 1.007
15 28 67 0.517
28 21 26 0.833
13 26 31 0.420
18 34 64 0.965
18 21 33 1.145
33 15 43 1.026
17 30 143 -0.318
15 32 33 0.385
16 32 72 0.538
40 15 129 -0.625
38 16 8 0.503
38 10 13 -0.563
14 24 106 1.532
29 23 79 0.417
15 31 71 0.207
42 9 128 0.107
12 42 112 -1.007
15 26 146 0.597
20 33 0 -0.566
38 9 12 1.572
38 16 121 0.090
35 5 11 -0.352
30 25 115 -0.856
39 14 93 -0.803
41 14 15 -0.282
35 10 127 -0.863
31 17 97 -0.585
13 28 74 1.689
18 27 69 0.508
12 29 68 -0.133
19 21 63 -1.095
29 14 79 0.229
39 8 90 -0.208
38 9 90 -0.878
31 19 44 -0.195
18 33 27 -0.166
20 35 137 -0.650
12 36 140 -1.099
26 12 44 -1.076
18 35 37 -1.302
40 13 128 -0.241
40 4 12 -0.691
16 31 75 -0.757
29 22 23 -0.497
13 23 146 4.821
12 31 70 0.103
20 17 149 0.431
30 17 96 -0.746
12 32 35 -0.412
39 17 54 -0.360
11 26 66 1.254
25 32 23 -0.226
30 23 40 0.993
14 33 103 2.092
16 26 110 -0.325
35 26 94 -0.622
28 27 135 -0.134
15 42 137 -0.724
39 18 91 -0.056
22 31 137 -1.189
16 27 70 -0.179
38 7 121 0.655
23 32 24 -0.484
13 38 30 0.506
31 26 43 0.083
41 9 51 -0.602
11 41 106 -0.141
22 12 3 0.022
18 26 113 -0.340
29 20 79 0.599
12 37 69 -0.519
18 33 68 0.119
24 24 62 -0.399
34 13 54 -0.915
34 25 95 0.279
18 24 110 0.791
22 32 79 -1.064
20 22 3 1.228
44 13 128 0.388
37 7 48 -0.617
14 34 29 -0.698
16 25 27 -0.556
38 5 85 -1.097
43 7 17 0.194
16 34 75 -0.815
21 19 139 2.143
31 21 97 1.969
33 8 45 1.470
12 31 146 -0.424
45 8 17 -0.616
40 5 127 -0.680
21 22 4 -1.104
28 20 61 1.969
20 31 149 -0.800
12 36 109 0.492
29 25 97 -1.075
42 12 129 0.133
15 35 75 -0.865
32 27 95 0.189
35 22 80 0.843
33 13 96 -0.232
14 36 33 -0.731
16 31 113 -0.965
29 22 42 -0.266
28 22 134 -0.736
37 11 123 -0.922
43 7 52 -0.983
37 12 89 -0.665
17 24 64 0.856
37 18 81 0.437
14 26 142 1.119
18 33 33 -0.937
13 37 142 -0.777
17 21 141 0.797
29 23 98 1.377
30 15 22 -0.131
28 31 96 -0.958
19 21 3 0.529
20 32 64 0.216
16 34 65 2.714
39 10 51 0.106
42 12 49 -0.338
27 16 40 2.736
12 39 70 0.818
30 22 41 0.894
41 13 123 -0.378
23 35 24 -0.408
38 12 56 -0.166
20 12 3 -0.910
34 12 123 -0.648
17 33 149 -1.041
18 24 69 -0.341
13 33 66 -0.651
8 32 146 -0.994
37 19 133 0.350
12 28 65 -0.901
18 38 148 -0.158
15 25 149 -0.381
16 26 27 -0.858
13 26 106 1.322
9 29 107 -1.010
9 36 102 -0.724
37 17 17 0.366
15 29 144 0.359
41 11 53 1.164
42 18 128 -0.289
38 14 93 -1.057
13 40 67 -0.955
31 24 58 -0.686
23 25 78 0.211
15 35 36 1.100
24 27 1 1.781
37 11 53 -0.827
27 31 25 -0.566
19 26 74 -0.332
37 15 84 -0.203
21 27 2 -0.112
23 21 3 -1.145
39 9 56 -0.674
15 33 149 -0.862
37 12 127 0.169
41 7 52 1.111
13 30 75 -0.862
43 11 17 0.402
15 22 69 1.468
44 4 126 0.032
24 29 60 -1.304
36 10 10 0.871
34 20 81 0.369
26 26 114 -0.054
7 37 71 -1.116
38 11 84 -0.524
24 21 62 -0.596
29 23 23 -0.367
14 27 74 1.195
21 19 31 0.779
40 15 50 0.264
36 15 131 -1.035
24 33 77 0.114
39 15 55 -0.884
16 28 70 -0.244
17 35 68 0.965
39 9 127 -0.648
13 38 147 0.074
41 13 128 -0.581
22 23 149 -0.494
21 18 31 -0.228
30 24 23 -0.137
22 24 4 -1.047
30 19 44 -1.046
33 28 120 -0.743
23 27 25 1.003
19 20 110 0.614
18 35 140 -0.028
26 24 135 -1.060
15 35 141 -0.931
17 31 36 1.950
33 14 56 -1.154
35 7 118 0.796
24 17 0 2.549
13 26 103 0.956
10 39 30 -1.061
9 36 143 -0.865
40 10 92 -0.816
33 10 119 -0.299
15 28 75 0.233
15 27 104 -1.297
19 33 1 -0.823
31 15 81 -0.544
29 24 61 1.965
33 12 81 -0.127
23 28 1 1.651
16 36 72 -0.918
13 27 36 3.262
39 0 12 -0.875
43 14 91 0.311
27 19 40 2.279
38 12 84 0.068
33 21 6 0.199
13 31 106 2.953
29 26 23 -0.528
32 20 9 0.245
16 27 140 3.777
38 6 131 -0.993
38 8 49 0.139
13 22 33 2.058
41 16 55 0.439
22 22 113 1.616
34 17 119 -0.649
12 22 34 0.522
14 28 106 2.868
28 25 136 1.119
17 36 138 1.231
21 24 75 1.913
39 7 90 -0.827
17 22 31 0.311
42 4 15 -0.318
41 17 18 -0.293
23 36 114 -0.984
43 9 15 -0.345
13 32 143 0.823
19 24 65 -0.515
35 18 121 -0.222
13 39 105 0.449
38 19 92 -0.530
12 33 103 1.632
37 10 87 -0.032
10 28 102 0.062
37 16 89 -0.590
33 27 22 0.004
35 21 133 0.694
16 36 140 0.489
14 33 36 2.789
42 8 88 0.095
31 23 58 -0.514
37 10 124 -0.513
10 35 108 -0.823
42 4 12 -0.553
22 28 38 -0.727
33 12 117 0.828
30 17 79 -0.433
19 25 113 0.321
9 37 146 -0.619
37 6 131 -1.076
35 20 58 0.111
37 7 131 -1.093
15 26 75 -0.821
16 35 100 -1.138
15 29 149 -0.397
34 21 119 -0.694
41 15 46 0.602
13 23 71 1.758
31 28 22 -1.052
12 39 105 -0.155
25 28 23 0.731
30 22 133 -0.686
39 10 90 -0.611
36 6 45 0.386
37 12 18 -0.657
11 34 35 -0.615
18 28 104 -0.399
27 19 115 -0.948
41 12 50 0.478
26 31 23 -0.808
11 20 33 1.240
41 5 12 0.148
32 21 43 -0.120
23 26 3 -0.800
30 26 58 -0.278
42 7 16 0.312
23 12 0 1.878
30 11 79 -0.543
35 17 43 0.460
25 27 5 0.480
36 15 7 0.217
40 18 53 -0.344
28 22 118 0.015
34 20 58 0.100
41 11 48 -0.478
13 32 70 1.806
30 21 96 0.221
15 34 33 -1.049
12 36 35 0.703
28 22 77 0.669
28 17 116 0.752
34 19 19 -0.424
37 9 47 -1.014
26 15 38 1.237
16 23 74 0.417
21 34 137 -0.232
13 30 103 2.942
12 40 72 -0.642
44 12 128 -0.557
19 23 64 -0.840
29 14 117 -0.456
36 16 83 -0.629
13 24 74 2.933
12 32 72 0.295
34 16 19 -0.113
40 8 124 0.031
40 11 16 -0.032
17 23 28 0.462
22 26 113 0.285
41 11 15 -0.616
38 21 131 -0.946
38 8 11 -0.219
31 29 60 1.994
36 9 85 -0.615
41 11 51 -0.334
27 29 21 -0.691
29 13 118 0.071
23 21 149 -0.899
13 22 29 -0.937
19 24 2 -0.291
31 11 44 -0.404
30 10 117 0.861
18 30 28 -0.284
19 35 101 0.346
35 10 48 -0.234
23 20 26 0.518
32 14 80 -0.140
34 23 19 -0.694
34 22 6 0.370
11 34 69 -0.431
20 25 38 1.328
15 33 70 0.136
16 23 70 0.179
18 34 1 -0.049
24 31 26 0.139
37 21 56 -0.155
15 29 70 -0.874
16 36 113 -1.082
10 29 35 -0.297
27 26 115 -1.081
42 9 49 -0.894
34 14 119 -0.095
27 26 62 0.732
37 14 56 -0.045
35 24 57 -0.631
27 19 98 -0.307
40 8 45 -0.426
26 16 4 -0.264
24 14 2 0.449
20 25 26 0.781
16 37 143 -0.666
34 16 81 0.445
27 29 135 0.380
38 10 123 -0.385
24 30 23 -0.006
14 32 74 0.600
17 19 73 -0.468
15 22 29 -0.621
39 10 84 -0.032
41 9 127 -0.515
22 29 63 0.084
23 29 62 0.024
42 16 128 -0.266
29 18 39 1.578
36 12 15 -1.098
40 7 15 -0.415
43 16 128 -0.503
36 16 9 -0.843
35 20 41 1.858
13 37 145 0.670
12 36 30 0.422
33 17 117 -0.008
12 33 33 0.317
35 13 84 -0.267
26 15 114 0.749
35 15 20 0.432
40 7 125 -0.767
31 26 42 0.076
24 27 114 -0.206
9 35 107 -0.854
31 15 58 0.155
33 20 97 2.805
38 10 87 -0.069
24 29 24 -0.369
27 22 79 0.139
38 21 120 0.029
38 16 89 -0.244
18 22 69 0.663
37 9 18 -0.512
39 5 121 -0.938
21 35 100 -0.459
23 24 28 -0.618
29 24 24 3.273
42 7 17 0.539
13 36 68 -0.821
16 25 64 3.597
26 20 39 1.729
20 18 27 0.141
14 22 107 -0.784
13 26 66 -0.535
11 30 143 3.327
36 12 121 -1.001
27 27 116 1.751
19 31 101 -0.099
18 28 110 -0.747
32 25 57 -0.098
16 26 29 -1.065
13 29 67 0.035
35 14 132 -0.946
16 29 70 -0.709
31 13 7 -0.659
31 13 120 -0.820
39 17 92 -0.943
38 14 86 0.250
17 20 27 -1.149
40 8 90 -0.345
28 24 76 1.260
25 22 62 -1.285
26 26 60 -1.166
23 17 3 0.180
18 30 68 -0.384
13 31 105 0.918
30 16 120 -0.870
19 33 73 -0.399
40 15 11 0.563
33 16 119 0.139
41 12 91 -0.187
25 19 97 -1.195
36 17 87 -0.535
21 16 0 1.420
32 24 42 2.145
35 16 87 -0.572
27 24 25 0.335
20 24 75 0.340
24 16 114 3.194
42 3 17 0.610
11 43 147 -1.059
13 20 34 0.509
13 27 145 -0.920
40 13 18 -0.266
15 25 31 1.094
33 21 43 0.225
36 14 9 0.411
41 10 11 -0.112
39 14 92 -0.641
8 33 102 -1.154
19 25 73 -1.100
39 5 45 -0.303
20 20 75 -0.191
13 35 109 -0.788
34 15 18 -1.039
31 23 43 -0.244
12 30 102 1.168
36 21 6 1.526
34 17 133 0.369
41 13 49 -0.996
26 19 4 -0.557
11 37 106 -0.353
19 24 72 -0.861
10 36 106 0.237
36 21 18 -0.215
33 5 45 0.730
39 11 53 -0.451
42 11 54 -0.812
11 37 104 -0.347
34 17 96 -0.463
39 22 94 -1.061
22 28 113 0.001
14 33 34 -0.340
23 23 62 -0.732
13 36 69 -0.651
14 30 149 -1.143
16 24 37 1.928
24 24 139 1.110
30 27 42 0.199
36 22 120 0.091
11 34 32 -0.440
24 36 114 -0.693
20 26 0 0.249
9 40 109 -0.491
31 23 118 0.167
37 4 14 -1.204
12 35 71 -0.699
14 36 140 -0.379
18 34 101 -0.443
29 14 97 -0.767
30 34 60 -1.319
41 9 16 0.003
21 28 28 0.080
24 23 26 -0.492
11 29 109 -0.555
21 26 149 -0.839
25 29 25 -0.570
22 23 139 0.508
33 20 93 -1.098
16 32 71 0.174
35 12 89 -0.952
15 26 141 0.200
18 33 104 0.023
40 11 53 1.227
25 32 77 0.688
15 27 142 0.913
13 40 105 0.685
38 9 51 0.103
24 35 77 -0.194
13 30 106 2.462
23 20 3 -0.065
28 28 77 0.458
9 42 35 -1.198
39 7 49 0.115
36 10 89 -0.916
15 30 110 -0.986
14 36 144 -1.131
26 21 78 0.097
16 29 141 1.850
31 14 79 1.105
38 19 86 -0.909
37 8 127 -1.013
30 22 42 0.094
14 27 75 0.336
14 32 36 3.432
34 24 132 -0.853
31 26 59 -0.288
31 13 81 0.198
20 33 26 -1.052
34 20 21 -0.047
35 23 94 -0.620
34 22 7 0.209
40 15 46 1.608
37 9 56 -0.472
22 36 100 0.229
21 25 37 1.150
15 37 109 -1.087
28 25 39 0.182
39 5 14 -0.953
40 11 10 0.875
37 17 120 0.084
41 5 11 -0.345
34 15 9 0.140
17 29 147 -1.155
37 9 50 -0.589
31 20 44 0.246
13 40 143 -0.308
36 15 89 -0.787
13 34 69 0.795
38 12 53 -0.538
15 28 148 1.062
36 13 92 -1.013
12 35 66 -0.875
36 16 56 -0.726
37 11 131 -0.966
24 19 63 -0.258
29 15 44 0.396
16 33 140 -0.992
39 8 121 0.874
35 24 7 0.344
22 26 25 0.616
16 34 143 -0.629
13 39 111 -1.045
22 28 149 0.015
31 27 133 -0.783
37 20 95 -0.094
35 13 126 -0.879
28 15 114 0.856
15 19 73 0.106
11 36 72 -1.057
21 34 63 -0.846
32 15 94 -1.208
31 20 58 -0.933
24 22 149 -1.087
42 8 13 -0.052
15 36 142 -0.384
26 9 0 1.658
18 31 64 2.934
40 14 88 -0.402
40 9 50 1.191
40 8 17 0.120
26 15 5 0.934
12 37 30 1.601
12 32 32 0.567
15 21 29 -0.922
41 15 124 -0.924
21 30 27 0.179
16 28 28 0.531
24 25 99 -1.189
21 20 112 2.544
24 28 0 -0.777
40 14 92 -0.920
11 23 65 -1.024
41 13 51 0.067
16 32 74 2.263
37 12 53 -0.758
22 18 3 -0.340
37 2 7 0.151
17 30 26 -0.434
38 13 18 -0.589
13 33 106 1.775
19 28 26 1.111
12 21 71 0.925
19 34 64 -0.222
12 25 107 0.343
26 28 39 -1.128
12 29 29 -1.023
39 12 92 -0.849
36 11 120 -0.886
10 37 110 -1.205
19 22 1 0.297
38 14 13 -0.828
20 26 73 -0.630
18 16 34 0.565
30 20 98 0.441
20 29 113 -0.305
26 23 80 0.357
34 22 96 -0.117
42 14 46 1.350
30 14 116 1.032
32 26 21 0.182
37 16 54 -0.904
19 35 1 -1.107
40 11 11 -0.466
21 25 101 1.045
26 24 5 0.754
28 21 77 0.122
9 30 35 -0.181
37 8 124 -0.117
25 32 79 -0.905
15 38 143 -0.693
40 5 16 -0.551
45 16 51 -0.333
15 33 30 1.551
36 17 57 -0.181
12 33 147 -0.185
31 14 120 -0.817
13 32 140 0.168
42 16 91 0.235
18 36 38 -1.099
38 11 13 -0.438
29 11 4 -0.066
41 12 46 1.811
25 22 76 1.613
26 22 79 0.607
32 23 59 -0.052
23 23 101 0.951
21 36 78 -0.924
22 33 138 -0.443
23 32 26 -0.639
38 12 11 0.829
41 7 50 0.643
29 22 135 -0.070
19 31 73 -0.606
13 30 67 -0.929
32 22 81 -0.514
33 11 48 -0.747
24 22 76 1.536
21 17 138 2.061
18 26 28 0.532
14 24 69 0.934
10 38 110 -1.273
33 17 80 -0.412
20 26 111 -1.013
18 31 1 -0.257
26 27 41 -0.237
23 14 0 2.067
38 14 57 0.999
33 15 80 0.806
34 19 119 0.262
33 10 124 -0.793
31 16 79 0.972
33 22 134 -0.605
33 10 8 0.301
21 30 149 -1.104
34 20 19 -0.425
44 9 15 -0.577
16 37 142 -0.668
23 16 0 2.517
16 34 72 -0.807
41 19 125 0.041
43 9 17 -0.407
33 25 58 0.016
35 8 11 -0.064
41 5 88 0.124
26 25 136 -1.143
41 12 127 -0.397
43 10 16 -0.024
36 11 130 -0.513
14 18 74 1.050
43 12 90 0.304
37 9 85 -0.707
30 24 118 0.363
40 10 52 -0.504
12 36 146 -0.453
33 15 20 -0.000
26 14 5 0.996
31 19 59 -0.816
25 25 62 0.545
33 22 81 -0.617
25 16 137 0.269
40 12 49 0.206
43 7 51 -0.893
13 33 68 0.428
31 19 81 -0.313
34 22 94 -0.941
10 38 30 -0.043
12 31 35 0.070
14 29 31 0.484
26 29 137 -0.499
25 19 62 -0.288
17 29 112 -0.441
13 39 32 -0.822
43 10 126 0.384
26 30 99 -0.264
29 26 60 2.964
28 15 115 0.657
14 32 148 -1.166
26 18 4 -0.264
11 31 69 0.182
43 19 130 -0.838
22 21 26 0.206
17 32 140 -0.447
34 17 93 -1.107
38 17 56 0.665
36 5 8 -0.107
29 22 43 -0.736
14 30 104 -0.980
38 17 128 -0.806
17 32 64 0.572
28 29 21 -1.057
30 20 22 0.203
19 21 74 0.389
38 14 132 -0.683
16 29 74 1.417
36 16 133 0.067
36 9 18 -0.801
16 35 141 -0.218
27 14 82 -1.017
38 8 123 -0.856
19 30 113 -0.774
40 9 49 0.204
14 22 106 1.649
38 17 87 -0.832
31 25 41 1.473
14 27 71 0.278
17 28 144 -0.881
38 10 53 0.372
42 16 53 -0.575
27 22 78 0.506
11 27 105 4.720
10 28 65 -0.843
15 26 74 0.348
13 40 70 0.143
28 23 59 0.119
27 19 116 1.298
17 30 27 -1.039
22 20 136 -0.270
24 22 63 -0.711
35 11 48 -0.135
38 14 56 0.726
24 34 24 -0.623
17 29 74 -1.125
30 16 21 2.250
39 11 9 0.407
40 18 130 -0.995
33 19 134 1.297
18 20 33 0.597
42 11 56 0.017
16 21 27 -1.139
24 30 61 0.386
30 11 44 1.067
11 39 102 -1.110
35 26 20 -0.035
10 38 32 -0.241
34 14 8 0.139
21 22 138 0.599
32 17 44 -0.359
36 22 56 0.458
34 21 133 -0.819
21 26 26 0.252
15 36 103 1.369
26 25 137 -0.554
11 25 33 0.922
26 22 62 0.395
26 16 38 1.729
34 22 57 -0.290
43 16 52 0.382
23 24 24 1.033
30 23 23 0.107
43 5 14 -0.737
26 29 136 -1.134
13 33 67 0.094
31 21 42 0.473
17 33 113 -0.748
15 27 27 -0.769
30 23 94 -1.208
32 24 43 -0.072
35 6 118 0.594
20 18 139 2.238
38 10 47 -0.125
37 6 13 -0.964
37 18 57 0.675
24 29 135 -0.528
31 21 21 0.712
13 34 148 -1.225
15 31 140 -0.549
8 36 109 -0.002
38 17 8 0.814
22 34 138 -0.818
27 19 39 2.148
38 7 46 -0.328
11 45 139 -1.105
12 36 67 -1.171
30 28 21 -0.853
35 9 11 -0.041
11 44 102 -1.151
27 27 60 0.935
14 24 74 2.141
38 10 8 2.204
12 34 32 0.974
18 27 37 0.823
40 11 130 -0.595
29 17 22 1.025
31 9 119 -0.718
16 35 109 -1.173
23 16 3 0.075
40 13 46 0.955
37 10 12 -0.008
40 10 86 -1.181
15 18 74 1.066
38 16 129 -0.967
37 9 118 1.615
28 14 5 -0.386
38 14 49 -0.854
16 31 142 3.731
12 25 33 0.096
38 15 80 0.466
33 5 82 0.345
21 16 2 1.602
15 20 69 1.721
37 10 48 -0.110
12 28 142 -0.781
34 20 10 -0.963
27 19 120 -0.626
24 25 25 0.607
38 10 51 0.185
38 12 131 -0.455
25 16 3 1.169
42 11 121 0.412
11 28 27 -1.210
37 6 7 0.231
39 12 85 -0.203
19 22 110 2.150
10 36 35 -0.957
41 6 127 -0.630
23 23 3 -0.639
39 12 87 -0.627
8 37 102 -0.592
42 5 13 -0.269
31 24 94 -1.200
35 25 94 -0.709
32 16 81 -0.130
39 14 15 -0.391
41 7 16 -0.524
19 30 140 -0.087
27 21 26 0.597
27 17 79 -0.177
39 13 51 0.344
21 19 2 1.647
35 12 10 -0.590
31 28 134 -0.987
37 17 131 -0.944
19 25 27 1.558
17 34 148 -0.324
39 7 124 -0.239
14 28 111 -0.372
18 28 112 -0.921
28 22 41 0.426
29 15 115 1.789
36 6 84 -0.354
12 39 30 -0.092
42 6 15 -0.269
31 21 57 -0.831
42 4 17 0.645
15 35 34 -0.414
32 23 98 -0.959
24 27 25 2.189
37 6 123 -1.103
30 24 94 -1.235
29 23 21 -0.662
13 33 33 -0.800
29 24 136 0.254
34 21 59 -0.823
38 16 90 -1.036
37 15 127 0.134
28 24 135 0.020
20 33 101 -0.427
12 39 32 -0.432
24 30 77 -0.709
22 14 1 0.040
17 33 36 2.095
12 38 147 -0.460
17 22 28 -0.262
14 29 111 -0.148
30 22 21 -0.654
39 12 48 -0.360
39 14 89 0.298
39 6 16 -0.675
32 19 94 -1.103
41 10 18 -0.646
26 19 116 0.418
34 12 9 -0.456
36 20 6 1.997
20 22 76 -0.082
23 29 100 1.007
43 15 91 0.160
41 14 125 0.132
14 31 69 -0.760
16 39 103 0.985
36 16 93 -0.849
40 3 15 -0.117
12 31 67 -0.426
41 13 130 -0.297
28 24 77 -0.025
33 0 82 -0.783
25 32 114 -0.196
41 2 12 -0.482
38 12 89 -0.631
15 30 27 -0.895
29 13 117 -0.786
9 31 143 0.194
31 24 60 3.141
41 12 15 -0.676
41 11 87 0.617
29 12 115 2.252
13 37 147 -0.979
27 25 98 0.664
18 21 73 2.329
11 30 107 -0.143
11 36 110 -1.229
27 15 40 2.193
28 28 40 -0.449
17 30 105 0.836
16 26 75 0.035
38 12 18 -0.620
40 5 46 0.527
14 20 34 0.546
35 24 19 -0.033
44 6 52 0.115
22 20 24 0.628
13 27 66 0.953
35 15 18 -1.135
27 21 97 -1.116
32 30 59 -0.828
29 24 115 -0.661
17 30 111 -0.818
29 26 98 -0.871
20 27 1 1.577
18 27 110 -0.864
29 21 41 0.388
41 18 17 -0.820
37 15 18 -1.071
17 39 68 -1.048
26 26 44 0.428
29 19 42 -0.772
39 9 48 0.167
42 15 88 0.274
19 28 112 0.313
13 21 33 2.826
39 17 17 -0.130
21 35 99 -0.777
40 13 48 -0.428
43 9 16 0.019
35 14 54 -0.951
35 16 10 -0.705
7 28 108 -0.891
24 26 76 1.884
33 21 57 -1.014
32 27 98 -0.914
17 28 147 -1.160
43 13 125 -0.188
24 11 0 1.356
33 22 95 -0.030
21 20 114 0.783
25 21 5 0.011
25 26 24 0.962
25 31 39 -0.961
15 25 141 0.526
36 14 82 -0.037
12 39 35 1.096
18 24 68 0.921
15 40 0 -1.282
31 22 118 -0.723
24 18 137 -0.013
17 31 138 0.645
32 20 44 0.055
41 11 124 -0.290
18 33 106 -0.526
21 23 139 1.145
42 10 90 0.050
25 32 24 -0.777
37 12 90 -0.851
37 11 18 -0.345
34 20 96 -0.309
37 11 45 0.866
38 3 131 -0.850
29 16 115 1.895
14 39 33 -0.485
35 22 58 0.228
14 32 69 -0.174
35 10 87 -1.100
37 19 56 0.697
38 3 123 -0.962
25 26 136 -0.779
26 21 60 -0.596
40 12 125 -0.269
24 19 2 0.070
38 8 15 -0.129
38 9 87 -0.649
29 27 135 1.571
41 8 47 -0.550
40 12 85 0.566
27 30 99 -0.441
41 16 17 -0.333
11 29 69 -0.945
32 23 134 0.151
16 24 111 -0.987
16 35 74 1.661
43 13 128 -0.413
34 5 8 0.866
31 26 133 -1.090
16 18 31 -0.116
15 28 110 -1.231
31 19 41 2.090
40 11 89 -0.434
35 17 119 -0.455
22 33 100 0.004
38 11 55 -0.781
42 11 51 -0.493
36 1 82 0.713
40 17 17 -0.176
28 26 116 -0.427
45 3 46 -0.711
39 11 88 -0.350
27 24 117 -0.050
39 8 50 1.121
31 15 7 -0.723
43 5 51 -0.620
39 10 131 -0.806
29 30 96 -0.811
41 8 91 0.782
30 14 79 0.324
41 9 92 -0.774
41 7 92 -0.599
19 27 28 0.611
37 18 8 0.648
22 32 25 1.023
39 10 14 -0.153
36 14 43 0.648
25 34 24 -0.796
22 25 39 -0.317
28 30 40 -0.486
27 25 135 -0.228
13 41 143 -0.020
33 20 134 1.296
19 34 63 -0.376
36 7 11 0.192
43 12 125 -0.273
14 37 147 -0.459
35 19 47 -0.820
29 20 42 -0.175
14 31 106 -1.230
18 26 64 1.307
22 19 114 2.156
26 18 61 1.907
16 30 75 -0.726
18 26 141 1.005
13 28 33 0.685
12 29 107 0.250
18 35 113 -1.164
30 21 57 -0.819
11 33 104 -0.739
9 42 146 -1.046
15 27 29 -0.824
24 23 5 -0.396
19 21 113 1.287
23 23 76 -0.369
21 31 78 -1.106
13 39 68 0.159
16 30 144 1.177
19 32 140 0.198
31 24 21 0.662
34 12 117 0.953
19 27 0 0.330
16 31 144 0.934
18 22 68 -0.749
18 30 139 -0.654
39 13 85 -0.198
13 36 109 -0.934
20 28 28 0.313
30 24 61 1.386
32 19 58 0.068
13 35 29 -0.539
36 24 120 -0.298
11 37 146 -0.629
37 12 122 -0.068
19 26 31 -0.009
43 7 53 0.538
35 13 46 0.311
19 28 73 -0.838
8 35 108 0.472
17 15 73 1.429
29 21 5 -1.029
30 21 41 1.561
17 28 137 0.209
15 34 144 0.177
38 5 15 -0.401
35 17 11 -0.698
17 28 141 0.747
27 29 115 -0.814
30 19 134 -0.828
39 7 15 -0.365
39 7 13 -0.426
14 35 112 -0.681
14 41 32 -1.005
13 40 102 -0.782
43 9 50 -0.558
37 7 11 0.505
16 23 1 -1.140
34 16 93 -1.124
27 21 98 0.282
38 6 91 -0.850
28 24 39 0.408
26 25 78 -0.072
27 22 5 0.529
38 9 89 -0.181
30 27 136 -0.292
40 16 11 0.115
23 26 139 0.274
40 15 49 -0.711
15 30 67 -0.087
20 24 25 0.438
16 22 34 0.173
31 24 42 0.210
36 11 83 -0.124
34 12 54 -1.041
10 33 145 -0.611
18 29 64 -0.429
30 19 61 1.343
39 11 86 -0.176
28 28 25 -1.135
29 11 115 1.600
22 23 2 -0.582
18 26 26 -1.190
41 15 11 0.640
32 10 8 0.038
31 22 134 -0.841
22 37 78 -0.847
26 28 62 0.971
41 10 83 1.341
32 15 79 2.161
12 33 68 1.103
28 17 80 -0.011
23 26 5 -0.381
13 29 144 0.856
17 28 27 -0.719
17 29 149 0.296
16 24 73 -0.226
17 29 28 -0.752
18 18 2 -0.436
16 32 105 0.117
9 27 29 -0.762
29 26 21 -0.814
35 13 87 -0.614
35 14 58 -0.124
14 29 36 4.286
15 35 149 -0.968
17 41 137 -1.157
23 25 61 0.033
38 14 55 -0.091
15 30 68 0.369
13 36 149 -0.338
21 24 113 -0.056
18 25 139 0.939
38 17 80 1.160
12 36 69 0.533
35 12 11 -0.723
15 35 74 -0.942
22 26 38 -0.168
9 38 109 -0.321
40 14 91 -0.722
39 17 94 -1.129
43 9 124 -0.499
40 12 50 -0.780
25 24 114 0.202
25 15 61 1.387
18 22 110 0.563
28 25 44 -0.805
16 26 1 -0.545
40 12 53 -0.214
32 11 53 -1.267
29 27 77 0.655
15 18 1 -1.200
24 24 136 0.218
21 30 26 -0.797
38 14 131 -0.139
29 16 5 -0.532
33 19 80 -0.570
41 15 55 0.866
25 26 61 -0.506
42 1 46 -0.003
33 19 119 0.492
11 36 143 3.441
37 17 133 1.106
15 30 140 1.420
39 18 88 -0.242
28 24 41 -0.149
26 21 61 1.092
30 19 21 1.696
36 9 126 -0.644
33 19 58 -0.453
44 7 16 0.951
14 39 105 -0.314
40 18 88 0.413
35 8 50 -0.624
39 4 14 0.034
11 31 34 -0.911
38 16 122 0.289
24 11 116 -0.581
41 11 47 -0.487
21 30 75 0.288
28 21 41 0.220
24 27 26 -0.266
19 28 139 0.610
20 27 5 -0.279
19 30 111 -1.056
16 20 141 1.234
20 24 3 1.300
20 29 2 -0.103
29 24 21 -0.706
31 22 94 -1.171
23 21 138 1.178
33 18 6 0.179
38 7 85 -0.916
25 32 60 -1.165
16 30 1 -0.882
39 11 124 -0.976
40 15 54 -0.230
42 11 17 -0.160
22 32 23 -0.954
34 9 44 -0.722
28 28 115 -1.036
42 15 49 0.207
35 17 19 -0.325
16 25 28 1.547
32 23 6 -0.380
38 10 129 -0.553
23 12 1 1.211
12 34 72 0.637
18 26 75 2.053
28 21 60 0.117
12 36 32 0.111
37 18 121 -0.928
19 18 73 -0.883
13 27 149 -0.341
13 36 32 -1.021
35 15 133 0.058
21 32 26 -0.503
19 32 65 2.690
18 30 1 -0.516
33 18 91 -1.026
37 17 8 0.265
12 31 106 -0.469
36 20 20 0.047
38 13 87 -0.136
42 6 127 -0.159
40 14 129 -1.035
28 21 23 -0.346
18 28 64 1.290
14 23 145 -0.895
13 36 139 -1.227
10 21 67 -0.257
9 36 109 -0.941
16 36 147 -1.077
13 30 70 1.409
21 24 26 0.868
10 33 143 -0.267
38 13 7 0.399
33 11 117 0.172
39 17 55 -0.820
24 25 100 0.928
17 35 113 -0.890
18 30 37 -0.288
12 31 141 -0.975
37 17 56 0.496
32 5 82 -0.944
12 25 71 1.797
28 15 117 -0.387
19 36 140 -0.661
21 22 139 2.244
42 17 128 -0.512
23 27 39 -0.085
13 39 106 -0.667
36 21 7 0.506
41 14 48 -0.564
13 28 107 0.315
10 33 33 -0.749
30 20 43 0.176
25 20 4 -0.445
18 32 1 0.089
35 20 132 -0.925
16 21 31 0.335
15 29 75 -0.947
17 30 70 -1.111
18 33 140 -0.961
27 31 23 -0.681
40 6 131 -0.894
37 12 120 -0.318
43 12 88 -0.514
35 15 43 0.856
36 22 80 0.751
30 27 21 -0.879
36 5 118 1.222
13 42 70 0.083
20 22 0 0.921
13 30 141 -0.002
26 17 5 1.035
8 33 30 -0.900
15 34 69 0.086
41 17 128 -0.528
23 25 3 -0.673
34 14 124 -0.410
43 10 15 -0.387
13 28 31 1.076
40 10 16 0.092
20 18 138 1.192
34 19 56 0.203
40 8 13 -0.118
25 31 60 -1.158
40 13 92 -0.764
17 29 64 2.911
32 21 59 0.063
27 30 24 0.393
42 5 15 0.126
20 30 101 0.089
34 17 6 -0.316
26 31 61 -0.744
11 28 65 -0.549
18 30 64 0.775
34 19 81 0.374
38 11 129 -0.582
28 22 136 0.226
42 9 54 -1.116
31 20 118 0.681
16 28 1 -0.749
42 15 51 0.436
12 37 32 -0.246
25 25 100 0.800
34 16 20 -0.117
22 25 25 -0.573
29 14 39 1.543
21 28 37 2.325
19 28 38 0.099
31 15 116 0.308
37 16 133 0.131
38 15 53 -1.000
18 32 38 0.112
35 24 95 -0.316
16 28 145 -0.437
21 34 64 -0.749
33 18 9 0.543
36 17 10 0.082
17 24 149 -0.064
38 7 16 -1.042
32 20 40 -0.335
27 25 99 -0.648
20 27 28 0.127
30 23 97 -0.868
19 30 65 0.697
27 15 115 0.491
24 19 99 -0.846
22 22 2 1.054
15 33 113 -0.750
28 19 61 0.477
20 27 65 -0.489
15 31 36 1.003
43 8 90 -0.094
17 25 37 2.124
31 23 94 -1.196
16 32 69 -0.117
38 14 87 -0.380
27 20 76 1.131
15 33 148 -0.464
25 20 114 2.397
22 31 78 -1.059
16 39 0 -1.258
42 10 17 -0.424
12 26 107 -0.063
39 13 8 1.385
13 37 109 -1.030
12 40 35 0.968
40 9 124 -0.399
33 21 134 -0.147
13 19 69 0.727
29 26 61 1.254
43 10 13 -0.127
42 17 129 -0.843
33 7 123 -0.971
16 33 148 0.630
25 21 39 1.203
36 11 10 1.047
11 30 109 0.203
42 2 12 -0.978
17 31 38 -1.020
12 43 72 -0.995
16 25 141 1.460
32 4 123 -1.021
23 30 39 -0.235
36 6 118 1.527
30 17 43 1.408
29 18 41 0.122
40 11 13 0.203
32 18 79 -0.078
14 39 112 -0.870
35 16 6 0.066
38 13 121 -0.658
19 30 38 0.393
29 21 39 -0.526
36 12 47 -0.903
15 39 140 0.020
17 31 111 -0.795
35 3 84 -0.507
39 15 54 -0.346
32 23 58 0.210
42 7 11 -0.759
31 13 116 0.127
17 31 69 -0.256
13 41 112 -0.655
38 17 9 -0.720
36 11 121 -0.370
10 32 106 -1.071
31 23 134 0.232
26 25 62 0.833
28 18 78 0.742
15 29 32 1.736
41 13 84 -0.312
13 32 69 0.752
16 34 70 -1.079
31 17 77 2.795
18 23 0 0.089
17 19 110 0.742
35 14 117 0.059
13 35 70 0.796
29 23 60 1.859
24 21 98 -0.259
35 11 87 -1.108
16 23 141 0.561
25 26 100 0.444
37 8 15 -1.021
35 19 7 0.366
29 12 79 0.496
15 28 144 -0.143
24 22 78 -0.382
35 22 6 0.939
22 21 27 0.640
15 32 104 0.778
45 11 126 -0.094
11 34 145 -0.243
35 22 96 -0.263
15 22 28 0.654
27 22 60 0.030
40 7 46 -0.453
38 7 9 0.760
36 18 92 -1.126
42 16 88 0.306
39 4 15 -0.725
12 35 106 2.973
16 33 69 -0.718
42 12 13 -0.231
39 21 130 -1.062
15 37 103 0.309
24 18 82 -0.922
18 29 31 -0.028
26 27 135 -1.030
39 13 123 -0.669
40 17 11 -0.147
17 35 112 -0.713
36 18 20 -0.940
37 13 13 -0.771
17 31 112 0.184
36 15 20 -0.722
17 42 137 -1.130
42 12 53 0.169
39 15 9 0.188
18 31 139 -0.365
36 23 7 0.583
28 24 60 -0.357
34 20 93 -1.093
8 41 108 -0.042
34 20 80 0.154
30 25 43 -0.244
37 9 49 0.470
33 7 47 -0.948
42 10 18 -0.612
22 16 76 2.139
33 5 8 0.267
11 23 107 -0.724
26 16 117 -0.928
37 17 132 -0.375
39 14 55 -0.491
35 13 86 -1.000
13 35 143 0.265
15 28 112 -0.616
18 27 28 0.103
14 28 67 0.158
36 12 82 -0.504
28 31 99 -0.443
17 28 72 0.553
34 16 43 1.044
30 17 77 2.925
24 20 38 -0.340
30 27 94 -1.258
14 25 103 -1.162
38 21 84 -0.432
35 18 47 -0.331
31 22 80 0.134
16 26 140 3.337
32 16 20 -0.261
41 15 92 1.704
26 27 100 1.964
12 24 66 -1.279
33 19 42 0.722
38 12 87 -0.519
24 29 139 -0.555
30 25 98 0.590
31 12 118 0.397
29 16 22 1.264
31 9 79 1.702
11 32 66 -0.942
11 35 105 -0.661
17 21 1 -0.705
40 14 125 -0.099
19 18 149 0.670
13 33 35 1.289
19 25 2 -1.168
14 33 147 -0.713
41 14 53 0.007
11 39 145 -0.510
38 9 86 0.643
41 9 46 -0.011
37 13 9 0.470
28 20 114 1.400
41 11 92 -0.610
32 21 120 -1.011
7 33 108 0.276
12 33 36 -0.252
15 35 68 -0.514
15 31 72 -1.082
39 12 12 0.820
40 14 86 -0.765
19 18 1 0.315
25 33 24 -0.801
36 17 92 -0.880
13 34 149 -0.492
13 27 71 1.335
30 18 22 0.281
26 20 5 0.886
19 29 26 -1.201
29 24 80 -0.084
40 12 16 -0.629
23 21 2 1.238
35 13 49 -0.859
35 16 47 -0.675
39 13 124 -1.047
34 20 6 0.192
14 31 105 2.679
42 12 88 -0.164
17 27 102 -0.627
33 10 80 0.128
29 26 22 -0.465
32 19 59 -0.271
44 7 17 -0.570
18 20 113 0.644
9 29 109 -0.463
29 22 118 -0.018
18 22 75 2.133
41 9 83 0.538
21 25 149 -0.712
37 17 122 -0.083
28 13 116 0.916
27 28 26 -0.862
18 25 37 1.223
32 16 79 1.293
23 30 62 -0.709
40 5 15 -0.215
17 23 34 0.335
21 36 64 -0.883
33 21 58 -0.118
30 19 115 1.239
11 26 67 -1.213
10 32 146 -0.869
26 28 61 -0.391
22 28 25 0.302
34 20 95 0.657
24 28 100 0.266
36 11 89 -0.935
29 24 41 1.972
33 16 118 0.869
18 31 112 -1.016
37 6 127 -1.061
32 17 118 -0.149
18 30 26 -0.650
14 37 32 -0.788
30 26 60 2.204
41 11 46 0.576
39 17 132 -0.951
14 28 37 -0.560
13 38 143 -0.042
19 33 139 -0.346
14 29 105 2.142
27 21 115 -0.861
11 31 143 -0.164
29 19 79 0.885
37 5 123 -0.276
34 0 82 0.106
33 9 119 -0.587
24 37 137 -1.063
31 22 120 -0.788
17 18 34 0.571
42 20 130 -0.269
40 11 54 -0.680
6 33 102 -1.019
22 30 24 0.099
37 3 7 0.299
11 38 109 -1.149
15 32 110 -1.212
18 36 1 -1.147
0 44 108 -0.964
18 34 149 -0.981
38 14 126 0.215
10 30 65 -0.451
34 24 58 0.167
37 19 92 -0.628
17 27 75 -0.803
12 34 109 0.348
39 11 85 0.299
19 34 73 -0.493
40 8 127 -0.345
37 15 122 -0.325
26 26 79 -1.027
13 32 31 -0.752
36 14 89 -0.712
39 8 91 -0.248
18 32 100 -0.669
26 21 99 -0.542
25 22 3 0.175
35 18 41 1.270
42 6 53 0.061
14 43 111 -1.162
15 33 147 -1.080
11 36 107 -0.571
20 31 1 -0.861
25 26 79 -0.990
38 12 121 0.772
37 25 132 -0.061
9 34 102 -0.674
20 28 37 -0.956
16 35 104 -0.776
31 18 77 1.963
39 10 124 -0.302
36 6 7 0.071
38 16 48 -0.620
37 10 85 -0.080
32 23 40 -0.625
39 14 86 0.165
41 12 123 -0.256
37 20 6 1.159
15 36 36 0.493
38 22 132 -0.156
14 38 145 -0.621
32 16 118 0.558
16 37 68 -0.679
15 32 144 2.035
22 31 63 -1.078
19 18 138 -0.262
21 10 0 1.240
40 16 55 -0.503
30 22 135 0.637
13 28 29 -0.840
34 21 6 0.999
26 28 58 -0.082
17 20 73 0.521
22 25 26 -0.632
40 5 126 -0.879
15 35 103 2.058
27 22 63 -0.479
34 19 93 -1.208
41 10 84 0.583
37 7 83 -0.182
27 17 118 -0.074
12 29 67 -0.477
16 31 148 0.323
38 13 128 -0.968
42 8 50 0.427
30 17 118 -0.670
19 26 73 0.453
14 42 147 -0.697
31 21 44 0.072
29 17 39 1.872
32 18 133 -0.284
22 34 24 0.127
30 20 61 2.875
31 19 77 1.549
36 15 46 -0.732
10 37 30 -0.594
38 16 83 0.247
27 18 4 -0.237
12 38 104 -0.545
19 31 65 1.508
15 31 111 -0.882
11 31 106 0.996
27 23 44 -0.701
41 11 13 0.129
39 17 130 -1.102
35 7 7 0.143
22 19 76 -0.060
22 23 4 -0.974
38 14 84 -0.197
26 13 44 -1.021
39 6 89 -0.754
29 27 60 2.533
19 25 31 -0.510
37 14 18 -0.074
37 11 47 -0.639
14 35 143 0.982
42 9 90 0.229
20 35 65 -0.107
16 36 36 0.772
29 9 117 0.473
27 27 41 -0.103
30 23 22 1.203
14 25 66 -0.539
35 20 19 -0.562
31 27 60 0.654
32 27 134 -0.886
18 26 112 -1.060
32 15 117 -0.201
38 17 94 -1.144
38 13 123 -0.333
10 34 66 -0.444
38 6 12 1.112
16 32 68 -1.055
16 38 72 -1.051
39 12 89 -0.016
15 32 71 0.012
24 25 116 -0.066
18 22 27 -1.061
14 34 142 -0.859
11 30 69 -0.674
14 37 145 0.621
42 3 46 -0.701
34 15 134 1.011
15 23 140 2.414
16 30 102 -0.475
36 7 127 -0.823
38 12 55 -0.102
41 4 16 0.393
43 6 17 -0.790
44 4 50 -0.703
19 26 113 -0.639
13 20 68 -0.692
29 20 22 0.816
37 18 56 -0.175
15 33 32 -0.175
36 6 8 1.625
28 21 114 0.589
35 16 11 -0.747
24 27 62 -0.677
20 29 75 0.483
39 18 94 -1.023
39 9 124 0.195
15 27 68 0.316
29 22 22 0.178
40 7 54 -0.961
23 34 99 -1.159
22 37 62 -1.076
25 29 23 2.225
36 12 10 0.642
20 29 28 -0.639
10 40 145 -0.923
18 32 102 -0.381
18 19 34 -0.329
33 26 120 -0.465
25 33 62 -0.445
28 18 97 -0.928
28 15 118 -0.330
42 7 15 -0.166
25 29 101 0.962
40 17 84 -0.585
18 29 1 0.131
12 30 27 -0.775
37 5 18 -0.404
32 7 7 -0.842
37 13 48 -0.255
36 17 18 -0.763
38 11 89 -0.523
39 9 125 -0.713
31 28 58 -0.355
39 12 55 0.450
16 24 64 4.590
24 24 114 -0.237
30 28 94 -1.220
11 35 30 1.015
30 21 117 -0.612
21 28 79 -1.102
35 11 82 -0.553
27 23 82 -0.752
16 34 148 -0.002
13 41 72 -0.778
36 14 47 -0.580
42 18 125 0.199
40 13 86 0.611
38 7 87 -0.858
31 15 118 1.277
42 14 13 -0.271
39 14 91 -0.439
11 27 107 -0.822
19 36 63 -0.453
33 10 121 -1.096
18 25 110 -0.712
39 11 10 0.659
35 19 19 -0.524
38 20 132 -0.363
31 14 118 0.190
37 17 6 1.723
29 21 21 -0.857
14 36 66 -0.716
32 14 45 -0.739
17 35 140 0.455
24 23 149 -0.946
37 16 17 0.442
17 27 149 -0.442
15 29 69 -0.642
12 25 69 0.849
13 34 66 0.289
29 21 135 0.439
33 17 56 -1.071
28 16 43 -0.080
28 23 44 -0.605
5 43 108 -0.927
40 13 123 -0.389
41 7 14 -1.235
33 13 117 0.560
38 3 12 -0.346
15 34 110 -0.879
35 14 53 -1.188
43 11 91 0.227
34 9 9 1.502
15 32 74 -0.767
38 9 45 0.233
12 37 147 -0.846
41 14 124 -1.021
30 18 40 0.146
9 33 29 -0.632
27 11 4 0.431
32 4 82 -0.795
41 18 125 -0.050
30 13 79 -0.068
27 27 23 -0.953
24 26 99 -0.881
38 8 85 0.172
21 28 101 -0.321
45 6 16 0.414
13 26 147 1.309
36 4 8 0.932
19 37 63 -0.176
14 35 36 -0.523
17 24 110 -0.462
29 28 134 -1.168
14 29 142 1.798
35 14 89 -0.794
15 30 141 -1.045
34 16 9 0.822
11 37 67 -0.886
38 13 57 1.303
39 10 126 -1.120
6 45 108 -0.652
37 2 131 -0.944
28 33 77 0.626
34 14 83 -0.255
17 29 65 1.738
14 24 68 -1.093
32 27 58 -0.535
21 22 2 0.861
33 21 19 -0.180
39 15 126 -0.026
17 24 33 0.787
39 8 11 -0.660
23 17 138 1.157
40 10 84 -0.055
35 8 7 0.085
14 34 112 -0.797
37 18 87 -0.431
24 27 78 -0.526
24 21 99 -0.514
38 4 123 -0.328
27 28 61 -0.638
38 11 131 -0.803
14 36 141 -0.840
20 31 73 -0.859
42 9 16 -0.374
33 23 80 -0.118
29 23 61 1.345
39 14 128 -0.583
25 26 5 0.366
39 11 49 -0.479
31 28 43 -0.336
36 9 12 -0.326
39 7 123 -0.653
37 8 48 -0.288
38 11 9 0.398
25 11 82 -1.039
37 15 17 -0.239
24 33 114 -1.060
20 25 37 3.687
15 22 70 -0.225
36 10 9 1.705
43 8 17 0.586
16 31 140 -0.172
12 32 143 0.252
41 8 126 -1.059
25 23 38 -0.236
41 12 52 -0.200
33 15 7 0.547
13 37 104 -1.245
19 25 68 0.711
13 36 30 -0.799
21 26 38 0.982
30 23 98 0.659
17 26 112 -0.180
26 20 97 -1.082
15 33 141 -0.846
37 10 131 -0.908
36 18 56 -0.104
29 26 96 -1.007
17 28 29 -1.177
13 30 36 -0.411
28 35 77 0.669
36 16 19 -0.759
40 15 85 0.241
18 32 27 0.180
26 11 4 0.704
35 13 10 -0.281
20 36 101 0.805
21 33 23 -0.489
36 14 133 -0.334
26 17 39 1.596
25 19 38 0.838
34 8 45 1.683
18 37 64 0.361
40 14 45 1.449
35 22 20 0.045
39 12 91 -0.164
9 38 35 -0.957
36 18 83 -0.480
35 13 47 -0.480
21 24 139 -0.598
39 13 54 -0.307
21 21 3 -0.844
39 10 88 -0.788
25 15 5 0.898
14 36 112 -0.845
16 25 34 0.701
11 40 30 1.062
27 30 59 -0.684
7 32 108 -0.640
32 21 97 0.939
36 17 89 -0.710
15 37 144 2.636
31 16 117 0.152
21 20 2 -0.013
12 29 35 0.915
15 19 69 1.235
36 5 85 -0.927
42 9 52 0.370
37 9 45 0.599
23 22 28 -0.518
38 11 85 -0.170
29 21 61 1.613
20 33 64 -0.575
12 33 105 2.371
24 28 1 2.040
27 27 78 -0.433
16 27 1 -0.651
42 10 129 -0.697
30 20 44 -0.109
24 30 4 -0.870
26 30 62 0.855
32 21 58 -0.084
27 27 135 -0.481
13 31 143 -0.909
39 8 86 -0.284
36 21 19 -0.128
26 29 60 -1.256
24 22 139 0.982
21 20 0 0.219
27 31 99 -0.482
35 19 96 -0.038
41 11 85 0.678
41 15 125 0.097
43 18 128 -0.470
40 12 91 -0.029
13 32 147 -0.518
19 31 149 -0.850
31 18 79 2.185
14 31 103 0.375
28 20 60 0.223
27 16 42 -0.086
42 17 130 -0.462
9 35 108 0.267
42 16 47 -0.387
31 20 40 0.085
35 16 57 -0.291
12 32 105 2.542
39 15 120 -0.800
26 22 5 0.590
25 25 25 1.236
13 30 110 -1.012
16 36 104 -0.831
37 7 13 -1.042
22 32 26 -0.675
13 31 36 0.949
23 26 78 -0.134
26 23 24 2.017
28 20 98 -0.331
13 29 71 0.234
15 31 38 -0.689
40 7 127 -0.645
20 26 139 0.512
44 9 52 -0.928
35 7 84 -0.895
17 30 64 2.452
11 28 144 6.145
15 23 148 1.531
45 10 17 -0.593
25 21 61 1.206
15 31 141 -0.683
14 40 29 -0.704
40 8 12 -0.344
12 33 146 0.624
31 20 96 -1.006
15 36 144 1.791
20 24 38 -0.640
33 11 45 -0.271
30 12 40 0.445
39 5 131 -0.885
41 10 53 0.752
26 22 135 -0.966
38 11 126 -0.019
21 21 2 0.285
13 36 71 0.128
34 15 121 -0.305
33 9 123 -0.828
39 17 120 -0.130
41 12 13 0.125
12 33 67 -0.599
36 8 10 0.464
42 7 90 -0.006
30 21 5 -0.935
25 23 116 -0.161
29 17 5 0.350
13 36 106 -0.381
36 9 130 -0.396
37 10 130 -0.266
38 11 83 0.140
38 12 132 -1.019
34 11 124 -0.386
40 10 89 -0.337
19 23 0 -0.296
26 20 76 1.262
31 15 120 -0.546
38 15 124 -1.186
37 14 80 1.387
21 25 75 0.600
18 28 139 -0.597
41 13 47 -0.030
34 18 21 -0.091
14 36 68 1.181
25 22 99 -0.755
40 11 48 0.733
14 27 106 2.431
14 32 147 -0.496
31 22 133 -0.549
36 21 94 -0.915
41 16 128 -0.353
25 26 149 -1.014
37 22 6 1.752
18 26 65 1.295
28 14 117 -1.016
23 23 24 1.493
41 14 16 0.347
30 25 135 -0.545
36 19 6 1.734
40 5 11 -0.219
43 4 126 -0.027
14 34 109 -0.890
14 33 110 -1.258
22 21 139 0.261
11 24 69 1.548
37 13 92 -0.956
19 21 138 1.835
40 11 83 0.548
18 25 69 0.698
35 17 10 -0.422
38 16 10 0.456
26 31 79 -0.868
41 21 55 -0.668
42 6 16 -0.700
31 24 6 -0.355
21 30 138 -0.563
13 32 106 -0.934
22 24 0 1.138
34 15 96 0.005
13 25 142 0.235
36 17 83 -0.151
21 26 101 0.621
4 43 108 -0.895
22 29 38 -1.139
43 7 126 0.044
11 35 107 -1.124
10 30 35 -0.693
38 11 130 -0.338
18 37 137 -0.333
14 30 105 1.695
22 38 100 -0.766
17 34 36 2.355
10 34 65 -0.590
28 20 42 0.198
24 16 1 2.311
32 22 134 1.121
10 38 108 0.572
20 30 149 -1.190
24 31 24 -0.496
12 32 27 -0.824
27 28 23 -0.708
29 26 40 0.014
13 37 29 -0.376
24 21 60 -0.738
24 9 78 -0.896
11 21 31 -0.188
12 30 67 -1.012
11 38 72 -0.125
29 20 116 0.392
14 31 67 0.121
20 23 26 0.356
32 19 42 0.363
27 20 39 1.752
39 19 54 -0.389
23 25 1 1.678
35 9 80 0.203
22 26 149 -1.067
25 31 79 -0.903
14 32 141 1.480
37 18 120 -0.032
37 22 56 0.183
40 14 131 -0.707
5 46 108 -0.970
35 17 18 -0.906
38 11 51 0.135
38 14 47 -0.465
22 37 23 -0.848
17 25 149 0.649
18 31 37 -0.807
31 12 4 0.428
36 20 56 0.182
38 16 132 -0.878
10 27 144 5.370
23 25 100 -0.055
38 13 49 0.374
37 19 83 -0.091
11 36 65 -0.387
34 21 19 -0.547
15 31 142 2.040
18 25 73 0.522
38 14 45 0.952
21 21 139 2.315
15 28 103 0.715
20 34 26 -0.487
16 22 28 1.090
38 15 123 -0.261
18 27 139 -0.627
39 14 52 -0.062
15 39 75 -0.945
13 28 141 1.237
25 27 99 -0.571
40 11 55 -0.090
17 31 65 2.299
41 15 126 -0.539
35 16 94 -0.945
36 7 18 -1.060
9 43 102 -0.883
16 31 103 -0.951
19 31 137 0.568
13 39 147 -0.470
25 28 62 0.869
27 27 39 1.476
26 27 59 -0.775
38 15 8 0.810
39 17 122 -0.266
20 35 138 -0.789
35 12 83 -0.763
28 20 21 -0.307
38 7 124 -0.396
25 27 114 -0.055
39 14 88 -0.314
35 19 95 0.025
34 7 48 -0.571
37 20 18 -0.796
33 18 94 -0.686
35 23 19 -0.481
17 37 36 1.703
24 30 27 -0.537
25 30 0 -0.858
23 33 137 -0.648
24 21 25 0.110
32 13 8 -0.460
34 23 58 0.160
36 16 20 -0.581
23 26 135 -0.489
34 19 59 -1.098
30 17 5 0.128
18 29 27 -0.563
33 13 121 -0.150
16 37 148 -0.995
29 22 61 2.025
35 14 80 0.303
25 29 136 -0.779
14 27 103 5.295
28 29 60 -0.786
15 26 29 -0.998
37 16 46 -0.529
38 20 56 0.328
31 17 120 -0.678
14 32 103 2.658
24 19 59 -0.554
15 33 104 -0.714
38 12 45 1.076
22 34 100 0.171
35 6 82 1.111
27 22 117 -0.237
20 23 2 0.398
27 24 136 0.293
35 17 9 0.559
14 33 111 -0.169
15 36 149 -0.968
38 19 91 -0.621
14 36 71 -0.202
42 2 15 -0.163
18 30 112 0.092
36 7 84 -0.475
30 17 42 -0.002
19 21 1 0.396
31 28 97 0.327
26 32 23 -0.759
27 28 42 -0.435
40 14 18 -0.398
44 13 51 0.703
41 13 53 0.811
13 40 142 -1.071
32 15 44 0.090
18 21 110 0.462
40 11 15 -0.684
11 28 143 0.805
37 11 132 -0.048
28 15 97 -1.015
14 40 147 -0.579
17 32 69 -0.023
16 39 137 -1.189
20 23 1 1.231
10 25 66 -0.958
12 40 71 -0.851
30 19 118 0.555
15 32 72 -0.503
37 15 121 0.016
22 33 114 -1.158
16 27 28 3.554
13 36 67 -0.299
24 32 99 -0.884
12 36 107 -1.143
38 15 45 -0.234
22 31 138 -0.959
40 7 89 -0.423
23 12 78 -0.890
35 18 94 -0.643
42 9 50 0.623
37 16 87 -0.335
20 27 2 -0.408
12 34 66 -0.700
14 29 68 -0.581
26 12 4 0.389
29 21 42 -0.357
11 27 66 -0.939
27 20 116 1.332
36 11 124 0.139
27 18 39 2.377
38 12 49 -0.271
38 11 11 0.018
37 13 90 -0.705
14 31 148 -0.865
38 14 90 -0.977
36 9 10 1.426
26 23 137 -0.260
36 26 120 -0.224
23 37 78 -1.009
40 16 88 -0.330
26 30 23 -0.604
35 10 126 -0.835
41 11 86 -0.916
37 15 55 -1.113
39 13 9 0.456
18 30 103 -0.973
21 18 2 1.940
26 30 77 0.666
14 40 111 -1.152
12 24 31 0.222
13 38 102 -0.602
17 25 144 -1.073
16 22 70 -0.047
37 23 120 -0.167
36 21 80 0.763
36 11 87 -1.045
27 29 25 -1.075
38 16 56 0.540
29 25 98 1.074
17 33 67 0.290
25 27 23 0.442
14 35 71 -0.387
39 13 11 -0.658
38 15 56 0.732
25 17 38 1.099
12 24 29 -1.158
37 14 121 -0.468
36 18 87 -0.687
11 33 109 -0.771
27 23 77 0.646
39 14 129 -0.906
29 27 39 -0.655
34 9 121 -0.813
26 34 23 -0.938
36 8 118 1.117
14 29 110 -1.272
35 19 45 0.416
37 13 122 -0.057
41 7 46 0.016
34 15 53 -1.172
21 35 64 0.556
36 21 132 -0.246
32 20 119 -0.583
36 7 7 0.172
30 28 98 -0.841
10 41 72 -1.073
33 18 80 -0.108
42 12 91 0.547
26 17 2 -0.484
27 18 2 -0.107
41 9 123 -0.570
19 15 75 -0.672
22 20 62 -0.955
37 13 124 0.158
24 32 23 -0.313
11 30 65 -0.135
30 27 41 3.902
26 24 97 -1.171
24 20 62 -1.035
37 15 45 0.845
14 25 71 1.937
17 26 103 -1.309
31 18 120 -0.699
36 12 132 -0.923
16 21 73 1.306
37 8 14 0.447
24 29 26 -0.192
36 8 84 -0.383
12 37 106 -0.771
14 37 72 -0.927
12 35 143 0.537
27 19 42 -0.534
30 24 57 0.199
38 17 92 -0.592
36 17 45 1.017
19 35 65 0.033
23 16 1 2.382
23 30 25 0.818
34 17 47 -0.362
7 33 107 -1.098
32 26 58 -0.135
38 17 131 -0.739
20 21 2 0.691
38 4 12 0.485
19 24 111 -0.954
13 36 143 -0.081
13 25 147 0.358
32 20 117 -0.258
36 13 80 0.668
31 18 135 1.433
29 24 23 -0.333
19 31 140 0.438
24 22 38 0.810
23 22 3 -1.060
20 29 63 -0.612
41 15 48 -0.698
16 22 1 -0.914
14 41 66 -0.179
15 26 70 0.328
35 13 11 -0.641
38 15 18 -0.418
29 14 5 0.362
37 6 85 -0.568
13 38 104 -0.933
10 38 107 -1.155
34 14 56 -1.182
42 13 123 -0.171
40 11 125 0.534
28 19 120 -0.866
10 41 102 -0.642
23 23 26 0.034
14 33 31 0.698
39 9 11 -0.715
27 31 60 -1.120
27 26 77 0.050
10 40 139 -1.120
27 15 82 -1.007
41 11 18 0.003
12 29 66 1.530
13 29 36 3.793
29 32 60 -1.328
28 16 42 -0.153
10 24 67 -1.063
30 26 21 -0.734
24 29 1 1.661
18 28 74 0.340
15 36 29 -0.079
30 20 96 -1.037
20 30 64 1.040
21 14 138 2.376
11 34 143 0.183
20 21 75 1.735
15 32 70 -0.405
40 3 123 -1.048
34 4 45 0.590
13 32 110 -1.205
25 25 4 -1.096
18 28 68 -0.396
40 11 50 0.136
38 24 130 -1.055
17 31 113 -0.726
31 25 95 0.675
16 19 73 1.926
25 20 3 1.170
39 1 12 -0.717
31 24 136 1.745
35 12 49 -0.533
21 27 37 3.093
34 18 41 1.890
14 27 142 0.925
24 24 24 1.257
29 22 98 -0.943
39 7 131 -0.939
28 19 42 0.462
26 30 39 -0.855
32 23 81 -0.565
12 27 107 -0.256
16 33 147 -1.048
42 8 53 0.365
15 37 74 -0.817
16 32 140 0.422
37 8 16 -0.391
18 22 31 0.013
35 14 134 0.454
23 19 112 0.461
23 18 61 0.992
40 2 12 -0.086
16 33 103 -0.857
19 31 37 0.198
35 13 43 1.258
37 5 15 -0.301
32 16 5 0.075
13 29 74 2.124
40 8 16 -0.379
42 10 50 1.498
35 22 7 0.751
14 37 146 -0.073
35 18 118 -0.110
28 27 134 -0.453
32 18 10 -0.660
25 31 23 1.473
37 24 121 -0.283
37 3 13 -0.890
33 19 19 -0.868
35 24 119 -0.814
18 35 138 0.973
18 22 148 0.034
43 12 16 0.352
17 27 3 -1.320
43 7 15 -0.368
20 25 2 0.137
15 38 103 1.100
39 14 9 0.462
22 25 4 -0.970
11 37 147 -0.522
15 33 110 -0.842
39 10 89 0.518
42 15 86 -0.733
41 11 52 -0.777
32 21 6 0.058
27 16 4 0.336
36 17 8 -0.024
20 23 112 3.329
38 5 7 0.449
39 13 126 -0.293
36 16 8 0.404
13 28 106 2.334
36 3 84 -0.840
34 18 96 0.206
33 21 133 -0.644
16 29 66 -0.289
32 21 41 1.520
32 18 41 1.745
17 24 74 -0.017
32 23 44 0.032
34 23 57 -0.247
30 22 98 1.621
41 12 129 -0.578
13 34 141 -0.355
24 25 3 0.122
35 24 20 -0.017
37 10 121 -0.587
14 22 73 -0.780
34 12 119 -0.378
12 32 104 -1.291
37 7 9 0.927
34 14 91 -1.233
29 36 96 -0.800
37 14 92 -0.813
16 24 68 1.053
26 16 5 1.279
42 10 124 -0.097
43 17 128 -0.261
35 14 10 -0.578
16 31 38 -0.906
15 33 69 -0.803
26 24 44 -0.652
36 18 57 -0.133
13 38 106 -0.550
20 19 63 -0.744
16 29 32 -0.229
23 22 138 1.200
19 29 65 0.028
38 11 86 -0.593
37 24 130 -0.991
39 15 92 -0.493
38 17 93 -1.056
17 34 140 -0.208
39 16 17 0.178
40 14 46 1.705
22 19 3 -0.141
37 11 55 -0.602
24 23 136 -0.803
35 13 83 -0.198
37 17 20 -0.373
21 31 5 -0.511
34 19 18 -0.994
12 27 145 -1.115
19 23 69 0.733
38 14 8 -0.107
17 35 36 1.678
23 31 63 -1.066
25 35 77 0.568
36 7 50 -0.763
28 9 4 -0.274
25 30 77 0.159
34 16 56 -1.061
36 18 120 0.017
37 10 46 -0.129
39 16 87 -0.424
34 15 20 -0.618
41 6 15 0.059
19 23 76 0.091
26 22 39 -0.646
33 20 7 0.229
7 35 35 -1.045
18 19 63 -0.564
38 8 129 -0.682
20 24 1 1.163
24 26 149 -1.043
40 10 124 -0.132
37 12 48 -0.644
34 16 117 -0.536
19 29 38 0.362
41 13 17 -0.520
13 27 33 0.175
42 9 88 0.450
14 33 71 -0.251
41 8 127 -0.741
37 21 19 0.839
37 13 120 0.264
32 25 95 -0.036
39 18 55 0.043
27 25 44 -0.572
31 21 6 -0.181
42 11 124 -0.173
34 22 20 -0.323
40 15 130 -0.771
36 18 133 0.536
42 8 12 -1.054
13 38 72 0.509
23 35 115 -1.031
30 24 60 2.392
15 30 142 3.317
11 33 107 -1.035
6 41 108 -0.772
15 27 66 1.307
34 19 21 -0.186
11 34 109 0.048
31 25 96 -0.756
23 27 63 -0.494
15 29 109 -0.866
35 20 6 -0.492
37 14 8 0.417
36 7 118 0.770
19 31 33 -0.808
24 23 3 0.310
35 18 56 0.039
29 25 23 -0.425
12 27 141 0.338
33 8 123 -0.968
36 14 54 -0.989
13 34 106 -0.705
14 32 66 -0.743
12 29 31 0.333
34 21 95 -0.401
29 27 43 -0.242
12 40 102 -0.936
33 1 82 -0.686
29 28 62 -0.383
19 27 76 0.391
21 14 0 1.275
22 27 26 -0.093
27 31 62 -0.268
41 14 18 0.056
35 9 44 -0.492
27 26 39 1.527
38 9 123 -0.663
27 28 25 -1.004
30 24 134 -0.578
23 24 3 -1.139
25 36 77 0.695
35 12 8 0.011
27 31 24 -0.945
40 16 86 -0.084
14 22 28 -0.441
28 20 77 -0.359
17 33 37 -0.894
37 10 49 0.129
11 39 106 0.298
14 25 141 -0.599
13 36 102 0.296
24 14 38 0.261
15 36 72 -1.052
42 13 52 1.009
31 12 45 -0.388
20 28 26 1.234
27 27 134 -0.376
28 11 115 1.904
22 22 4 -1.137
11 43 102 -1.016
38 12 85 0.104
39 6 48 -0.264
35 15 122 -0.591
15 36 140 0.928
13 30 31 0.536
37 16 18 -0.687
38 10 54 0.134
28 16 59 -0.907
32 6 123 -0.827
12 32 147 -0.318
23 24 114 1.351
33 24 58 -0.628
9 31 108 -0.766
37 19 19 -0.202
12 30 140 -0.236
30 30 60 0.810
41 3 17 0.474
15 35 144 -0.767
14 34 66 -0.117
20 19 2 -0.297
23 13 0 2.636
15 30 149 -0.284
34 17 132 -1.017
17 25 112 0.136
25 30 62 0.887
37 15 10 0.320
11 44 139 -1.090
34 20 119 -0.145
38 8 89 -0.891
41 5 90 -0.322
35 11 47 -0.169
27 30 62 -0.372
13 33 36 -0.117
27 21 24 2.377
39 7 85 -1.184
38 18 57 -0.978
17 32 75 0.438
33 14 80 -0.595
31 20 119 -0.634
15 35 33 0.616
40 16 10 0.944
18 20 141 0.641
38 13 83 0.948
19 28 149 -0.684
24 21 82 -0.843
25 21 38 -0.135
37 13 85 -0.988
29 21 76 1.460
12 29 146 -0.346
33 14 44 0.189
20 28 149 -1.117
11 31 102 0.737
39 7 50 0.462
27 29 59 -0.395
37 7 84 -0.696
13 37 72 -0.506
15 33 112 -0.813
31 26 96 -0.657
35 9 119 0.708
10 42 102 -0.935
23 29 24 -0.553
30 21 40 0.769
34 17 83 -0.327
19 16 75 -0.279
17 33 111 -0.620
20 27 27 1.440
16 32 37 4.466
38 22 120 -0.008
19 26 63 -0.619
35 22 82 -0.734
25 23 3 0.176
19 24 76 -0.405
32 21 118 0.027
36 22 132 0.433
26 30 137 -0.278
40 11 124 -0.221
38 16 11 -0.426
16 23 140 2.176
19 28 28 -0.635
28 16 97 -0.747
22 20 3 -0.129
12 35 102 2.471
28 21 59 -0.583
10 41 146 -0.853
37 13 17 0.354
39 15 47 -0.049
11 32 109 -0.982
38 10 14 0.239
39 10 123 -0.227
36 19 94 -0.487
35 14 124 -0.399
34 18 19 -1.081
12 37 109 0.168
42 8 91 0.607
42 10 53 0.346
12 40 68 1.275
39 12 52 0.058
12 31 34 -1.018
34 14 80 -0.533
17 29 72 -0.206
22 29 99 -1.147
31 28 94 -1.234
12 30 34 -0.982
19 36 138 -0.087
15 23 31 -0.133
9 33 107 -1.140
12 29 70 1.252
38 13 122 -0.055
37 11 122 1.005
20 29 5 -0.378
31 21 134 -0.010
32 16 41 1.471
32 22 116 -0.490
24 31 99 -0.883
30 19 5 -0.699
34 11 47 -0.406
28 23 39 0.263
29 26 39 0.107
22 11 1 2.487
41 15 87 0.813
37 10 83 -0.058
29 16 58 -0.255
9 29 35 -0.354
11 32 145 -0.186
16 32 75 0.081
24 20 76 2.135
31 25 22 0.935
17 33 75 -0.392
17 30 74 -1.080
36 9 83 -0.330
11 39 109 -0.648
15 31 149 -0.379
32 15 96 -1.097
34 9 119 -0.076
40 7 11 -0.563
18 34 138 1.268
15 39 0 -0.874
42 14 52 0.508
35 17 133 0.362
13 31 71 -0.439
13 30 30 0.835
14 38 36 -0.250
38 6 15 -0.033
14 37 66 -0.890
35 15 95 0.202
41 17 130 -0.505
13 26 36 2.924
10 32 35 0.095
38 11 93 -1.019
29 23 136 -0.343
35 15 82 -0.381
10 33 110 -1.193
14 36 143 -0.092
31 17 94 -1.157
37 20 130 -1.054
21 25 28 -0.873
35 18 82 -0.566
28 24 97 -0.652
8 38 109 -1.021
21 23 63 0.104
12 29 72 -0.199
18 24 37 0.336
18 25 65 2.354
30 13 44 0.428
33 27 97 -0.554
45 6 15 -0.770
23 26 24 -0.044
29 26 115 -0.951
18 24 113 0.375
16 34 37 1.528
13 33 145 -0.843
17 25 38 -0.082
19 28 100 -0.506
16 34 103 0.566
13 34 105 1.034
17 27 74 0.204
44 6 15 -0.699
31 23 22 1.224
37 7 86 -0.970
17 29 103 -0.667
9 34 108 0.501
12 24 146 2.962
18 27 142 1.656
39 12 83 0.579
30 18 21 1.523
43 3 12 -0.994
15 28 104 -0.261
19 21 38 0.393
12 35 69 0.427
30 21 95 -0.486
18 20 27 -0.974
31 18 6 -0.195
40 13 85 0.169
29 26 134 -0.219
35 19 20 -0.155
19 23 65 0.652
37 11 54 -0.882
42 6 17 -0.689
14 39 142 -0.836
9 43 105 -0.721
12 32 146 1.047
28 19 59 -0.526
33 15 119 0.379
38 10 9 0.530
16 28 73 -0.929
37 14 131 -1.017
29 23 59 -0.327
25 30 114 0.074
38 7 54 -0.803
41 7 11 -0.173
37 19 18 0.145
11 33 35 -0.591
27 23 41 0.350
21 22 0 1.271
13 34 109 -0.613
18 34 73 -0.563
16 21 28 -0.545
39 12 11 -0.623
15 32 68 0.170
43 7 11 -0.675
41 21 88 -0.295
34 22 80 0.835
25 27 59 -0.693
39 18 92 -0.353
22 16 0 2.181
20 17 2 1.317
36 23 120 0.071
27 25 120 -0.788
32 19 81 0.024
36 16 118 1.112
25 34 99 -0.613
36 18 93 -0.926
21 26 5 -0.249
36 23 19 -0.327
29 16 117 -0.621
33 17 97 1.891
36 13 46 -0.725
36 17 6 1.631
30 26 41 3.639
13 37 139 -1.166
22 32 137 -0.914
14 34 103 0.674
26 30 25 -0.989
16 23 148 1.738
16 25 31 -0.202
37 8 47 -1.218
18 36 37 -1.333
32 24 59 -0.033
17 31 142 1.685
28 25 41 -0.002
10 41 71 -1.042
29 25 136 0.779
22 20 112 2.454
9 42 109 -0.527
37 13 129 -0.934
41 5 51 -0.797
14 22 110 -0.607
42 14 50 1.021
13 38 66 -0.552
25 29 114 0.366
27 22 41 0.130
28 12 118 -0.230
21 30 28 -0.591
43 9 49 -1.035
12 33 109 -0.788
9 32 35 0.394
38 14 123 -0.630
34 9 81 -0.221
16 27 65 3.279
30 24 135 -0.597
40 8 126 -0.803
37 13 131 -0.353
30 24 120 -0.514
40 7 87 -1.218
41 13 129 -0.942
41 4 15 0.380
18 42 137 -1.161
33 11 84 -0.298
12 34 112 -0.936
7 33 32 -0.874
21 38 64 -0.832
17 37 67 -0.447
35 22 19 -0.210
16 25 1 -1.026
27 16 77 1.546
34 18 57 -0.277
34 10 121 -1.024
9 40 35 -1.178
14 25 67 -0.599
17 24 147 0.333
39 6 50 0.231
22 29 62 -0.175
31 24 22 0.684
40 12 10 0.832
9 39 105 -0.687
39 16 94 -1.236
34 20 82 -0.747
18 32 65 -0.097
26 15 4 -0.397
11 29 105 1.323
33 23 59 -0.746
44 9 126 -0.134
12 35 107 -0.498
13 30 148 -1.050
29 18 23 -0.571
39 11 125 -1.007
40 17 53 -0.158
15 30 144 1.918
36 10 50 -0.637
15 35 148 -0.712
24 25 4 -1.175
23 7 78 -0.958
15 27 110 -0.852
35 19 94 -0.861
34 10 9 -0.052
19 20 138 0.169
22 36 78 -0.902
17 35 69 -0.502
22 19 0 1.713
31 14 81 0.200
27 26 135 -0.640
17 25 76 -0.806
39 19 92 -0.506
18 23 73 3.089
13 39 71 -1.159
8 34 108 -0.687
32 18 116 0.026
18 31 27 -0.101
35 18 58 0.382
10 38 35 -1.103
20 25 112 3.020
19 28 63 -0.434
26 10 4 0.685
36 11 47 -1.000
39 17 121 -0.170
31 29 97 0.675
24 21 4 -0.965
14 40 143 -0.625
27 28 99 -0.084
33 21 81 -0.075
22 31 26 -0.403
12 33 35 -0.331
12 31 72 0.269
23 23 25 0.680
17 33 103 -1.023
32 24 58 0.166
38 13 13 -0.888
21 32 101 0.861
10 40 30 -1.236
8 40 145 -0.974
14 32 70 -0.399
22 25 2 -0.669
13 37 32 0.174
16 29 31 -0.058
38 10 11 -0.195
40 17 55 0.223
9 32 70 -0.856
42 2 17 0.231
37 16 121 -0.918
24 24 99 -0.831
40 10 87 0.435
33 16 8 -0.536
36 16 18 -1.040
15 26 145 -1.060
27 16 59 -0.926
36 21 120 -0.249
17 31 145 0.334
36 15 83 -0.467
28 23 136 0.002
40 12 13 0.187
39 9 50 0.394
37 12 54 -0.634
13 35 146 -0.264
15 23 141 1.051
31 24 97 1.256
31 27 43 -0.230
39 8 52 -0.553
22 23 114 1.123
35 14 126 -0.905
13 42 102 -0.640
39 6 12 0.356
40 12 129 -0.612
33 17 81 0.093
26 26 136 -1.142
30 24 41 1.441
17 30 31 -0.215
13 29 107 -1.066
23 30 78 0.149
38 10 12 2.078
22 26 2 -0.194
42 16 51 0.741
38 6 123 -0.501
26 24 6 0.546
11 34 72 0.075
29 21 115 -0.872
44 14 51 -0.249
26 13 3 0.137
27 15 4 0.066
36 20 19 -0.403
17 24 37 0.715
29 15 117 -0.208
35 14 9 1.375
39 5 11 -0.204
36 11 123 -1.065
31 17 116 0.331
44 7 46 0.405
28 28 116 -0.774
38 18 122 -0.374
13 29 65 -0.679
37 5 13 -1.062
14 31 71 -0.759
28 26 79 0.944
21 19 112 0.455
16 26 113 -0.844
20 27 26 -0.552
35 7 44 -0.554
20 36 63 -0.410
39 13 84 0.249
38 20 84 -0.092
24 26 62 -0.595
14 32 106 -0.360
25 28 99 -0.165
18 29 37 1.424
37 21 6 1.493
15 34 67 -0.380
23 34 24 -0.287
23 37 63 -1.066
13 34 35 0.090
41 3 16 -0.780
11 36 106 -0.825
20 22 1 0.717
13 38 67 -1.259
25 32 99 -0.698
35 17 20 0.154
17 29 110 -0.811
39 8 84 0.400
34 20 7 0.236
17 36 38 -0.746
30 25 120 -0.778
37 17 96 -0.646
10 33 30 -0.582
24 27 27 -1.115
23 29 25 1.211
39 10 11 -0.763
42 9 92 -0.969
27 16 39 2.097
48 0 12 -1.106
32 16 44 -0.051
15 42 147 -0.599
21 28 0 -0.782
10 35 32 -1.031
11 42 102 -1.049
7 32 65 -1.008
15 35 140 0.208
17 27 104 1.285
18 38 112 -0.848
27 20 114 1.300
22 29 113 0.002
12 38 30 -0.714
40 12 92 -0.948
27 20 40 1.974
15 17 33 2.356
11 27 144 3.868
36 11 15 -0.851
13 36 72 0.615
30 22 44 -0.112
29 17 40 2.495
45 3 88 -0.570
20 29 26 -1.311
38 7 86 0.365
29 26 136 -0.059
38 13 90 -0.696
25 14 38 0.565
36 20 133 0.328
11 22 105 4.432
20 25 73 -0.823
16 26 68 1.639
25 21 99 -0.565
30 29 94 -1.209
17 21 34 0.609
37 20 122 -0.752
27 22 39 1.764
36 12 50 -0.564
18 23 69 0.731
24 26 25 0.475
41 14 50 1.065
18 22 138 -0.084
14 28 147 0.970
31 15 5 0.395
23 28 39 -0.034
14 37 149 -0.919
39 13 15 -0.358
30 14 40 1.778
38 11 121 -0.080
30 0 82 -0.908
27 28 135 0.426
28 37 60 -1.315
10 19 31 -0.207
42 18 46 0.602
12 21 69 0.938
38 18 8 0.051
34 12 47 -0.293
39 10 48 -0.430
41 14 49 -0.919
28 23 116 -0.751
22 23 25 0.410
25 16 116 -0.166
19 19 1 0.469
16 38 147 -1.126
28 21 117 -1.022
13 35 35 -0.057
37 20 57 0.197
30 26 98 -0.665
40 3 16 -0.500
27 25 82 -0.771
26 29 61 -0.688
18 24 65 1.621
14 37 36 -0.394
32 17 20 -0.723
16 38 137 -1.140
31 25 98 1.914
19 20 34 -0.180
31 5 82 -0.587
31 21 41 1.060
15 29 103 2.926
41 4 11 -0.207
26 33 59 -0.757
32 17 77 2.225
26 21 76 0.781
18 37 67 -0.906
42 11 91 0.710
41 5 13 0.914
16 33 38 -1.265
22 21 3 -0.051
4 42 108 -0.985
36 9 47 -0.885
32 17 5 0.002
34 15 95 0.084
23 34 25 0.619
27 27 25 -1.176
32 21 40 -0.250
14 33 0 -0.824
42 15 11 -0.620
41 14 13 0.086
19 35 64 0.804
17 32 72 -1.095
35 23 57 -0.100
22 17 0 2.333
36 7 48 -0.670
35 7 47 -1.055
40 12 90 -0.847
8 38 102 -0.848
20 29 65 0.467
13 36 35 0.251
35 19 93 -0.943
31 12 117 0.678
11 28 35 -0.196
32 17 120 -0.382
16 29 102 -0.620
37 20 19 0.000
16 22 75 1.201
25 28 24 1.317
17 29 104 0.393
13 38 139 -1.282
41 0 12 -0.937
28 23 60 0.170
8 39 102 -1.074
34 16 95 -0.140
29 19 5 -0.245
43 12 52 0.472
26 20 3 0.846
41 15 49 -0.963
29 12 40 0.673
29 20 117 0.021
17 34 141 -0.631
39 12 90 -0.644
23 36 137 -1.098
37 13 121 -0.783
25 30 136 -0.773
24 29 77 -0.272
11 33 108 -0.728
44 15 124 -0.985
36 22 94 -0.105
37 9 8 1.576
20 25 149 -1.036
14 41 140 -0.906
39 9 84 0.076
32 14 44 0.422
6 35 108 -1.042
44 5 16 0.820
38 8 84 0.505
33 17 43 0.318
14 24 70 -0.070
24 32 24 -0.682
9 41 107 -1.104
41 2 11 -0.763
28 26 39 0.115
18 21 64 2.754
38 12 129 -1.062
40 8 54 -0.529
9 45 102 -1.142
21 25 38 1.032
35 14 8 0.331
16 34 140 0.353
22 27 2 -0.849
23 22 4 -1.133
17 28 104 0.824
41 13 127 -0.614
18 29 144 -0.870
40 11 128 -0.892
43 13 46 1.164
19 23 110 0.266
32 18 5 0.320
12 31 32 -0.135
36 23 20 -0.384
16 32 106 -0.624
36 6 11 0.110
29 22 41 0.513
30 26 23 -0.295
15 37 33 0.613
36 15 45 0.615
26 18 3 1.039
40 7 123 -0.732
36 19 130 -1.113
29 22 136 0.273
15 31 31 -0.595
20 15 75 -0.722
32 14 81 0.002
38 4 46 0.467
29 20 41 0.526
43 1 12 -0.819
20 32 137 -0.412
34 23 7 -0.046
38 16 93 -1.103
16 29 1 0.214
34 12 10 -0.459
30 28 96 -0.756
12 22 69 1.527
30 16 5 -0.229
12 37 112 -0.719
17 22 113 0.634
32 17 121 -0.649
24 31 62 -0.148
33 20 132 -1.029
39 16 122 0.243
37 16 132 -0.776
14 38 33 -0.012
34 15 83 -0.525
16 29 68 0.206
34 19 9 1.575
22 29 37 -0.617
38 11 48 -0.493
11 32 30 -0.776
34 17 44 -0.657
37 9 121 -0.124
14 26 146 0.536
23 25 26 -0.224
26 23 76 1.438
35 12 85 -0.983
14 31 36 4.003
26 17 4 -0.151
25 23 79 1.010
16 29 72 -0.492
36 19 57 -0.131
18 28 1 -0.377
36 23 94 -0.417
23 21 26 0.381
27 21 82 -0.747
27 20 61 0.954
18 21 31 0.753
17 26 141 0.473
30 28 60 2.406
36 14 48 -0.813
17 21 2 -0.287
38 17 122 -0.008
34 26 60 2.891
11 32 142 -0.742
16 31 74 -0.157
37 8 12 1.330
44 12 52 -1.044
13 38 111 -1.166
36 15 132 -0.931
18 16 73 1.429
38 2 12 0.177
39 12 13 0.213
28 15 116 0.081
17 32 104 2.077
15 37 0 -0.841
11 34 106 -0.760
29 18 117 -0.171
41 14 46 1.466
41 6 14 -0.654
40 20 55 -0.486
14 32 111 -0.803
29 20 43 0.710
25 16 2 0.013
11 34 67 0.278
31 23 40 1.092
30 25 97 -0.030
13 29 105 1.724
35 4 82 0.624
30 15 5 0.195
23 31 26 0.113
35 17 82 -0.261
9 34 35 0.173
40 9 129 -0.754
31 16 119 -0.312
13 41 70 0.366
18 33 102 -0.100
34 17 82 -0.787
35 14 121 -0.958
29 14 21 2.048
17 26 144 0.635
18 20 73 1.854
33 19 6 1.477
12 23 69 1.086
33 15 81 -0.007
41 16 53 1.154
34 24 57 -0.526
39 14 123 -0.297
15 22 34 0.813
23 22 76 -0.717
34 17 54 -0.957
23 27 26 -0.263
16 26 72 -0.124
39 9 55 -0.064
31 16 118 0.365
38 6 46 -0.295
25 15 4 -0.210
26 28 24 0.557
16 37 36 1.273
28 31 115 -1.009
13 37 105 0.602
44 12 51 0.160
34 21 97 2.341
40 12 122 0.293
16 32 113 -0.986
10 34 145 -0.963
15 22 103 2.536
36 25 19 -0.762
13 35 66 0.003
25 24 98 -0.388
13 25 141 -0.391
29 19 115 0.141
41 10 124 -0.289
42 8 16 0.130
36 13 85 -0.964
14 33 74 -0.369
34 9 85 -0.294
25 29 135 -0.620
13 30 144 -1.049
5 40 108 -0.171
40 11 49 -0.009
31 14 96 -1.103
11 32 65 -0.520
29 18 59 -0.626
14 24 31 0.089
34 11 83 -0.823
11 41 72 -0.409
31 25 21 0.970
22 14 0 1.759
25 26 25 2.473
16 22 27 -0.930
39 7 91 -0.596
21 27 1 0.537
34 15 47 -0.383
33 23 119 -0.887
14 35 106 -0.051
12 36 34 -0.961
12 41 143 -0.567
33 19 43 0.560
36 8 85 -1.123
25 31 26 -0.173
16 37 147 -1.107
31 20 116 -0.217
16 25 143 0.355
30 22 40 0.793
28 22 96 -1.041
29 27 96 -0.914
28 27 96 -0.989
34 17 20 -0.287
40 10 125 -0.384
13 37 140 -0.731
42 12 50 -0.348
30 27 98 -0.480
37 14 20 -0.344
33 16 121 -0.506
20 19 76 -0.494
15 20 74 2.024
17 33 112 -0.722
31 11 4 0.120
26 9 4 0.624
38 11 12 1.544
31 27 97 -0.543
36 18 80 0.534
21 34 138 -0.292
42 8 14 -0.400
38 13 9 0.040
41 10 15 -0.729
29 18 116 0.363
30 24 98 0.380
15 34 113 -1.063
37 10 13 -1.118
16 39 140 0.569
15 28 142 3.965
16 28 75 0.508
29 12 118 -0.300
40 13 45 1.131
19 21 28 0.468
41 15 128 -0.320
23 35 25 -0.716
30 16 116 0.755
16 36 102 -0.935
31 16 5 -0.080
14 35 141 -0.446
33 14 97 -1.199
18 29 102 -0.414
15 36 106 -0.244
38 9 15 -0.178
30 20 41 0.404
30 23 134 -0.585
11 41 139 -1.136
19 27 2 -1.185
42 15 52 0.329
37 10 122 -0.015
25 22 39 0.982
28 16 117 -1.050
25 26 98 -0.185
45 17 51 0.129
31 15 119 -0.583
14 34 105 1.321
13 30 32 2.191
24 30 62 0.227
11 37 72 0.039
12 24 33 2.397
39 13 12 0.834
31 16 120 -1.081
16 24 33 0.781
30 23 42 0.745
15 28 74 -0.143
37 18 131 -0.347
20 34 140 -0.389
12 41 147 -0.966
42 15 128 0.013
37 15 92 -0.655
15 31 66 -0.773
24 32 77 0.060
29 13 116 1.858
30 18 61 2.562
35 17 41 1.296
13 17 34 0.544
13 30 34 -0.275
37 9 123 -1.007
11 32 32 -0.317
35 21 57 0.403
40 19 88 0.475
40 15 126 -0.184
36 9 45 0.079
39 15 53 -0.266
26 25 100 -0.537
16 28 37 3.221
43 8 53 0.639
17 36 140 -0.297
23 27 101 1.511
28 30 136 0.545
35 21 120 -0.519
41 18 91 -0.287
30 23 21 -0.302
41 7 51 -1.024
28 22 44 -0.617
8 36 72 -1.085
23 27 78 -0.389
19 25 139 1.054
12 42 147 -0.924
37 7 45 0.183
14 28 74 1.384
19 28 64 0.609
16 27 37 2.085
38 16 127 -0.284
13 34 33 -0.480
17 21 31 -0.082
20 25 25 1.075
17 22 110 -0.543
43 15 129 -0.187
20 20 26 0.513
36 17 49 -0.677
27 24 41 -0.910
37 16 91 -0.915
29 26 42 0.331
36 4 7 0.389
7 39 105 -0.898
16 28 27 -0.949
28 27 136 1.235
43 9 125 -0.312
13 25 106 2.379
33 22 43 0.371
12 35 30 -0.430
26 13 4 -0.002
13 32 32 0.068
25 26 76 1.312
34 25 58 0.226
13 30 102 1.048
21 33 137 -0.209
21 30 77 -0.079
26 19 39 1.214
13 39 35 0.069
28 27 60 -0.119
20 28 139 0.296
25 37 77 0.631
13 27 144 0.612
30 13 40 0.833
31 17 96 -0.857
19 31 113 -0.294
40 10 90 -0.262
16 26 144 -0.714
30 19 42 0.168
13 35 30 -0.239
21 31 149 -0.818
12 28 107 -0.228
39 13 18 -0.968
18 31 38 0.109
29 27 136 0.310
35 19 10 -0.945
28 15 82 -0.987
16 21 1 -0.816
19 29 2 -1.131
18 25 27 -1.072
19 22 64 3.855
40 10 13 0.149
35 14 49 -0.597
42 6 12 -0.780
24 34 77 0.059
35 7 45 1.461
40 12 17 -1.096
35 16 56 -0.588
31 17 5 -0.319
12 37 143 -0.400
15 34 142 -0.617
18 33 100 -0.589
10 43 109 -1.122
38 7 123 -0.646
32 19 97 -0.173
16 29 34 -0.477
14 26 66 -0.441
30 24 115 -0.516
31 24 59 -0.325
25 28 135 -0.712
21 13 138 1.953
39 10 122 0.411
29 21 26 0.727
17 29 141 -0.325
15 29 102 -0.530
17 22 34 0.398
12 36 71 -0.972
19 29 37 -0.609
14 31 74 0.638
23 29 139 -0.136
41 13 50 0.625
9 44 102 -0.905
26 23 61 -0.743
20 27 139 0.414
24 25 136 -0.908
32 13 10 -0.804
16 24 148 1.880
26 30 63 -0.379
38 9 11 0.008
39 15 122 -0.304
15 30 33 1.322
13 24 31 -0.198
25 24 63 0.121
16 36 75 -0.789
31 27 120 -0.527
11 36 68 -0.568
39 12 93 -0.900
27 21 78 0.781
39 10 56 0.577
35 14 57 -1.083
40 19 55 0.041
14 31 142 2.794
27 10 45 -0.473
5 47 108 -0.854
23 27 37 -0.680
29 29 98 -0.650
39 11 130 -0.367
26 19 3 1.301
20 26 76 -0.105
31 20 98 -0.570
21 29 37 2.214
9 41 35 -1.109
26 19 22 0.457
28 26 21 -0.824
35 14 82 -0.515
28 29 26 -0.842
23 26 26 -0.012
40 9 84 1.051
22 32 99 -1.002
16 33 113 -1.009
40 4 14 -0.314
12 23 34 0.648
37 17 10 0.529
38 18 84 -0.003
16 25 110 -0.032
38 13 53 -0.827
29 20 115 0.049
39 13 17 -0.364
41 9 90 0.057
16 23 31 0.717
36 21 57 0.108
13 32 35 1.529
28 17 39 2.045
12 31 33 0.406
41 19 88 -0.511
35 15 93 -0.935
44 13 127 0.055
20 17 138 2.628
31 16 7 -0.607
21 23 27 0.057
38 13 10 0.595
43 14 125 -0.359
14 26 71 0.919
17 29 143 -0.611
14 28 144 2.677
26 24 60 -0.203
9 33 108 -0.771
25 24 76 1.500
13 24 146 2.535
35 22 57 -0.356
33 27 80 0.812
16 34 105 -0.690
35 14 46 0.054
41 14 52 -0.648
20 26 3 1.072
37 8 131 -0.597
34 18 119 -0.291
38 9 18 -0.849
19 14 149 0.265
42 15 125 0.228
38 14 10 0.730
22 33 79 -1.125
28 26 59 -0.445
34 19 20 -0.206
29 23 25 0.914
31 18 80 0.094
46 8 126 -0.672
30 25 136 0.112
19 20 2 -0.378
39 14 51 0.584
44 5 14 -0.957
21 27 113 -0.760
30 21 135 -0.690
31 15 115 0.683
14 38 71 -1.105
44 9 90 -0.264
27 30 79 -0.923
37 15 81 0.751
28 20 115 -0.532
31 18 118 0.462
38 16 57 0.542
20 20 2 0.030
31 5 79 1.179
15 25 73 0.323
39 13 125 0.033
40 18 11 0.242
32 22 118 -0.187
20 30 2 0.019
23 29 77 -0.330
27 22 134 -0.438
22 19 27 0.356
34 19 6 0.885
41 10 129 -0.860
37 10 47 -0.658
41 8 84 0.695
31 27 95 0.137
25 24 3 0.313
16 33 109 -1.087
27 18 5 1.213
37 4 84 -0.313
13 38 105 -0.106
39 13 122 0.037
24 24 61 0.206
12 38 70 1.023
28 18 41 0.351
34 7 11 -1.210
35 15 10 -0.463
29 22 60 2.518
16 34 66 -0.487
36 15 56 -0.873
16 26 148 1.868
29 28 41 3.813
18 28 76 0.018
13 37 67 0.330
22 28 79 -1.043
31 19 136 1.518
38 9 56 -0.208
40 15 125 -0.115
21 24 1 0.934
28 22 39 -0.779
18 25 28 0.040
39 21 19 0.203
34 22 133 -0.171
28 20 97 -0.990
34 14 57 -0.495
27 23 62 0.278
11 40 106 0.205
41 16 130 -0.342
27 9 119 0.277
31 19 40 0.271
33 17 42 0.708
27 12 4 0.172
37 12 13 -0.936
32 21 134 0.919
27 22 62 0.633
11 36 140 -1.177
40 12 88 -0.250
39 11 14 0.260
41 13 54 -0.925
30 18 116 1.827
30 15 21 1.225
39 13 87 -0.410
40 7 86 -0.797
39 11 122 0.646
19 30 100 -0.667
13 28 111 -0.201
42 12 16 -0.222
10 35 143 -0.949
41 18 129 -0.861
24 30 0 -0.915
17 36 148 -0.852
16 29 75 -0.743
22 29 25 0.183
37 19 95 -0.712
28 27 115 -1.008
27 15 78 -0.889
28 14 40 2.355
37 15 132 -0.793
39 16 93 -0.990
11 33 145 -0.229
15 37 112 -0.783
34 10 119 -0.427
16 33 66 -0.314
34 21 93 -1.106
39 8 51 0.075
30 22 96 -0.887
33 18 19 -0.204
25 24 99 -0.771
18 17 138 -0.186
42 8 92 -0.004
32 16 115 0.336
15 30 69 -0.606
33 14 5 0.052
26 26 61 -0.024
42 14 92 0.345
16 28 32 -0.005
10 41 109 -0.322
25 25 135 0.525
25 24 116 -0.304
16 30 37 -0.612
12 24 70 0.020
35 18 57 0.213
32 27 97 -0.507
37 5 87 -0.175
35 13 9 -0.009
11 30 144 5.473
39 9 16 -0.849
26 29 114 1.227
20 28 63 -0.742
16 34 111 -0.220
17 30 29 -1.114
30 19 59 -0.356
30 25 60 2.049
39 12 126 0.323
29 28 59 -0.944
13 33 30 1.958
41 13 122 -0.094
41 16 125 0.182
42 11 13 -0.178
41 12 18 0.042
40 13 11 -0.600
30 13 117 0.653
30 22 59 -0.744
30 14 77 3.083
15 32 148 -1.018
13 37 71 -0.930
34 9 47 -0.737
14 34 30 -1.039
22 34 137 -1.150
13 31 141 -0.442
38 18 93 -1.151
39 8 49 -0.795
37 11 85 -0.666
16 24 34 1.747
23 21 139 0.617
39 15 85 -0.113
24 14 0 1.452
18 24 28 0.153
36 24 132 -0.849
27 31 115 -1.017
34 16 10 0.297
25 21 98 -0.089
24 26 24 0.026
12 31 149 -0.289
17 37 68 -0.771
16 27 144 0.581
39 12 15 -0.408
39 13 92 -0.972
35 12 80 0.455
30 18 43 0.330
9 40 108 0.322
25 25 61 0.714
32 23 133 -1.110
20 22 74 -0.532
36 15 18 -1.177
19 22 138 0.457
34 25 57 -0.770
37 3 123 -0.894
25 24 24 0.022
38 21 91 -0.912
10 35 109 -0.009
10 40 72 -1.258
14 40 113 -0.876
41 10 50 0.462
22 29 2 -0.857
25 33 23 0.788
13 31 30 1.547
25 34 25 -0.546
43 15 124 -1.097
28 34 77 0.770
40 4 46 0.564
24 28 23 0.268
17 23 33 0.794
39 10 49 -0.234
28 18 39 1.941
15 31 75 -0.126
14 34 104 -0.941
36 23 83 -0.923
29 17 117 -0.462
33 12 123 -0.802
35 13 56 -1.016
36 14 127 -0.144
32 13 121 -0.818
29 23 77 0.706
38 18 17 -0.002
18 39 140 -1.033
40 16 54 -0.160
12 35 34 -0.811
31 15 94 -1.208
22 23 101 -0.521
29 22 115 -0.519
23 27 149 -1.019
37 8 85 -1.147
36 14 83 -0.208
38 10 52 -0.719
11 34 110 -1.167
30 22 134 0.992
28 14 116 1.127
26 23 42 -0.455
29 13 39 1.891
19 22 3 0.965
11 37 107 -1.145
42 8 52 0.736
41 15 129 -0.898
43 15 49 -0.459
13 19 34 0.238
19 27 37 1.006
22 31 149 -0.808
23 25 24 -0.691
19 39 63 -0.250
37 3 87 -1.109
28 21 42 0.237
31 25 43 -0.200
23 33 115 -0.720
11 38 107 -1.167
27 21 99 -0.804
19 21 75 1.795
12 37 71 -1.037
36 9 7 -0.164
39 16 128 -0.639
20 28 1 1.558
35 16 19 -0.492
42 9 127 -0.032
22 34 25 0.790
14 23 71 1.240
41 17 125 -0.042
31 20 41 1.535
29 24 135 2.258
35 16 95 0.939
28 31 25 -0.571
13 39 29 -0.767
35 19 6 0.278
23 21 101 2.811
40 10 130 -0.368
37 14 9 -0.556
30 20 21 0.116
11 29 102 2.095
23 14 3 0.059
12 35 35 -0.060
31 16 21 1.151
27 25 40 -0.689
25 30 4 -0.967
22 17 138 0.891
17 27 27 -0.949
17 31 27 -0.893
31 18 5 -0.098
19 31 27 0.636
18 30 27 -0.450
12 31 68 0.401
30 23 44 -0.199
29 27 115 -1.071
16 39 113 -1.128
25 25 38 -0.452
13 36 36 2.199
42 10 54 -0.592
19 29 76 -0.357
36 17 120 0.119
17 29 148 -0.905
8 40 108 0.633
36 16 94 -1.020
33 25 95 0.330
31 22 117 -0.195
25 21 116 0.104
13 25 66 -0.897
16 35 112 -0.794
36 13 10 0.073
35 16 93 -1.176
9 34 65 -0.541
12 22 67 0.645
41 11 127 -0.743
41 12 48 -0.614
31 30 97 0.237
31 23 21 -0.416
41 14 88 -0.063
28 25 116 -0.514
32 11 8 -0.878
15 27 74 -0.090
41 11 54 -0.676
19 28 33 -1.072
32 11 132 -0.976
35 7 119 1.340
15 32 75 0.356
34 17 10 0.189
14 31 33 0.072
17 30 149 -0.785
38 10 48 -0.486
42 11 49 -0.431
27 19 23 -0.546
23 37 114 -0.975
42 5 16 -0.928
24 34 25 -0.678
40 12 83 0.483
43 11 90 0.364
23 27 113 2.705
29 23 41 0.696
41 12 47 0.016
29 16 40 1.548
31 17 10 -0.638
44 11 127 -0.672
9 41 146 -0.965
35 20 81 0.714
17 30 38 -0.343
43 6 88 0.913
36 19 8 0.889
20 26 2 -1.037
36 12 45 0.682
15 31 148 -0.106
37 14 45 0.610
38 6 87 -0.613
20 37 62 -1.244
18 25 147 1.185
33 11 44 -0.603
33 14 47 -0.597
39 16 129 -0.935
20 27 76 -0.108
34 19 10 -0.914
17 25 74 -0.165
36 21 91 -0.490
30 20 40 0.168
38 9 13 -0.347
39 12 17 -0.342
40 13 87 0.598
26 25 135 0.324
39 10 46 -1.101
35 5 44 -0.812
17 24 141 3.178
35 6 44 -0.037
31 16 40 -0.679
39 11 51 0.616
31 11 118 0.324
11 37 32 -0.097
20 23 0 -0.431
28 23 76 1.392
42 11 52 0.487
17 21 110 -0.322
18 19 73 1.812
13 40 30 -0.825
14 36 111 -1.164
26 19 61 1.846
38 11 14 -0.090
44 11 124 -1.004
33 20 58 0.027
15 28 105 1.222
40 11 86 0.995
37 10 90 -0.996
32 19 95 -1.174
29 21 136 0.540
18 26 140 -0.066
35 18 45 0.062
16 33 102 -0.733
36 12 133 0.427
16 33 37 1.197
16 25 70 0.082
42 17 91 -0.373
23 17 118 -0.190
22 26 0 -0.910
20 32 148 -0.643
15 29 68 -0.905
13 30 105 2.542
34 27 95 0.297
34 15 119 -0.367
12 38 33 -0.818
41 13 14 -0.326
31 16 116 0.586
37 13 80 0.669
14 26 2 -1.278
18 25 64 1.582
10 40 105 -0.722
21 28 63 -0.358
24 26 61 -0.854
17 19 1 -0.727
27 19 60 -0.926
22 21 112 2.582
32 16 97 -0.323
31 20 57 -0.918
23 23 113 3.232
42 11 47 -0.305
34 18 9 0.579
14 31 68 -0.818
36 9 84 -0.800
32 17 134 0.395
37 13 89 -0.588
19 23 73 0.594
35 14 41 1.545
29 23 22 -0.880
27 25 59 0.108
10 31 108 -0.780
17 26 73 2.212
33 26 59 -0.544
11 41 71 -1.129
31 20 81 -0.581
15 31 67 -0.544
31 18 81 -0.352
20 29 137 -0.565
38 10 83 0.505
18 23 65 0.680
41 14 83 0.576
30 17 80 -0.442
16 23 33 1.370
12 32 108 -0.934
14 37 110 -0.978
36 24 95 0.525
16 35 103 -0.481
13 32 149 -0.625
27 32 134 -0.790
21 27 138 0.180
16 38 69 -0.764
35 12 132 -1.025
6 32 108 -0.747
23 26 137 -0.644
43 14 128 0.028
31 24 98 -0.996
16 20 68 1.468
16 26 73 -0.886
40 9 55 -0.362
39 13 14 0.328
17 21 75 1.359
40 12 14 -0.167
19 28 27 0.236
37 9 127 -0.978
38 12 13 -0.721
39 15 84 -0.510
34 18 8 0.074
29 32 134 -1.027
12 32 109 0.279
31 26 135 -0.341
29 31 96 -0.933
40 16 84 -0.436
23 13 3 0.432
30 23 115 -0.465
39 11 123 -0.969
37 10 9 0.572
38 15 54 -0.329
41 6 84 1.022
42 14 88 0.281
23 19 101 1.681
29 22 59 -0.217
24 31 115 -0.911
33 11 9 -0.313
44 8 126 0.033
38 15 93 -0.978
22 27 37 -0.614
12 36 72 -0.522
12 36 66 1.649
39 11 11 -0.766
20 28 73 -0.784
31 16 42 -0.354
13 29 34 -0.625
33 1 7 -0.571
22 26 101 1.204
35 24 58 0.146
39 12 86 0.202
22 21 0 1.386
42 2 11 -0.279
42 6 90 -0.425
22 24 139 -0.565
39 7 11 -0.270
30 12 79 0.093
19 23 111 -0.929
24 15 76 2.429
19 37 140 -0.733
15 38 102 -0.745
37 10 15 -0.931
12 34 106 -0.465
17 25 73 1.401
16 31 36 1.749
43 5 46 0.210
15 31 112 -0.821
17 26 68 -0.301
23 28 5 -0.418
33 13 84 -0.124
20 22 4 -0.636
32 19 118 0.373
20 35 101 0.405
13 29 106 1.756
24 19 76 0.603
13 35 69 -0.347
31 0 82 -0.822
27 23 117 -0.370
32 22 42 1.535
35 20 133 0.429
13 33 74 -0.914
36 19 122 -0.383
17 26 143 -0.969
29 24 98 2.775
40 16 18 -0.291
14 33 30 -0.979
42 12 127 -0.908
25 22 135 0.233
43 14 129 -0.426
13 31 111 -1.043
17 22 33 0.808
35 13 133 0.782
29 25 60 2.952
16 38 0 -1.231
22 32 138 -0.353
38 9 129 -0.929
19 28 111 -1.013
14 35 32 3.430
41 12 49 -0.487
8 35 32 -0.649
39 5 126 -0.734
39 4 12 0.416
19 40 138 -0.708
15 28 145 -0.616
37 10 50 -0.545
36 14 49 -0.824
34 17 49 -0.852
29 24 22 -0.068
42 10 52 0.417
40 7 90 -0.618
15 34 34 -0.331
27 23 42 -0.327
29 19 41 0.368
35 17 81 0.540
16 22 74 1.948
37 19 94 -1.180
19 24 37 -0.451
14 37 142 -0.714
21 18 3 -0.248
9 38 107 -1.090
37 8 129 -0.598
25 26 62 -0.338
37 18 83 -1.036
20 40 138 -0.577
19 19 64 0.344
37 11 13 -0.651
30 17 22 0.386
33 25 133 -0.075
43 10 17 0.507
23 30 1 1.404
29 30 135 -0.273
28 14 4 0.467
42 10 127 -0.050
38 21 19 0.576
30 16 41 0.762
40 12 54 -0.704
42 12 14 0.291
34 13 81 -0.069
39 10 50 1.386
23 27 100 0.149
37 19 130 -1.152
17 30 65 1.934
32 24 6 0.048
17 20 63 -0.818
26 32 39 -1.048
26 14 44 -1.046
23 24 76 1.032
35 17 94 -0.850
44 14 129 -0.148
37 17 7 0.239
38 24 132 0.080
31 16 115 0.432
16 37 100 -1.178
16 15 73 1.227
16 19 1 -0.895
37 4 131 -0.942
36 11 54 -0.943
16 19 34 0.563
14 33 142 1.568
33 11 20 -0.206
12 39 71 -0.870
35 18 6 1.203
16 24 31 1.112
19 19 31 0.055
14 44 111 -1.250
26 22 137 0.487
41 14 130 -0.950
23 25 0 -0.917
34 9 45 1.304
11 40 32 -0.670
23 24 4 -0.702
36 3 7 0.126
32 6 119 -0.617
38 8 51 -0.228
23 25 63 -0.149
43 12 126 -0.985
36 20 18 -0.628
44 11 52 -0.617
42 14 128 -0.320
22 24 101 2.274
27 12 115 1.282
18 26 37 2.518
20 21 76 0.055
24 17 137 0.054
34 14 7 0.573
13 31 109 -0.415
40 7 92 -0.268
23 29 63 0.537
11 39 139 -1.243
27 23 135 0.005
15 31 146 1.187
39 17 10 0.765
41 7 17 0.225
10 37 146 -0.726
14 28 31 0.218
29 31 135 -0.225
4 39 108 -0.881
22 36 138 -0.706
35 20 57 0.505
31 32 96 -0.528
38 16 87 -0.565
9 44 105 -0.732
11 33 30 -0.470
16 37 72 -0.289
32 22 21 0.386
25 27 24 1.461
28 26 60 1.154
12 32 29 -0.381
17 29 100 -0.917
23 20 38 -0.446
38 19 93 -1.125
32 21 42 -0.308
23 28 24 -0.190
27 29 77 0.398
26 26 62 1.340
26 18 5 1.249
18 31 65 1.534
19 21 73 0.549
41 10 49 0.301
33 16 95 -0.056
32 26 135 -0.092
26 27 42 -0.401
37 5 127 -1.181
31 29 96 -0.680
21 19 0 2.239
10 33 102 1.706
19 31 104 -0.132
19 24 26 2.314
17 29 37 2.120
39 13 45 0.917
27 24 114 1.078
35 20 18 -1.127
16 31 37 0.057
28 23 98 -0.849
13 29 146 4.634
25 24 5 0.394
20 35 26 -0.853
32 22 95 -0.047
24 15 114 2.540
40 16 46 0.737
17 25 27 -1.001
12 25 106 1.697
15 37 67 -0.319
16 30 148 0.541
14 30 147 1.189
32 3 82 -0.858
38 12 9 0.484
10 31 30 -0.879
22 23 38 1.511
30 20 116 0.554
14 37 109 -1.131
22 15 1 -0.172
39 16 8 1.219
14 31 111 -0.749
31 19 22 -0.155
36 14 81 0.625
19 25 38 0.175
42 4 50 -0.637
14 39 67 0.702
37 5 7 0.043
14 30 74 2.499
41 10 48 -1.067
14 38 143 -0.450
33 14 45 -0.447
13 32 148 -1.041
25 27 25 -0.201
41 10 123 0.115
36 20 120 0.028
19 20 31 0.414
20 23 149 -0.251
36 11 9 1.058
22 22 26 -0.455
34 24 19 -0.506
39 11 121 0.688
13 37 35 0.031
17 23 64 2.884
26 25 39 0.685
13 31 68 -0.690
27 32 23 0.152
19 23 27 0.121
39 7 121 0.408
12 40 70 1.098
37 18 133 0.626
35 14 120 -0.857
37 14 13 -1.026
38 19 131 -0.808
14 30 34 -1.024
13 33 105 1.713
27 32 59 -0.753
39 11 48 0.432
35 11 7 0.683
17 25 141 2.070
33 21 42 0.421
42 11 92 0.534
29 36 60 -1.312
43 7 50 -0.234
16 21 33 0.570
43 7 14 -0.307
41 8 124 0.409
23 24 25 0.794
9 37 35 -1.240
15 29 66 -0.430
21 17 112 2.442
41 12 14 0.007
24 30 25 -0.116
25 19 117 -0.166
10 32 145 -0.884
37 16 131 -1.105
9 31 106 -1.064
14 30 103 -1.166
13 31 67 -0.339
17 26 69 0.619
20 28 27 0.871
26 23 59 0.109
28 21 39 1.587
36 22 57 -0.172
38 15 89 -0.152
18 24 141 0.167
38 19 83 -0.850
34 16 54 -0.978
29 16 44 0.501
42 7 127 0.688
43 6 50 0.399
34 15 7 0.760
38 12 90 -0.371
16 25 74 1.259
22 16 63 -1.206
31 17 118 -0.366
41 10 14 0.801
21 24 63 -0.183
20 32 65 0.050
31 6 79 2.171
16 32 142 -0.543
12 34 143 1.829
25 11 116 -0.340
17 29 144 0.663
15 34 103 0.369
37 16 45 0.804
36 25 132 -0.127
26 20 82 -0.812
35 27 94 -0.905
43 15 53 -0.721
16 38 142 -0.934
37 16 57 -0.943
21 24 101 -0.490
33 21 21 0.010
35 18 95 0.445
41 10 130 -1.146
14 27 31 0.979
15 33 67 0.806
40 16 129 -0.662
36 12 120 -0.181
36 14 6 -0.563
36 17 56 -0.682
18 30 101 -0.275
15 41 75 -1.023
35 15 85 -0.889
16 36 68 1.065
18 25 141 -0.150
36 10 47 -1.092
33 21 119 -0.206
39 11 83 1.368
21 29 26 -0.727
26 29 23 -0.739
36 10 87 0.414
27 25 114 1.587
17 27 139 -0.817
31 20 94 -1.118
17 22 73 0.532
14 32 71 0.437
34 13 43 1.426
15 32 103 1.613
40 11 126 -0.389
25 25 137 -0.220
40 9 130 -0.333
12 19 33 1.375
30 24 21 -0.292
37 4 13 -1.214
23 24 5 -0.267
11 39 30 1.603
18 33 37 -1.187
17 38 68 -0.798
16 38 33 -0.353
16 21 141 -0.260
35 16 8 0.658
24 28 27 -0.810
36 11 48 -1.079
20 25 138 1.841
20 32 99 -0.940
15 36 109 -1.114
14 29 144 3.591
36 13 47 -1.146
24 36 23 -0.926
12 27 111 -0.985
15 32 67 -0.142
13 36 70 1.069
20 25 76 -0.239
37 15 120 -0.109
36 10 83 -0.256
43 13 52 0.509
40 14 50 1.366
42 7 46 0.031
38 9 48 -0.321
32 30 22 -0.306
34 20 9 0.305
29 26 135 1.100
32 26 95 0.169
27 29 23 -0.772
42 10 91 0.081
32 19 79 1.705
25 22 79 0.704
13 30 71 -0.305
24 24 82 -0.838
36 19 95 -0.016
14 37 74 -0.912
20 24 74 -0.320
37 14 54 -0.754
20 19 149 0.238
13 41 140 -1.013
18 22 141 0.656
26 26 135 -0.488
23 25 76 1.071
25 31 24 -0.768
38 19 8 -0.006
41 9 84 0.903
39 12 84 0.560
19 26 28 0.375
40 9 125 -0.573
23 23 114 2.156
12 29 34 -1.051
39 9 129 -0.981
14 25 144 1.035
37 8 50 -0.510
40 6 126 -0.630
32 29 22 -0.131
41 16 54 -0.181
34 7 45 0.989
8 26 107 -0.933
14 35 140 0.022
23 25 37 -0.276
41 12 92 -0.265
28 28 136 0.123
12 30 69 -0.051
39 14 54 -0.116
19 22 34 -0.265
14 21 31 0.484
29 22 77 2.359
26 30 135 -0.990
39 11 15 -0.412
36 13 121 -0.369
42 5 17 0.603
32 22 58 -0.013
34 7 8 0.394
26 20 78 -0.496
15 32 113 -0.609
32 14 9 -0.165
36 5 18 -0.732
16 33 74 1.732
37 11 89 -0.677
10 31 35 0.087
11 37 71 -1.206
24 25 24 1.306
26 23 60 -0.247
16 31 112 -0.650
30 20 42 0.146
20 28 2 0.076
39 8 15 -0.512
21 21 38 0.678
36 12 13 -0.930
36 22 20 -0.445
25 30 100 -0.099
23 26 2 0.249
14 26 29 -0.791
13 27 103 0.377
24 29 99 -1.031
16 23 103 -1.140
13 35 148 -1.113
12 32 33 0.809
26 26 39 0.380
36 19 134 0.314
33 14 81 0.112
39 10 9 0.101
28 17 4 0.198
24 26 139 -0.458
12 39 102 -0.948
14 28 70 0.116
22 24 38 0.732
28 12 82 -1.009
33 19 20 0.067
35 2 85 -1.189
30 19 43 -0.402
36 11 45 0.409
27 17 39 1.713
40 13 54 -0.281
24 18 114 2.704
38 12 86 -0.213
13 36 33 -0.633
10 27 105 2.400
28 24 44 -0.722
14 26 33 0.681
31 14 80 0.033
23 28 79 -1.005
44 7 88 -0.536
20 21 73 0.186
31 16 77 1.396
44 0 12 -1.098
22 20 27 0.473
33 26 43 -0.317
9 39 108 0.355
13 33 139 -1.203
31 23 42 -0.250
12 39 72 -0.250
10 38 72 -0.956
12 34 27 -0.890
17 43 137 -0.918
20 19 110 0.497
20 17 0 1.258
25 30 24 -0.608
27 25 136 0.266
18 33 101 -0.462
33 21 95 -0.045
19 27 64 1.171
16 29 71 -0.132
19 29 147 -1.182
17 37 113 -0.768
23 35 137 -1.093
19 25 0 0.343
8 38 35 -1.134
28 24 21 -1.094
40 13 49 -0.335
37 13 87 -0.436
38 23 130 -1.135
39 16 123 -1.185
32 13 81 -0.439
18 18 31 0.620
16 32 141 -0.577
41 10 90 -0.220
33 21 96 -0.480
37 14 17 0.321
35 25 95 -0.403
31 12 115 0.826
24 21 116 -0.013
14 38 32 -0.635
41 10 92 1.391
18 27 113 -0.539
14 30 142 1.653
29 27 23 -0.581
36 10 118 1.851
19 20 63 -0.768
34 17 117 -0.235
38 17 120 0.062
11 25 105 5.824
29 17 77 2.430
18 22 64 2.983
18 20 31 -0.144
35 16 121 -0.384
12 30 107 -0.166
