31 5 82 -0.587
28 26 136 1.848
34 10 45 0.568
21 18 2 1.940
12 37 72 -0.429
35 9 9 1.351
25 26 5 0.366
13 38 111 -1.166
33 21 6 0.199
35 16 121 -0.384
28 26 116 -0.427
30 18 41 1.018
22 19 3 -0.141
23 35 137 -1.093
16 34 103 0.566
11 37 30 0.580
16 26 34 -0.341
27 22 99 -0.174
27 22 60 0.030
7 33 108 0.276
26 29 137 -0.499
28 20 114 1.400
24 21 98 -0.259
36 23 121 -0.632
30 14 5 -0.173
12 40 102 -0.936
22 21 139 0.261
26 32 23 -0.759
43 7 50 -0.234
14 38 71 -1.105
13 33 66 -0.651
11 34 110 -1.167
34 14 9 -0.480
27 21 98 0.282
16 32 142 -0.543
27 21 26 0.597
40 6 127 -0.777
12 37 145 -0.303
27 24 42 0.000
15 34 148 0.205
12 30 149 -0.117
16 23 141 0.561
13 32 36 1.091
31 18 120 -0.699
37 25 132 -0.061
33 18 134 0.976
21 18 138 0.839
19 23 26 0.411
36 9 45 0.079
22 25 25 -0.573
23 27 24 -0.155
34 18 19 -1.081
35 16 19 -0.492
12 40 30 -0.883
29 15 44 0.396
8 35 32 -0.649
34 14 133 -0.167
15 29 109 -0.866
15 38 143 -0.693
42 14 126 -0.682
40 11 50 0.136
39 12 48 -0.360
24 24 62 -0.399
39 12 54 -0.250
35 13 121 -0.658
30 26 22 0.583
13 37 145 0.670
20 27 1 1.577
20 30 101 0.089
36 11 119 0.373
13 37 142 -0.777
14 39 33 -0.485
34 15 41 1.741
37 16 83 0.495
35 18 56 0.039
40 7 125 -0.767
23 34 137 -0.650
26 23 137 -0.260
34 7 8 0.394
15 35 149 -0.968
15 18 74 1.066
31 11 4 0.120
17 29 149 0.296
30 22 135 0.637
13 38 66 -0.552
26 17 5 1.035
27 7 4 0.740
23 33 25 1.237
26 24 39 0.179
14 38 36 -0.250
17 30 37 1.277
22 33 138 -0.443
17 30 64 2.452
38 19 93 -1.125
30 21 58 0.118
21 19 0 2.239
21 27 1 0.537
37 21 6 1.493
23 23 62 -0.732
35 13 10 -0.281
15 31 146 1.187
14 34 72 0.592
31 16 77 1.396
33 15 119 0.379
38 14 57 0.999
14 32 149 -0.998
39 12 13 0.213
38 18 131 -1.043
35 17 82 -0.261
40 11 13 0.203
36 14 83 -0.208
37 16 54 -0.904
17 32 75 0.438
16 29 29 -1.213
29 20 4 -0.026
39 8 123 -0.816
35 22 94 -0.496
28 31 77 0.757
16 21 28 -0.545
36 16 83 -0.629
40 3 16 -0.500
19 22 1 0.297
25 21 99 -0.565
36 18 120 0.017
33 21 95 -0.045
15 35 110 -0.859
8 38 102 -0.848
20 28 137 -0.612
39 16 54 -0.366
13 27 36 3.262
37 10 83 -0.058
37 12 90 -0.851
16 27 140 3.777
16 26 29 -1.065
18 34 148 0.106
42 14 18 -0.362
13 37 29 -0.376
18 23 111 -1.075
21 33 23 -0.489
13 27 66 0.953
35 2 82 0.403
24 11 116 -0.581
36 1 131 -1.041
27 30 62 -0.372
32 15 6 0.195
19 26 148 0.305
32 19 58 0.068
32 19 133 -0.306
15 37 66 -0.929
19 20 31 0.414
11 36 112 -0.971
42 10 52 0.417
30 14 117 0.939
28 30 23 -0.479
32 19 59 -0.271
18 25 65 2.354
17 35 69 -0.502
14 37 66 -0.890
13 31 141 -0.442
31 24 134 -1.060
15 33 140 -0.384
39 13 84 0.249
18 21 27 -1.063
11 28 27 -1.210
14 28 142 2.242
10 36 109 -0.479
36 11 10 1.047
31 13 116 0.127
16 28 27 -0.949
40 15 85 0.241
30 26 23 -0.295
28 30 59 -0.904
34 6 83 -0.360
27 22 62 0.633
28 16 59 -0.907
38 13 129 -0.366
23 27 37 -0.680
35 19 45 0.416
29 28 136 -0.467
39 14 11 0.069
23 31 78 0.288
26 18 3 1.039
37 17 133 1.106
15 36 103 1.369
37 8 50 -0.510
36 21 57 0.108
36 22 120 0.091
38 11 84 -0.524
11 28 143 0.805
23 18 61 0.992
44 5 126 0.141
12 34 109 0.348
14 32 70 -0.399
29 18 23 -0.571
14 33 34 -0.340
30 17 44 0.384
29 35 96 -0.753
22 19 27 0.356
16 37 142 -0.668
11 39 145 -0.510
15 24 144 -0.799
18 22 148 0.034
32 22 57 0.095
17 33 111 -0.620
34 13 132 -1.122
20 23 0 -0.431
15 40 113 -1.186
14 29 142 1.798
34 7 45 0.989
37 10 15 -0.931
15 34 34 -0.331
11 33 108 -0.728
31 13 79 1.230
36 11 48 -1.079
19 30 113 -0.774
34 19 93 -1.208
42 18 46 0.602
39 12 121 0.193
5 44 108 -0.746
36 13 48 -0.747
43 18 128 -0.470
39 21 94 -1.048
13 30 31 0.536
22 22 2 1.054
41 6 14 -0.654
27 23 116 1.072
33 24 43 0.771
32 16 118 0.558
42 17 130 -0.462
32 21 42 -0.308
32 19 10 -0.988
14 22 110 -0.607
11 21 31 -0.188
42 14 92 0.345
42 1 12 -0.410
31 28 22 -1.052
26 32 114 -0.033
37 20 91 -0.590
25 28 23 0.731
23 28 1 1.651
14 35 141 -0.446
19 25 148 0.128
27 27 62 0.683
41 14 129 -0.867
21 38 64 -0.832
28 33 96 -0.866
12 37 67 -0.604
14 40 111 -1.152
27 17 79 -0.177
25 33 60 -1.076
32 20 81 -0.147
27 21 115 -0.861
15 27 110 -0.852
17 34 141 -0.631
29 22 60 2.518
20 17 2 1.317
43 10 125 0.029
24 29 60 -1.304
39 10 88 -0.788
38 20 131 -0.916
37 23 120 -0.167
26 22 98 0.223
12 21 69 0.938
34 5 44 -0.583
14 37 149 -0.919
15 37 33 0.613
36 19 95 -0.016
15 27 142 0.913
19 30 38 0.393
38 6 46 -0.295
10 34 65 -0.590
23 32 62 -0.135
13 31 67 -0.339
32 17 134 0.395
43 4 46 0.911
17 25 27 -1.001
39 15 10 0.749
29 23 25 0.914
19 25 0 0.343
35 11 118 1.095
22 19 0 1.713
16 18 1 -0.981
38 5 85 -1.097
30 22 42 0.094
39 16 86 -0.376
20 26 0 0.249
39 10 14 -0.153
17 24 34 0.273
25 24 116 -0.304
36 15 8 0.140
30 26 60 2.204
36 14 49 -0.824
33 18 58 0.246
41 10 49 0.301
30 19 134 -0.828
18 19 63 -0.564
32 16 134 0.869
39 5 121 -0.938
35 13 126 -0.879
13 27 149 -0.341
26 26 136 -1.142
27 25 116 0.755
27 23 82 -0.752
13 26 103 0.956
7 38 108 -0.604
38 4 46 0.467
9 42 107 -1.130
20 33 137 -0.373
40 9 9 0.348
35 19 19 -0.524
15 32 103 1.613
11 35 106 -0.688
38 12 86 -0.213
37 18 48 -0.755
31 20 81 -0.581
33 17 58 0.384
35 22 19 -0.210
28 23 39 0.263
39 17 55 -0.820
34 22 7 0.209
33 19 80 -0.570
35 0 82 0.122
32 15 96 -1.097
29 21 97 -1.062
25 22 3 0.175
32 22 116 -0.490
9 33 108 -0.771
24 28 100 0.266
33 25 133 -0.075
13 35 67 0.129
17 31 70 -1.081
15 29 33 1.465
34 14 8 0.139
20 25 37 3.687
31 26 22 -0.623
42 6 13 0.287
37 16 132 -0.776
40 11 55 -0.090
27 28 135 0.426
28 20 115 -0.532
16 27 65 3.279
19 24 65 -0.515
21 19 2 1.647
36 5 85 -0.927
40 11 130 -0.595
31 19 40 0.271
43 17 128 -0.261
15 34 0 -1.178
40 21 55 -0.273
32 22 42 1.535
38 8 125 -1.093
39 17 120 -0.130
39 6 89 -0.754
15 32 32 4.373
32 22 81 -0.514
29 14 97 -0.767
14 42 111 -1.228
19 37 140 -0.733
29 16 22 1.264
30 8 117 0.189
40 13 121 -0.535
40 13 85 0.169
33 17 96 0.250
20 31 0 -0.590
18 25 27 -1.072
23 19 136 0.002
42 5 13 -0.269
36 23 120 0.071
14 31 34 -0.614
38 23 130 -1.135
23 22 3 -1.060
18 31 33 -0.870
15 31 72 -1.082
29 26 60 2.964
42 11 47 -0.305
28 14 39 1.722
12 35 106 2.973
37 12 45 0.667
15 32 33 0.385
20 30 149 -1.190
39 10 46 -1.101
31 23 58 -0.514
41 6 84 1.022
32 26 95 0.169
28 24 39 0.408
17 33 29 -0.973
21 26 28 -0.110
22 15 138 2.566
13 33 68 0.428
39 7 91 -0.596
28 25 39 0.182
14 32 31 0.240
23 37 77 0.231
39 13 51 0.344
35 20 118 0.476
17 21 141 0.797
41 5 11 -0.345
42 7 92 -0.511
17 24 73 2.575
22 33 79 -1.125
19 31 101 -0.099
30 20 40 0.168
22 24 0 1.138
12 32 109 0.279
32 16 9 0.097
25 33 24 -0.801
39 18 54 -0.215
14 31 69 -0.760
35 22 6 0.939
27 32 59 -0.753
22 37 78 -0.847
32 27 97 -0.507
11 40 65 -0.541
14 36 141 -0.840
12 38 104 -0.545
42 9 17 -0.117
41 15 17 -0.332
9 36 108 0.803
29 22 98 -0.943
10 41 102 -0.642
34 19 119 0.262
40 12 86 -0.098
28 33 77 0.626
29 22 77 2.359
28 19 61 0.477
17 27 75 -0.803
13 33 67 0.094
34 19 19 -0.424
27 30 99 -0.441
35 5 44 -0.812
21 15 0 0.631
40 12 128 -0.525
29 21 21 -0.857
21 23 139 1.145
24 19 76 0.603
21 23 27 0.057
16 34 141 -0.923
11 37 107 -1.145
27 22 134 -0.438
41 12 50 0.478
16 33 109 -1.087
39 9 50 0.394
30 24 41 1.441
41 13 127 -0.614
29 12 40 0.673
31 17 97 -0.585
12 27 66 0.885
28 11 82 -1.146
37 15 92 -0.655
30 11 79 -0.543
37 4 8 1.270
18 25 110 -0.712
17 33 149 -1.041
31 16 116 0.586
41 13 53 0.811
8 32 146 -0.994
25 26 25 2.473
23 27 100 0.149
9 29 35 -0.354
24 26 25 0.475
37 1 46 -0.262
44 10 52 0.072
15 34 113 -1.063
34 11 124 -0.386
23 28 0 -0.884
36 21 120 -0.249
17 32 65 0.825
24 22 38 0.810
12 30 148 -1.214
34 13 81 -0.069
16 36 103 -0.576
26 25 137 -0.554
30 26 41 3.639
33 16 95 -0.056
19 25 38 0.175
15 23 103 2.330
27 25 59 0.108
31 23 97 -0.625
33 22 19 -0.556
40 6 91 -0.933
16 19 1 -0.895
12 27 35 1.692
37 2 7 0.151
27 29 59 -0.395
33 24 6 0.119
14 37 111 -1.119
26 22 5 0.590
14 34 33 0.022
40 6 16 -0.631
35 15 82 -0.381
13 39 111 -1.045
38 11 12 1.544
28 9 4 -0.274
16 32 110 -0.789
19 25 141 0.431
37 17 56 0.496
41 16 129 -0.667
35 21 19 -0.338
39 3 123 -0.982
37 12 121 0.014
41 14 50 1.065
41 8 51 -0.074
34 15 43 0.871
19 28 64 0.609
19 28 28 -0.635
15 32 74 -0.767
30 25 60 2.049
28 12 4 0.261
29 28 62 -0.383
22 26 38 -0.168
19 34 63 -0.376
36 18 133 0.536
36 17 6 1.631
21 26 38 0.982
22 16 63 -1.206
10 36 35 -0.957
15 25 28 -0.632
21 27 38 -0.702
40 10 130 -0.368
29 19 23 0.176
35 17 10 -0.422
22 18 3 -0.340
36 5 118 1.222
22 14 1 0.040
24 27 1 1.781
11 34 70 3.155
23 20 114 2.256
40 12 13 0.187
27 21 99 -0.804
19 29 26 -1.201
29 24 23 -0.333
28 29 59 -0.950
41 11 18 0.003
37 10 131 -0.908
42 4 50 -0.637
14 32 71 0.437
34 16 81 0.445
37 13 85 -0.988
30 28 21 -0.853
40 7 127 -0.645
27 28 25 -1.004
32 7 119 -0.380
15 32 71 0.012
24 19 99 -0.846
39 12 17 -0.342
33 26 95 0.448
15 36 144 1.791
35 16 120 -0.496
13 34 0 -1.303
19 23 113 0.932
13 34 69 0.795
26 27 100 1.964
39 15 85 -0.113
20 30 139 0.815
37 16 89 -0.590
35 24 119 -0.814
44 9 124 -0.085
28 27 77 0.491
23 16 3 0.075
32 20 44 0.055
20 23 112 3.329
21 30 28 -0.591
24 31 24 -0.496
14 33 147 -0.713
31 19 116 0.455
18 37 137 -0.333
29 27 60 2.533
40 6 11 -0.793
38 11 54 -0.736
28 26 60 1.154
25 21 98 -0.089
16 30 111 -0.686
28 21 23 -0.346
27 15 78 -0.889
41 0 12 -0.937
11 30 143 3.327
13 25 107 0.774
25 30 114 0.074
37 19 93 -1.131
27 25 99 -0.648
21 36 64 -0.883
23 7 78 -0.958
20 24 75 0.340
25 31 60 -1.158
17 35 140 0.455
12 35 69 0.427
16 28 141 2.102
15 31 104 0.102
23 29 63 0.537
35 16 58 0.494
40 12 49 0.206
44 8 126 0.033
43 12 53 0.170
16 37 112 -0.875
9 44 102 -0.905
15 29 31 0.066
21 21 0 1.080
31 19 22 -0.155
35 12 85 -0.983
42 8 53 0.365
43 11 49 0.671
15 32 144 2.035
31 21 97 1.969
42 6 90 -0.425
12 36 32 0.111
20 19 2 -0.297
33 18 40 -0.752
32 15 44 0.090
34 23 133 -1.209
42 17 91 -0.373
32 14 8 -0.384
40 9 83 0.655
38 13 49 0.374
32 23 44 0.032
30 23 21 -0.302
16 19 73 1.926
19 23 69 0.733
7 35 145 -1.096
42 13 127 -0.997
33 10 123 -0.729
40 11 14 -0.084
32 14 80 -0.140
41 7 46 0.016
15 34 102 -0.529
11 31 69 0.182
25 29 136 -0.779
28 26 21 -0.824
25 30 23 0.558
16 32 103 1.076
30 23 22 1.203
33 10 119 -0.299
40 16 46 0.737
22 25 24 1.029
39 15 17 -0.178
30 21 41 1.561
15 35 144 -0.767
12 29 35 0.915
22 16 0 2.181
24 26 1 1.867
35 10 127 -0.863
39 10 126 -1.120
42 2 11 -0.279
37 10 85 -0.080
16 33 102 -0.733
37 19 131 -0.884
33 17 56 -1.071
23 25 100 -0.055
39 9 84 0.076
11 27 107 -0.822
24 22 5 0.503
33 24 80 1.032
41 8 49 0.665
16 41 36 -0.077
27 31 23 -0.681
35 18 19 -0.037
34 12 85 -1.103
37 3 85 -1.083
28 31 59 -0.988
32 22 118 -0.187
38 11 10 1.123
35 15 85 -0.889
19 31 149 -0.850
38 9 11 0.008
34 12 10 -0.459
44 7 88 -0.536
12 32 143 0.252
18 30 139 -0.654
11 27 35 -0.301
38 9 90 -0.878
17 31 69 -0.256
38 16 93 -1.103
41 10 14 0.801
38 10 129 -0.553
11 34 72 0.075
13 28 106 2.334
37 10 124 -0.513
15 27 74 -0.090
8 36 146 -1.057
41 4 16 0.393
28 21 44 -0.255
14 32 69 -0.174
43 9 15 -0.345
23 27 139 -0.420
11 25 105 5.824
39 5 126 -0.734
17 20 63 -0.818
41 12 47 0.016
27 28 39 0.984
39 9 89 0.167
15 29 71 0.361
37 10 121 -0.587
14 33 70 0.088
39 11 83 1.368
34 18 20 -0.213
23 22 24 1.573
15 27 66 1.307
16 25 1 -1.026
13 33 34 -0.771
27 27 136 0.058
40 13 86 0.611
34 15 96 0.005
36 9 84 -0.800
28 31 135 -0.089
41 9 50 0.549
32 22 80 0.147
23 25 25 1.308
22 32 78 -0.996
30 16 116 0.755
20 36 101 0.805
20 32 101 -0.186
9 27 29 -0.762
23 37 114 -0.975
28 21 97 -1.140
40 10 88 -0.669
16 24 34 1.747
29 13 116 1.858
36 14 6 -0.563
13 30 144 -1.049
39 3 131 -0.923
21 34 138 -0.292
14 33 142 1.568
26 15 5 0.934
41 14 130 -0.950
14 29 105 2.142
37 20 6 1.159
34 21 6 0.999
41 3 16 -0.780
42 16 128 -0.266
9 33 32 -0.666
19 27 2 -1.185
43 10 49 -0.431
31 23 40 1.092
24 21 82 -0.843
40 9 89 -0.514
11 32 107 -0.903
11 36 65 -0.387
42 7 127 0.688
13 34 143 0.344
30 20 44 -0.109
27 12 4 0.172
12 31 146 -0.424
38 12 55 -0.102
38 11 43 0.120
16 27 75 0.593
18 23 34 0.004
36 10 12 0.002
41 15 53 -0.169
40 9 14 -0.250
11 35 109 0.111
12 41 143 -0.567
16 31 144 0.934
33 15 80 0.806
13 33 143 -0.722
33 26 21 0.165
10 34 145 -0.963
33 14 9 -0.210
28 23 98 -0.849
11 32 66 -0.942
35 9 7 0.040
35 14 120 -0.857
19 38 138 -0.500
29 22 135 -0.070
32 14 121 -1.210
13 27 33 0.175
14 26 31 -0.178
12 25 71 1.797
16 22 70 -0.047
40 12 55 0.268
33 12 10 -0.027
37 14 93 -1.048
21 23 63 0.104
37 17 122 -0.083
29 19 40 2.653
26 17 4 -0.151
39 6 48 -0.264
33 24 59 -0.318
21 21 2 0.285
38 2 12 0.177
16 29 71 -0.132
40 14 129 -1.035
20 19 76 -0.494
11 24 69 1.548
20 26 2 -1.037
38 15 53 -1.000
23 13 0 2.636
15 29 66 -0.430
36 15 57 0.044
25 27 99 -0.571
20 30 28 -0.709
33 18 6 0.179
26 16 39 1.085
31 26 58 -0.311
35 8 82 0.683
40 8 125 -1.156
38 19 91 -0.621
39 17 10 0.765
29 23 115 -0.429
15 36 140 0.928
20 34 140 -0.389
18 27 37 0.823
17 43 137 -0.918
9 42 146 -1.046
20 18 139 2.238
33 17 9 0.338
19 33 63 -0.434
40 14 91 -0.722
10 43 109 -1.122
17 34 140 -0.208
34 24 7 -0.026
39 16 92 -0.656
40 4 46 0.564
37 13 92 -0.956
13 37 105 0.602
36 14 89 -0.712
12 38 147 -0.460
15 38 0 -0.914
18 18 2 -0.436
41 11 13 0.129
15 42 147 -0.599
32 18 9 0.157
37 16 80 1.160
33 19 20 0.067
31 29 97 0.675
33 16 42 -0.108
16 24 37 1.928
25 23 38 -0.236
33 20 118 -0.207
13 32 143 0.823
13 38 72 0.509
36 21 133 0.900
39 5 45 -0.303
21 24 139 -0.598
36 16 20 -0.581
28 24 23 -0.451
25 34 24 -0.796
18 26 27 0.063
15 34 104 0.003
12 34 66 -0.700
38 8 123 -0.856
32 19 134 1.412
14 36 112 -0.845
0 44 108 -0.964
14 33 103 2.092
19 28 112 0.313
19 29 2 -1.131
36 11 120 -0.886
27 18 4 -0.237
37 4 84 -0.313
18 30 112 0.092
32 19 94 -1.103
37 20 18 -0.796
42 10 124 -0.097
41 13 125 -0.532
31 17 41 2.094
41 12 127 -0.397
42 17 88 0.078
28 26 134 -0.815
11 39 104 -0.633
41 11 15 -0.616
27 15 4 0.066
13 28 141 1.237
20 39 138 -0.736
16 23 70 0.179
10 27 144 5.370
37 7 85 -1.002
17 29 143 -0.611
36 11 87 -1.045
23 29 113 0.169
16 35 148 -0.876
31 13 4 0.240
41 16 91 0.291
18 25 147 1.185
33 8 123 -0.968
20 23 1 1.231
39 8 49 -0.795
15 30 27 -0.895
36 9 83 -0.330
27 24 136 0.293
37 17 7 0.239
14 27 144 -0.796
14 30 71 -0.136
34 14 119 -0.095
14 44 111 -1.250
24 25 116 -0.066
40 14 46 1.705
34 12 119 -0.378
24 10 0 2.136
36 13 121 -0.369
30 13 116 1.886
35 19 118 0.431
35 22 58 0.228
43 9 126 -0.807
19 28 100 -0.506
22 26 0 -0.910
27 23 77 0.646
17 25 104 -0.099
38 13 53 -0.827
17 37 113 -0.768
40 8 51 0.095
12 35 35 -0.060
17 38 68 -0.798
18 25 139 0.939
41 7 92 -0.599
20 25 149 -1.036
38 12 57 0.671
41 7 90 -0.168
16 29 75 -0.743
12 35 66 -0.875
22 9 0 1.726
31 15 116 0.308
34 18 80 -0.461
31 0 82 -0.822
25 29 114 0.366
12 30 142 3.497
31 22 44 0.080
38 16 10 0.456
35 11 82 -0.553
28 24 135 0.020
31 27 43 -0.230
20 24 113 1.295
33 21 20 0.228
31 16 43 0.155
12 42 72 -0.839
39 13 45 0.917
32 13 117 -0.825
29 26 134 -0.219
43 6 16 -0.885
19 22 73 -0.283
25 24 24 0.022
31 22 94 -1.171
26 32 61 -0.777
21 34 137 -0.232
29 26 136 -0.059
29 18 134 -0.324
45 13 91 -0.571
13 30 30 0.835
13 34 139 -1.210
21 21 139 2.315
24 19 59 -0.554
15 26 71 0.494
11 43 146 -0.397
15 20 74 2.024
21 20 2 -0.013
36 13 85 -0.964
32 21 98 -1.078
20 31 63 -0.877
19 31 28 -0.951
42 9 90 0.229
29 12 79 0.496
30 9 79 1.887
39 13 12 0.834
10 41 72 -1.073
15 33 74 -1.073
40 6 124 -0.374
37 9 85 -0.707
34 16 96 0.175
33 23 59 -0.746
37 11 123 -0.922
15 33 103 2.250
22 23 112 0.977
29 27 77 0.655
12 30 67 -1.012
22 33 99 -0.116
14 19 34 0.820
29 23 60 1.859
42 9 52 0.370
17 31 68 -0.448
13 26 147 1.309
38 17 87 -0.832
16 29 69 0.550
22 32 138 -0.353
32 14 9 -0.165
37 15 131 -0.935
41 11 51 -0.334
28 23 79 0.745
43 8 15 -0.698
22 23 2 -0.582
29 21 5 -1.029
21 37 101 0.699
13 40 68 0.973
20 35 26 -0.853
34 14 81 -0.328
41 10 11 -0.112
15 32 140 1.523
36 17 56 -0.682
13 38 106 -0.550
40 15 53 0.267
34 24 19 -0.506
17 27 111 -0.710
30 28 22 1.462
29 23 21 -0.662
41 12 15 -0.676
23 23 4 -0.837
36 11 47 -1.000
15 28 141 0.223
32 28 22 -0.196
39 15 48 -0.480
10 33 110 -1.193
23 19 63 0.362
13 34 70 0.245
25 16 3 1.169
40 14 83 0.583
32 21 120 -1.011
20 30 38 -0.399
28 16 42 -0.153
17 30 74 -1.080
18 31 139 -0.365
26 27 114 1.238
21 25 38 1.032
39 11 15 -0.412
15 33 105 0.431
24 25 4 -1.175
35 13 85 -1.039
14 20 73 0.007
34 16 86 -1.045
34 17 93 -1.107
23 26 137 -0.644
41 15 50 1.147
18 20 31 -0.144
15 24 29 -0.787
12 30 143 0.579
11 33 70 2.448
21 25 149 -0.712
11 34 69 -0.431
27 19 40 2.279
11 28 67 0.485
1 45 108 -0.651
15 28 74 -0.143
18 33 106 -0.526
16 26 72 -0.124
19 29 28 -0.702
43 10 127 -0.338
16 23 73 0.434
34 18 21 -0.091
29 24 80 -0.084
22 32 0 -0.415
20 25 25 1.075
38 11 45 0.530
26 20 59 -0.114
16 32 69 -0.117
13 26 66 -0.535
33 10 9 -0.464
42 5 16 -0.928
14 30 66 -0.804
26 21 60 -0.596
17 25 144 -1.073
25 17 5 0.971
11 36 71 -1.084
16 26 142 1.770
34 17 43 0.943
16 26 67 0.423
12 37 30 1.601
32 14 97 -0.605
39 12 86 0.202
37 13 124 0.158
22 32 26 -0.675
20 26 28 -0.924
22 25 38 -0.050
38 9 53 -1.040
26 10 44 -1.067
26 13 4 -0.002
42 13 52 1.009
28 22 39 -0.779
16 35 74 1.661
15 33 66 -0.762
36 17 8 -0.024
11 28 144 6.145
22 34 26 -0.702
13 36 69 -0.651
11 23 65 -1.024
33 20 97 2.805
40 9 84 1.051
14 41 32 -1.005
32 24 97 2.334
34 17 8 0.085
39 8 90 -0.208
40 8 49 -0.282
32 30 59 -0.828
13 23 74 -0.157
26 24 63 -0.487
17 33 33 -0.484
16 26 144 -0.714
11 26 71 -0.230
35 14 126 -0.905
40 13 53 -0.255
13 32 66 -0.220
30 17 79 -0.433
17 26 74 -0.209
15 37 67 -0.319
33 27 133 -0.987
17 36 140 -0.297
23 19 101 1.681
35 14 89 -0.794
13 34 29 -0.483
16 31 113 -0.965
12 30 144 -1.187
22 32 79 -1.064
13 32 109 -1.105
38 15 54 -0.329
24 27 23 -0.265
35 16 122 -0.296
16 35 137 -0.729
12 34 105 3.008
13 38 104 -0.933
30 24 134 -0.578
16 34 70 -1.079
29 20 115 0.049
40 17 17 -0.176
24 21 116 -0.013
41 11 14 -0.135
31 16 96 -1.005
37 15 129 -1.023
35 4 82 0.624
35 13 9 -0.009
36 7 48 -0.670
39 15 54 -0.346
35 24 58 0.146
27 24 99 -0.623
37 14 80 1.387
38 14 131 -0.139
42 15 86 -0.733
36 14 122 -0.315
38 14 93 -1.057
18 24 110 0.791
11 39 102 -1.110
39 15 88 -0.169
11 36 143 3.441
36 8 82 1.142
18 25 63 -0.455
40 18 54 -0.425
21 29 26 -0.727
39 10 9 0.101
37 9 15 -0.846
15 17 33 2.356
17 27 104 1.285
32 18 116 0.026
17 29 148 -0.905
38 8 12 1.290
39 11 49 -0.479
30 18 5 0.006
41 12 53 0.502
27 17 39 1.713
27 25 82 -0.771
35 22 95 -0.691
34 15 80 -0.340
19 35 64 0.804
24 37 137 -1.063
31 19 80 -0.159
16 22 29 -1.108
40 7 92 -0.268
30 0 82 -0.908
36 22 56 0.458
25 16 137 0.269
16 31 75 -0.757
36 16 45 -0.140
13 29 146 4.634
25 31 77 0.325
20 15 149 0.588
24 16 1 2.311
30 22 41 0.894
11 39 109 -0.648
24 23 26 -0.492
37 9 87 -0.002
35 14 41 1.545
16 39 137 -1.189
38 20 91 -0.317
33 18 56 -1.075
14 33 0 -0.824
17 33 36 2.095
33 1 7 -0.571
25 27 23 0.442
29 17 40 2.495
38 5 15 -0.401
34 13 119 -0.653
39 7 90 -0.827
41 9 124 -0.144
9 40 109 -0.491
42 15 17 -0.849
26 20 82 -0.812
30 28 41 2.731
33 5 8 0.267
28 15 115 0.657
34 22 57 -0.290
34 17 57 -0.143
33 14 115 1.710
15 35 141 -0.931
18 26 75 2.053
24 32 77 0.060
39 12 129 -0.378
30 34 60 -1.319
19 21 74 0.389
38 20 133 0.633
33 20 58 0.027
36 6 7 0.071
11 34 145 -0.243
19 33 137 0.400
37 14 8 0.417
8 26 107 -0.933
17 37 68 -0.771
42 7 90 -0.006
21 29 37 2.214
16 33 144 3.025
32 14 5 0.008
34 26 95 0.487
21 18 3 -0.248
12 40 35 0.968
39 12 12 0.820
40 7 90 -0.618
23 34 115 -0.980
38 13 7 0.399
40 16 129 -0.662
15 32 68 0.170
28 20 97 -0.990
40 12 130 -0.614
28 25 44 -0.805
29 14 117 -0.456
38 16 8 0.503
20 29 75 0.483
38 7 9 0.760
40 14 54 -0.435
38 12 131 -0.455
42 8 88 0.095
11 35 35 0.280
17 28 137 0.209
13 36 109 -0.934
12 36 140 -1.099
14 31 27 -0.880
13 41 109 -1.133
36 6 11 0.110
31 21 44 0.072
12 36 70 1.017
15 30 71 0.257
23 35 24 -0.408
19 35 148 -0.031
42 10 49 -0.236
42 8 127 0.610
20 30 2 0.019
32 20 58 0.320
12 40 105 0.358
29 17 22 1.025
43 16 52 0.382
30 17 5 0.128
42 15 11 -0.620
18 30 33 -0.717
13 25 147 0.358
17 31 145 0.334
37 10 49 0.129
16 36 75 -0.789
33 14 43 0.857
38 12 129 -1.062
25 24 136 -0.703
42 15 93 -0.913
37 6 85 -0.568
45 10 17 -0.593
37 6 7 0.231
31 17 44 -0.225
39 17 93 -0.997
16 28 74 0.371
13 39 147 -0.470
14 28 74 1.384
29 29 98 -0.650
13 29 31 -0.908
39 13 87 -0.410
35 12 48 -0.410
16 27 37 2.085
14 32 36 3.432
38 11 13 -0.438
15 31 110 -1.241
40 16 84 -0.436
28 23 59 0.119
38 3 46 -0.665
45 14 129 -0.243
9 45 102 -1.142
27 30 39 0.962
16 27 142 3.899
13 20 33 1.483
19 27 0 0.330
14 22 29 -0.926
12 39 71 -0.870
16 32 106 -0.624
25 27 61 0.722
43 9 91 0.873
13 40 142 -1.071
14 36 140 -0.379
38 6 91 -0.850
10 35 30 -0.104
31 20 42 0.185
28 31 115 -1.009
28 19 4 0.340
18 29 37 1.424
12 37 71 -1.037
17 22 74 -0.360
30 11 44 1.067
13 36 67 -0.299
36 15 132 -0.931
28 15 97 -1.015
16 36 137 -0.167
26 26 135 -0.488
33 26 59 -0.544
40 9 92 -0.968
17 21 69 0.504
42 14 52 0.508
37 16 17 0.442
15 26 75 -0.821
30 27 136 -0.292
42 12 90 -0.213
36 17 10 0.082
39 21 130 -1.062
30 18 134 -0.771
16 34 100 -1.198
32 16 20 -0.261
13 35 35 -0.057
14 38 145 -0.621
40 16 18 -0.291
20 37 101 0.111
32 25 80 0.852
40 11 86 0.995
36 10 83 -0.256
22 22 26 -0.455
38 3 123 -0.962
36 13 83 -0.493
28 27 60 -0.119
21 26 37 2.475
40 15 125 -0.115
24 25 139 0.750
21 24 76 -0.579
28 26 59 -0.445
12 38 35 1.078
12 29 107 0.250
18 27 69 0.508
16 27 28 3.554
44 14 129 -0.148
12 22 34 0.522
22 19 76 -0.060
36 20 133 0.328
30 21 43 -0.381
14 15 31 0.058
24 31 26 0.139
13 33 74 -0.914
30 20 61 2.875
35 18 6 1.203
14 31 102 2.306
26 26 114 -0.054
39 3 12 0.560
40 16 54 -0.160
16 26 110 -0.325
17 24 149 -0.064
37 15 45 0.845
35 7 8 0.576
35 19 93 -0.943
18 20 34 -0.133
17 35 68 0.965
34 14 7 0.573
39 17 94 -1.129
13 35 34 -0.802
33 10 8 0.301
13 41 70 0.366
13 36 102 0.296
35 5 11 -0.352
15 25 104 1.234
39 7 123 -0.653
14 41 140 -0.906
42 9 50 0.623
34 19 21 -0.186
28 26 79 0.944
18 32 38 0.112
31 16 119 -0.312
15 25 141 0.526
36 11 54 -0.943
7 33 102 -0.770
25 32 114 -0.196
33 12 43 0.720
11 33 104 -0.739
15 30 149 -0.284
43 13 126 -1.029
18 23 73 3.089
39 12 83 0.579
14 26 103 2.440
35 14 46 0.054
39 14 83 0.771
18 29 111 -0.800
34 10 9 -0.052
40 8 124 0.031
14 33 31 0.698
42 14 129 -0.842
34 17 7 0.560
39 6 16 -0.675
21 19 112 0.455
43 9 51 -0.694
38 16 83 0.247
30 23 23 0.107
40 3 15 -0.117
39 10 124 -0.302
34 19 59 -1.098
35 21 132 -0.715
38 8 16 -0.719
13 39 106 -0.667
38 6 18 -0.206
33 26 58 -0.178
9 29 107 -1.010
36 19 19 -0.537
36 19 8 0.889
31 24 6 -0.355
30 21 42 0.041
10 32 146 -0.869
21 26 1 0.604
26 23 76 1.438
26 28 58 -0.082
30 29 60 0.927
40 3 123 -1.048
38 16 132 -0.878
29 20 61 2.684
31 26 57 -0.055
16 29 104 -0.328
13 35 65 -0.543
12 31 144 5.538
15 25 1 -0.960
27 27 41 -0.103
25 25 137 -0.220
35 14 80 0.303
17 27 144 0.478
17 25 74 -0.165
35 26 94 -0.622
41 7 49 -0.193
44 14 51 -0.249
34 23 58 0.160
29 21 61 1.613
42 4 17 0.645
17 28 103 -1.115
20 23 149 -0.251
35 18 20 0.699
19 20 73 0.429
20 27 65 -0.489
16 37 68 -0.679
32 23 134 0.151
34 24 58 0.167
33 20 119 -0.659
35 11 47 -0.169
22 20 62 -0.955
12 31 141 -0.975
24 29 100 -0.427
18 39 140 -1.033
37 11 45 0.866
35 14 132 -0.946
26 30 63 -0.379
31 12 4 0.428
38 5 7 0.449
41 9 129 -0.577
27 26 77 0.050
38 15 91 -0.337
24 24 99 -0.831
34 17 5 0.345
14 34 66 -0.117
10 40 72 -1.258
22 29 139 -0.269
16 37 147 -1.107
41 7 12 0.110
38 16 122 0.289
37 13 131 -0.353
37 15 127 0.134
18 22 110 0.563
15 23 148 1.531
32 24 42 2.145
13 24 29 -1.142
34 21 57 -0.448
35 20 94 -0.624
39 11 90 -0.522
12 39 35 1.096
39 19 55 -0.525
37 20 122 -0.752
37 9 127 -0.978
28 14 4 0.467
27 11 4 0.431
8 40 145 -0.974
27 19 116 1.298
17 28 147 -1.160
12 43 147 -0.971
14 38 142 -0.649
18 27 65 2.001
17 25 73 1.401
29 11 115 1.600
39 12 123 -0.483
21 30 26 -0.797
15 27 27 -0.769
36 17 20 -0.560
30 24 60 2.392
22 23 4 -0.974
16 29 1 0.214
23 24 4 -0.702
37 11 91 -0.687
20 24 64 2.329
19 33 37 -0.690
35 20 6 -0.492
39 15 55 -0.884
43 7 11 -0.675
8 37 102 -0.592
40 19 88 0.475
36 22 6 1.665
18 19 34 -0.329
4 43 108 -0.895
25 29 26 -0.673
31 28 58 -0.355
30 27 98 -0.480
13 31 68 -0.690
11 38 109 -1.149
37 14 83 0.400
38 15 89 -0.152
41 19 125 0.041
36 21 95 0.146
11 32 144 4.799
35 9 47 -0.621
25 28 24 1.317
35 12 118 1.100
38 12 7 -0.368
43 10 46 0.251
11 33 145 -0.229
25 29 27 -0.725
34 16 54 -0.978
38 20 132 -0.363
24 30 23 -0.006
33 18 80 -0.108
35 14 131 -1.056
23 30 39 -0.235
36 14 45 0.499
30 26 97 -1.066
30 28 94 -1.220
32 17 121 -0.649
32 30 22 -0.306
29 26 96 -1.007
15 34 144 0.177
40 14 53 -0.090
14 22 34 -0.247
12 33 33 0.317
12 20 69 0.729
13 34 30 0.542
35 10 132 -0.985
11 30 65 -0.135
45 12 52 0.386
38 19 8 -0.006
39 17 131 -0.131
37 7 83 -0.182
13 31 145 0.824
26 16 38 1.729
38 11 89 -0.523
39 11 122 0.646
37 12 13 -0.936
16 29 70 -0.709
21 17 112 2.442
9 37 146 -0.619
10 33 32 -0.817
18 31 27 -0.101
20 32 65 0.050
31 20 22 0.557
15 33 144 0.994
36 18 18 -0.667
31 12 115 0.826
35 21 20 -0.309
41 10 130 -1.146
38 10 16 -0.924
23 18 3 -0.165
25 30 77 0.159
37 9 123 -1.007
26 28 62 0.971
41 18 17 -0.820
43 11 17 0.402
12 29 68 -0.133
34 7 48 -0.571
42 10 91 0.081
39 11 10 0.659
10 31 30 -0.879
35 19 6 0.278
36 9 48 -0.166
22 27 2 -0.849
44 9 126 -0.134
39 18 91 -0.056
34 0 82 0.106
16 27 72 -0.217
16 32 75 0.081
12 39 70 0.818
30 19 42 0.168
15 35 148 -0.712
23 15 3 0.364
16 28 67 -0.895
25 29 115 -1.126
15 25 31 1.094
15 31 144 0.712
40 7 91 -0.396
13 31 109 -0.415
40 11 15 -0.684
35 10 121 -1.098
38 13 47 -0.314
40 10 129 -1.038
18 25 73 0.522
15 32 67 -0.142
21 20 112 2.544
15 34 33 -1.049
29 24 24 3.273
16 32 70 -1.073
14 33 105 2.435
18 28 64 1.290
10 32 106 -1.071
13 34 140 -0.709
19 29 33 -0.830
36 8 10 0.464
29 23 23 -0.367
26 25 135 0.324
42 13 123 -0.171
44 7 46 0.405
30 18 22 0.281
15 23 31 -0.133
34 17 10 0.189
35 18 82 -0.566
15 31 142 2.040
25 36 77 0.695
22 31 63 -1.078
20 27 5 -0.279
34 22 97 2.250
34 17 44 -0.657
39 10 50 1.386
19 24 37 -0.451
20 23 2 0.398
38 7 16 -1.042
13 31 30 1.547
35 21 57 0.403
32 25 57 -0.098
40 12 85 0.566
29 19 117 -0.842
14 29 31 0.484
37 17 8 0.265
12 39 72 -0.250
42 13 129 -0.523
37 17 92 -0.989
14 36 68 1.181
15 33 112 -0.813
40 8 12 -0.344
12 30 102 1.168
18 23 74 -0.078
16 33 140 -0.992
11 29 67 -0.341
30 21 23 -0.221
38 12 18 -0.620
19 26 28 0.375
12 34 32 0.974
37 15 84 -0.203
19 28 33 -1.072
17 22 113 0.634
29 28 115 -1.062
33 8 45 1.470
37 16 133 0.131
40 14 121 -0.593
23 25 1 1.678
39 14 92 -0.641
26 31 61 -0.744
40 5 84 0.423
38 17 94 -1.144
26 25 61 0.048
24 27 114 -0.206
39 16 93 -0.990
13 32 106 -0.934
8 40 108 0.633
12 40 72 -0.642
40 15 86 1.335
27 26 115 -1.081
31 13 5 0.019
17 32 140 -0.447
35 14 10 -0.578
13 30 72 0.146
42 10 13 0.094
21 18 75 -0.243
36 7 130 -0.366
17 21 73 -0.149
27 21 39 1.294
26 26 79 -1.027
30 24 43 -0.766
40 10 45 0.745
42 15 51 0.436
30 24 98 0.380
34 12 123 -0.648
33 13 84 -0.124
36 4 8 0.932
38 9 84 -0.104
25 26 136 -0.779
40 10 84 -0.055
43 12 90 0.304
34 21 59 -0.823
14 26 71 0.919
30 22 44 -0.112
13 29 105 1.724
20 19 149 0.238
11 37 109 -0.326
40 16 53 -0.325
38 14 10 0.730
14 28 103 0.738
32 26 21 0.182
18 27 143 -1.012
30 18 43 0.330
31 13 7 -0.659
36 12 47 -0.903
23 27 101 1.511
42 11 52 0.487
15 27 29 -0.824
19 33 1 -0.823
43 12 52 0.472
40 18 53 -0.344
13 20 68 -0.692
37 1 131 -1.088
39 5 12 0.336
27 23 62 0.278
26 12 4 0.389
38 8 85 0.172
35 26 20 -0.035
33 21 134 -0.147
17 14 2 0.340
40 8 45 -0.426
39 15 122 -0.304
31 20 41 1.535
14 30 34 -1.024
12 37 147 -0.846
24 30 115 -1.167
18 22 64 2.983
15 31 31 -0.595
28 25 60 0.946
16 21 73 1.306
38 13 90 -0.696
35 11 126 -0.849
12 32 32 0.567
16 38 69 -0.764
25 29 99 -0.792
11 33 35 -0.591
14 32 148 -1.166
37 7 9 0.927
11 32 142 -0.742
35 12 11 -0.723
37 14 122 0.046
12 34 29 -0.253
39 13 125 0.033
18 30 68 -0.384
39 4 12 0.416
8 38 35 -1.134
17 29 110 -0.811
26 31 60 -0.917
23 31 26 0.113
39 17 17 -0.130
41 6 15 0.059
24 25 0 -0.996
18 29 144 -0.870
37 10 50 -0.545
16 26 31 0.105
35 13 87 -0.614
34 19 41 1.592
24 26 4 -0.816
36 7 11 0.192
39 15 123 -0.973
25 23 79 1.010
14 34 148 1.004
16 35 106 -0.407
35 17 81 0.540
31 15 58 0.155
34 21 93 -1.106
27 28 23 -0.708
39 11 124 -0.976
0 49 108 -0.822
34 4 82 0.782
16 35 72 -0.468
24 27 24 -0.493
38 18 80 0.951
14 35 147 -0.413
17 30 28 -0.499
32 14 58 -0.060
38 13 128 -0.968
36 22 18 -0.736
38 18 57 -0.978
39 13 86 -0.980
32 20 117 -0.258
37 10 13 -1.118
40 9 54 -0.967
14 30 31 0.096
13 24 31 -0.198
35 16 131 -1.020
6 34 108 -0.763
41 5 51 -0.797
39 11 52 -0.211
37 15 89 -0.435
41 11 54 -0.676
19 19 31 0.055
36 13 87 -0.167
14 27 145 -0.801
36 15 6 -0.767
35 16 11 -0.747
26 25 39 0.685
25 33 23 0.788
40 13 17 -1.018
24 32 23 -0.313
40 4 16 -0.651
36 16 19 -0.759
20 24 38 -0.640
28 16 116 0.866
29 14 79 0.229
36 20 56 0.182
36 20 120 0.028
15 35 0 -0.691
15 30 66 0.085
14 36 67 0.160
15 27 68 0.316
18 22 31 0.013
39 14 123 -0.297
5 40 108 -0.171
17 24 37 0.715
28 31 96 -0.958
43 13 52 0.509
18 31 38 0.109
41 12 18 0.042
13 38 147 0.074
42 8 15 -0.527
13 35 149 -0.547
12 36 146 -0.453
30 15 22 -0.131
40 2 12 -0.086
38 13 89 -0.445
39 10 51 0.106
12 35 32 0.449
40 10 18 -0.282
27 25 44 -0.572
16 34 65 2.714
37 16 56 0.750
41 10 123 0.115
36 19 134 0.314
16 24 111 -0.987
26 34 23 -0.938
33 14 45 -0.447
14 34 29 -0.698
21 14 0 1.275
31 22 117 -0.195
40 14 122 0.108
16 19 31 -0.183
16 27 34 0.146
31 17 118 -0.366
40 12 10 0.832
23 32 24 -0.484
10 19 31 -0.207
18 18 31 0.620
30 24 118 0.363
11 36 107 -0.571
36 22 80 0.751
12 36 105 -0.222
25 30 62 0.887
35 19 122 -0.371
40 5 126 -0.879
28 16 117 -1.050
41 13 55 1.013
43 10 17 0.507
25 25 38 -0.452
39 18 55 0.043
17 33 113 -0.748
11 31 34 -0.911
18 33 38 -0.354
13 33 36 -0.117
36 3 84 -0.840
40 16 10 0.944
14 34 103 0.674
40 14 124 -0.871
23 17 118 -0.190
42 9 127 -0.032
33 19 134 1.297
37 10 90 -0.996
28 25 135 0.703
35 9 44 -0.492
10 38 110 -1.273
26 19 117 -0.126
13 40 105 0.685
36 17 89 -0.710
15 37 149 -0.942
37 12 123 -0.387
20 18 138 1.192
43 10 15 -0.387
26 23 24 2.017
26 23 80 0.357
25 34 62 -0.929
22 21 27 0.640
23 27 78 -0.389
13 26 33 0.270
38 10 9 0.530
26 11 44 -1.017
15 30 104 -0.721
31 21 21 0.712
36 24 120 -0.298
12 33 106 -0.505
27 20 61 0.954
11 42 109 -1.018
5 43 108 -0.927
31 26 97 1.402
27 27 134 -0.376
17 26 144 0.635
18 24 68 0.921
20 32 63 -0.469
36 9 130 -0.396
39 14 93 -0.803
18 22 68 -0.749
33 22 80 0.084
24 29 139 -0.555
22 16 1 -0.146
9 39 107 -1.113
11 36 68 -0.568
29 16 40 1.548
15 30 140 1.420
19 16 75 -0.279
31 25 95 0.675
17 35 36 1.678
29 22 22 0.178
37 16 91 -0.915
14 34 30 -1.039
13 36 70 1.069
34 14 124 -0.410
13 36 30 -0.799
33 15 7 0.547
33 17 97 1.891
20 29 137 -0.565
31 16 79 0.972
25 25 135 0.525
39 12 52 0.058
28 15 82 -0.987
16 32 27 -0.955
12 33 145 -0.015
31 20 98 -0.570
34 13 82 -0.493
29 23 41 0.696
39 16 84 -0.338
41 12 52 -0.200
11 36 140 -1.177
37 18 121 -0.928
42 11 13 -0.178
19 32 1 -1.141
16 29 66 -0.289
20 21 2 0.691
14 28 104 -0.194
23 27 26 -0.263
22 21 0 1.386
13 32 148 -1.041
16 38 112 -0.828
31 22 136 1.706
16 30 34 -0.444
11 37 106 -0.353
15 30 142 3.317
29 23 43 -0.638
18 28 74 0.340
17 37 72 -0.932
34 17 47 -0.362
35 7 127 -1.056
40 13 46 0.955
19 29 139 -0.156
15 33 113 -0.750
34 13 10 0.742
17 27 149 -0.442
36 12 12 0.068
11 37 147 -0.522
42 15 49 0.207
28 27 96 -0.989
16 36 113 -1.082
21 25 101 1.045
35 22 57 -0.356
21 26 149 -0.839
35 13 56 -1.016
14 26 66 -0.441
38 7 86 0.365
33 11 45 -0.271
37 20 56 0.434
20 23 26 0.356
13 32 70 1.806
37 14 47 -0.798
21 22 0 1.271
30 18 61 2.562
39 13 123 -0.669
31 20 118 0.681
27 20 59 -0.772
36 12 45 0.682
15 33 147 -1.080
30 23 58 -0.094
16 30 1 -0.882
34 4 45 0.590
17 21 75 1.359
26 29 114 1.227
18 32 112 -0.694
22 26 4 -0.973
22 16 76 2.139
35 6 44 -0.037
12 35 71 -0.699
38 20 86 -1.024
29 24 98 2.775
30 24 23 -0.137
36 15 131 -1.035
41 14 49 -0.919
21 24 101 -0.490
17 38 112 -0.821
25 32 25 -0.465
35 10 7 -0.102
28 25 41 -0.002
20 7 0 0.946
29 21 42 -0.357
12 32 145 0.036
22 22 4 -1.137
24 29 135 -0.528
27 22 79 0.139
13 39 142 -0.897
33 18 81 -0.435
42 10 128 0.038
25 24 114 0.202
38 8 49 0.139
30 21 135 -0.690
21 28 149 -0.047
22 25 139 0.705
31 29 60 1.994
12 24 146 2.962
9 35 35 -0.732
12 27 111 -0.985
16 31 38 -0.906
39 21 19 0.203
41 15 55 0.866
14 38 70 0.897
25 32 26 -0.564
35 23 20 0.021
40 12 92 -0.948
15 28 110 -1.231
33 12 119 -0.745
38 11 129 -0.582
36 19 122 -0.383
18 30 76 -0.595
30 20 42 0.146
31 22 118 -0.723
39 17 54 -0.360
39 13 18 -0.968
12 29 27 -0.995
41 13 17 -0.520
36 15 56 -0.873
31 26 135 -0.341
22 29 63 0.084
34 15 134 1.011
16 34 105 -0.690
31 19 58 -0.243
38 10 53 0.372
14 37 36 -0.394
26 23 59 0.109
40 10 127 -0.242
38 11 18 -0.850
23 12 0 1.878
32 18 56 -1.101
14 36 111 -1.164
42 18 91 -0.694
13 25 142 0.235
11 43 147 -1.059
43 7 126 0.044
31 23 6 -0.261
25 18 39 1.329
36 12 82 -0.504
30 28 43 -0.200
31 13 81 0.198
34 12 8 0.542
17 29 37 2.120
40 9 125 -0.573
40 7 11 -0.563
34 14 83 -0.255
38 13 121 -0.658
32 6 123 -0.827
11 29 109 -0.555
19 28 27 0.236
31 18 118 0.462
8 41 108 -0.042
36 20 7 0.642
13 33 145 -0.843
13 35 33 -0.527
14 35 142 -0.461
32 15 5 0.133
32 18 79 -0.078
17 35 37 -0.917
30 25 135 -0.545
18 26 141 1.005
22 36 63 -1.069
36 19 55 0.375
38 19 56 0.480
41 3 17 0.474
38 14 45 0.952
38 12 9 0.484
39 13 92 -0.972
18 29 113 -0.838
19 39 63 -0.250
22 21 63 -0.828
43 12 16 0.352
23 34 99 -1.159
42 8 51 -0.490
32 13 121 -0.818
21 27 25 0.885
32 19 40 0.051
32 21 133 0.195
15 24 73 0.598
29 18 39 1.578
18 27 142 1.656
41 9 126 -0.845
13 23 146 4.821
39 11 14 0.260
37 23 132 -0.047
42 13 92 -0.392
32 21 118 0.027
26 24 44 -0.652
38 17 56 0.665
15 32 110 -1.212
28 18 61 3.317
28 26 41 0.008
38 12 10 0.190
27 20 114 1.300
24 31 99 -0.883
12 27 140 0.265
24 34 25 -0.678
24 25 136 -0.908
33 11 9 -0.313
27 31 25 -0.566
37 12 89 -0.665
30 12 7 1.726
13 29 106 1.756
22 33 100 0.004
23 28 25 -0.736
16 32 104 -0.781
40 11 129 -0.659
9 37 147 -1.131
33 16 121 -0.506
24 26 76 1.884
10 36 30 -0.961
34 14 91 -1.233
40 11 49 -0.009
37 15 18 -1.071
11 27 144 3.868
40 10 83 0.993
10 31 68 -0.819
13 31 33 -1.175
16 33 103 -0.857
21 33 26 -0.794
14 37 110 -0.978
11 33 30 -0.470
37 13 48 -0.255
36 2 85 -1.195
25 24 62 -0.889
16 21 33 0.570
26 25 149 -0.960
38 14 13 -0.828
31 25 21 0.970
26 14 116 -0.199
35 13 46 0.311
36 7 127 -0.823
36 12 49 -0.630
10 41 109 -0.322
42 7 15 -0.166
22 26 2 -0.194
45 6 15 -0.770
17 26 68 -0.301
31 17 22 0.107
37 13 9 0.470
23 25 39 -0.376
36 18 80 0.534
38 14 8 -0.107
32 21 43 -0.120
16 15 73 1.227
36 22 94 -0.105
13 42 102 -0.640
34 12 117 0.953
14 30 142 1.653
31 16 118 0.365
41 5 90 -0.322
9 36 146 -0.844
31 25 97 1.067
42 10 92 -0.306
38 19 83 -0.850
40 14 55 0.337
18 35 138 0.973
29 23 135 1.870
17 19 73 -0.468
31 9 79 1.702
31 25 43 -0.200
37 18 120 -0.032
33 7 47 -0.948
26 25 100 -0.537
40 13 125 -1.103
27 31 62 -0.268
39 5 14 -0.953
42 12 51 -0.286
42 16 129 -0.509
18 26 112 -1.060
11 20 69 0.576
37 14 17 0.321
11 44 139 -1.090
18 32 27 0.180
14 30 149 -1.143
17 29 100 -0.917
15 23 74 1.358
36 12 126 -0.943
30 25 136 0.112
31 17 117 -0.190
29 16 117 -0.621
31 17 10 -0.638
37 18 81 0.437
11 32 145 -0.186
26 26 61 -0.024
35 14 11 -0.673
14 24 68 -1.093
35 17 20 0.154
19 27 28 0.611
36 16 56 -0.726
30 22 61 2.531
18 21 64 2.754
11 40 106 0.205
24 30 0 -0.915
33 14 44 0.189
12 36 143 -0.841
19 19 34 -0.281
37 11 54 -0.882
14 22 28 -0.441
42 5 15 0.126
26 14 5 0.996
36 20 57 0.029
38 15 90 -0.512
31 28 43 -0.336
25 18 76 3.010
24 26 99 -0.881
21 21 38 0.678
13 35 146 -0.264
40 15 130 -0.771
9 44 105 -0.732
15 32 34 -0.374
27 26 135 -0.640
9 36 109 -0.941
24 26 24 0.026
39 17 92 -0.943
39 10 11 -0.763
13 36 32 -1.021
11 31 109 -0.041
14 26 2 -1.278
9 39 108 0.355
35 24 20 -0.017
39 11 18 -0.459
18 30 38 0.884
39 7 13 -0.426
40 7 46 -0.453
32 6 119 -0.617
36 21 20 -0.197
41 15 125 0.097
41 10 127 -0.384
38 12 45 1.076
21 28 25 0.595
24 18 114 2.704
41 14 13 0.086
28 29 136 1.087
32 23 98 -0.959
39 14 128 -0.583
39 5 15 -0.870
12 37 109 0.168
18 29 27 -0.563
13 41 112 -0.655
16 23 31 0.717
25 27 62 1.071
23 27 0 -0.446
22 31 26 -0.403
42 20 125 -0.120
11 42 102 -1.049
12 30 66 -0.841
30 17 22 0.386
40 14 13 -0.124
28 15 117 -0.387
12 26 107 -0.063
39 14 52 -0.062
40 17 18 -0.347
30 18 21 1.523
40 12 50 -0.780
40 11 87 -1.127
41 14 128 -0.016
20 29 64 -0.304
12 32 107 -0.517
41 7 123 -0.818
17 18 34 0.571
39 14 91 -0.439
17 36 36 2.302
33 20 6 0.701
35 10 49 -0.872
32 19 118 0.373
21 16 2 1.602
23 30 1 1.404
42 7 51 -0.795
38 7 54 -0.803
18 37 148 0.225
38 8 13 -0.851
42 9 46 0.007
29 32 134 -1.027
40 10 86 -1.181
22 29 64 -0.376
30 25 120 -0.778
39 14 10 0.531
14 39 35 -0.058
40 8 14 -0.545
15 38 72 -1.169
28 28 60 -0.994
37 7 86 -0.970
20 34 101 0.245
14 36 71 -0.202
34 21 80 0.818
12 25 69 0.849
28 22 134 -0.736
17 28 27 -0.719
15 37 144 2.636
29 24 135 2.258
12 36 67 -1.171
23 37 63 -1.066
29 21 59 0.006
36 20 19 -0.403
35 23 132 -0.814
18 26 140 -0.066
17 31 27 -0.893
37 12 49 -1.013
13 29 71 0.234
23 20 38 -0.446
19 28 139 0.610
14 31 103 0.375
38 18 121 -0.186
14 24 70 -0.070
17 30 26 -0.434
20 31 73 -0.859
16 30 148 0.541
39 13 8 1.385
16 28 32 -0.005
41 7 17 0.225
25 16 2 0.013
16 24 74 1.955
40 12 52 -0.554
16 31 141 0.534
14 38 33 -0.012
21 24 26 0.868
32 21 21 0.073
33 20 134 1.296
44 4 50 -0.703
18 26 28 0.532
20 30 65 0.092
36 12 133 0.427
34 27 95 0.297
32 16 81 -0.130
10 25 66 -0.958
23 13 3 0.432
34 15 20 -0.618
39 11 121 0.688
17 23 64 2.884
12 39 143 -0.302
41 16 130 -0.342
38 11 14 -0.090
26 13 116 0.410
19 23 1 0.879
23 21 2 1.238
37 22 95 -0.178
41 5 88 0.124
38 12 49 -0.271
34 12 9 -0.456
14 22 107 -0.784
33 5 82 0.345
17 26 27 -0.432
11 44 102 -1.151
10 34 69 -0.437
32 4 123 -1.021
18 36 1 -1.147
9 37 35 -1.240
34 20 119 -0.145
15 22 69 1.468
9 41 35 -1.109
39 19 54 -0.389
13 38 145 -0.453
27 15 115 0.491
28 14 5 -0.386
15 26 34 0.783
24 32 99 -0.884
26 28 39 -1.128
20 28 2 0.076
38 11 46 0.374
39 5 84 -0.122
19 29 76 -0.357
20 28 1 1.558
26 16 5 1.279
18 21 110 0.462
42 16 91 0.235
38 15 124 -1.186
21 22 138 0.599
42 16 88 0.306
13 38 30 0.506
16 24 65 2.135
27 27 78 -0.433
38 11 83 0.140
18 23 28 0.475
27 20 82 -0.734
37 19 92 -0.628
28 37 60 -1.315
36 9 7 -0.164
9 37 108 0.433
20 18 110 0.176
13 30 106 2.462
9 38 109 -0.321
38 13 13 -0.888
32 21 96 -0.674
14 37 74 -0.912
24 23 149 -0.946
42 10 53 0.346
20 23 110 1.946
40 9 55 -0.362
29 23 136 -0.343
14 33 36 2.789
25 30 100 -0.099
33 17 10 -0.342
17 36 38 -0.746
36 7 118 0.770
23 30 24 -0.297
28 24 136 0.506
21 14 138 2.376
17 33 100 -1.114
35 20 57 0.505
22 29 99 -1.147
40 9 51 -0.891
34 20 96 -0.309
22 22 113 1.616
9 31 106 -1.064
15 41 75 -1.023
28 17 4 0.198
30 14 4 -0.091
24 14 0 1.452
38 12 84 0.068
36 13 92 -1.013
32 21 59 0.063
13 33 69 -0.262
38 19 92 -0.530
41 15 49 -0.963
22 20 0 1.508
31 16 115 0.432
36 11 130 -0.513
13 19 69 0.727
10 36 106 0.237
18 20 113 0.644
36 5 45 -0.143
34 18 9 0.579
11 45 139 -1.105
41 10 47 0.206
37 13 46 -0.105
21 27 113 -0.760
33 18 9 0.543
22 16 3 0.001
21 33 101 0.201
21 22 139 2.244
20 22 74 -0.532
39 18 93 -1.069
34 21 19 -0.547
20 19 63 -0.744
12 33 147 -0.185
38 10 87 -0.069
20 25 112 3.020
16 24 33 0.781
15 31 140 -0.549
33 20 93 -1.098
17 24 27 -0.866
15 36 36 0.493
18 34 73 -0.563
23 28 27 -0.883
17 31 26 -1.216
24 21 99 -0.514
15 25 144 1.332
11 34 109 0.048
12 42 112 -1.007
38 17 92 -0.592
40 13 56 -0.045
9 40 108 0.322
16 29 27 -0.974
37 18 122 -0.561
35 16 95 0.939
40 18 18 -0.835
39 14 15 -0.391
15 37 102 -0.823
29 18 59 -0.626
14 25 149 -0.332
16 34 66 -0.487
14 32 103 2.658
18 25 64 1.582
43 6 88 0.913
13 30 75 -0.862
37 20 19 0.000
23 26 3 -0.800
12 24 31 0.222
43 13 16 0.500
9 43 102 -0.883
41 14 52 -0.648
35 18 121 -0.222
13 30 34 -0.275
21 30 63 -0.047
32 17 117 0.341
39 13 85 -0.198
32 16 97 -0.323
19 21 38 0.393
37 10 48 -0.110
27 23 120 -0.852
37 8 13 -0.731
38 10 12 2.078
21 28 37 2.325
41 15 13 -0.067
18 26 147 2.306
41 9 123 -0.570
24 36 114 -0.693
40 10 13 0.149
14 34 68 -0.457
40 15 55 0.201
35 20 93 -1.017
29 27 97 -1.133
41 13 88 0.302
14 32 141 1.480
38 17 122 -0.008
35 9 80 0.203
42 6 53 0.061
37 8 87 0.057
38 13 15 -0.445
28 25 116 -0.514
39 14 54 -0.116
4 39 108 -0.881
25 10 44 -1.058
37 18 43 0.592
30 23 42 0.745
25 25 100 0.800
17 34 100 -1.209
21 17 138 2.061
31 5 79 1.179
36 15 83 -0.467
40 5 11 -0.219
36 10 121 -0.170
43 12 17 -0.276
22 25 114 1.090
41 5 12 0.148
25 31 23 1.473
40 11 125 0.534
37 19 18 0.145
23 25 28 -0.466
24 34 77 0.059
39 15 53 -0.266
20 28 26 1.234
24 33 114 -1.060
27 27 60 0.935
35 7 45 1.461
26 24 97 -1.171
12 38 71 -0.922
28 23 60 0.170
26 20 76 1.262
15 24 149 -0.036
39 16 10 0.683
38 16 127 -0.284
17 32 69 -0.023
16 27 110 -0.472
39 11 88 -0.350
34 18 7 0.456
36 18 57 -0.133
14 40 113 -0.876
37 16 9 -0.692
27 30 24 0.393
37 22 83 -0.840
24 24 3 -1.121
16 30 102 -0.475
41 14 16 0.347
37 13 53 -0.834
35 17 133 0.362
36 13 46 -0.725
1 47 108 -0.977
40 8 127 -0.345
35 7 87 -1.166
42 8 13 -0.052
31 26 96 -0.657
12 36 108 -0.730
31 26 59 -0.288
10 38 35 -1.103
25 13 4 0.095
9 32 35 0.394
29 24 21 -0.706
29 20 79 0.599
14 38 74 -0.933
37 5 13 -1.062
17 29 74 -1.125
38 15 18 -0.418
31 15 120 -0.546
24 25 63 0.313
38 14 84 -0.197
43 6 17 -0.790
29 15 115 1.789
38 15 48 -0.069
27 28 26 -0.862
28 15 114 0.856
23 25 136 -0.032
32 26 133 -0.808
41 14 92 -0.838
39 18 131 -0.854
37 15 17 -0.239
15 29 111 -0.874
34 20 21 -0.047
40 10 54 -0.783
15 34 67 -0.380
41 17 125 -0.042
12 27 141 0.338
32 14 10 -1.091
40 18 130 -0.995
20 32 64 0.216
18 28 112 -0.921
13 39 68 0.159
41 11 53 1.164
19 35 65 0.033
29 20 98 1.442
25 26 79 -0.990
32 23 81 -0.565
39 17 132 -0.951
41 16 54 -0.181
15 31 75 -0.126
28 20 59 -0.357
30 24 135 -0.597
21 28 79 -1.102
25 17 38 1.099
12 30 140 -0.236
24 30 27 -0.537
43 8 53 0.639
23 24 28 -0.618
44 0 12 -1.098
32 19 97 -0.173
24 29 62 -0.950
29 17 21 2.187
35 12 49 -0.533
30 26 21 -0.734
23 21 139 0.617
40 5 127 -0.680
13 24 69 -0.279
38 12 121 0.772
25 26 149 -1.014
41 15 130 -0.374
23 26 24 -0.044
32 17 44 -0.359
17 24 65 2.125
20 25 28 0.207
25 37 77 0.631
38 13 83 0.948
40 12 11 0.198
15 23 141 1.051
12 38 33 -0.818
15 29 67 -0.816
19 28 76 -0.302
28 19 42 0.462
15 26 29 -0.998
34 23 7 -0.046
31 23 42 -0.250
43 3 12 -0.994
43 10 16 -0.024
41 13 91 -0.741
18 19 73 1.812
14 24 31 0.089
38 13 132 -1.116
15 27 70 -0.249
11 31 106 0.996
36 1 82 0.713
15 31 103 -0.369
31 13 115 0.953
40 17 11 -0.147
22 23 149 -0.494
23 26 4 -1.086
36 8 15 -0.960
35 15 43 0.856
12 29 34 -1.051
20 26 111 -1.013
10 41 146 -0.853
45 17 51 0.129
15 25 73 0.323
19 30 100 -0.667
13 35 66 0.003
40 7 54 -0.961
26 27 39 0.253
39 13 126 -0.293
12 37 107 -0.865
39 9 129 -0.981
42 11 90 0.068
11 39 30 1.603
34 19 6 0.885
14 32 145 -0.362
30 21 61 2.086
14 35 111 -1.114
38 22 132 -0.156
40 15 18 -0.447
21 34 64 -0.749
35 12 83 -0.763
16 40 36 -0.319
37 17 121 -0.109
30 17 118 -0.670
37 3 87 -1.109
21 29 149 -0.782
31 18 6 -0.195
30 22 98 1.621
29 25 136 0.779
15 25 34 0.178
33 22 98 -0.817
23 21 3 -1.145
39 15 92 -0.493
13 30 105 2.542
37 15 120 -0.109
21 26 101 0.621
40 13 55 0.225
35 20 41 1.858
36 22 20 -0.445
14 30 104 -0.980
17 40 137 -0.466
38 6 123 -0.501
43 5 14 -0.737
20 33 0 -0.566
10 38 72 -0.956
12 32 66 -0.569
11 30 30 1.028
21 23 2 -0.404
20 31 64 0.562
38 16 56 0.540
31 19 44 -0.195
18 23 69 0.731
23 22 76 -0.717
20 24 26 0.745
39 13 9 0.456
11 38 32 -0.025
29 24 42 -0.435
29 24 22 -0.068
41 12 14 0.007
24 21 62 -0.596
14 29 66 0.646
38 12 83 0.223
38 20 94 -1.190
16 25 31 -0.202
12 29 146 -0.346
39 17 128 -0.545
41 18 129 -0.861
14 33 30 -0.979
38 21 131 -0.946
16 29 105 -0.325
22 37 100 -0.395
26 19 116 0.418
42 7 53 0.204
29 9 4 0.617
38 17 132 -0.792
44 11 124 -1.004
27 15 61 2.025
15 28 37 -0.157
14 40 112 -0.729
31 19 41 2.090
11 34 106 -0.760
37 18 56 -0.175
23 31 100 0.078
45 3 46 -0.711
32 17 5 0.002
30 14 77 3.083
45 4 88 -0.105
18 32 102 -0.381
22 27 26 -0.093
15 33 149 -0.862
38 11 53 -0.813
34 15 54 -0.922
37 6 13 -0.964
41 10 13 0.218
26 27 41 -0.237
33 22 59 -0.702
19 18 2 0.278
25 26 60 -0.535
19 34 64 -0.222
38 7 123 -0.646
14 39 67 0.702
35 12 9 1.169
40 4 12 -0.691
28 19 60 -0.316
41 3 12 -0.772
42 7 46 0.031
11 41 106 -0.141
32 18 80 0.252
10 32 109 0.104
31 17 77 2.795
17 30 31 -0.215
29 19 42 -0.772
21 20 114 0.783
16 37 113 -1.055
38 8 89 -0.891
37 18 131 -0.347
35 25 94 -0.709
30 23 44 -0.199
17 30 65 1.934
31 18 5 -0.098
38 20 56 0.328
38 10 86 0.349
12 34 68 0.588
18 27 27 0.380
16 39 36 -0.526
40 11 11 -0.466
18 22 28 -0.481
31 26 42 0.076
29 19 41 0.368
43 10 91 -0.200
23 34 23 -0.775
15 36 105 0.245
7 35 108 -0.216
36 15 18 -1.177
17 29 141 -0.325
26 20 78 -0.496
41 19 88 -0.511
40 7 51 -0.652
14 30 103 -1.166
29 17 42 -0.127
44 11 126 0.023
16 20 68 1.468
39 12 87 -0.627
43 9 50 -0.558
17 26 103 -1.309
25 34 99 -0.613
22 29 37 -0.617
36 11 121 -0.370
43 7 12 -0.872
39 11 9 0.407
14 26 74 0.628
33 23 95 -0.290
38 13 17 -0.310
13 41 66 0.021
35 17 18 -0.906
28 19 120 -0.866
30 23 134 -0.585
21 31 149 -0.818
11 38 145 -0.564
25 25 61 0.714
18 30 103 -0.973
18 15 2 0.799
38 19 86 -0.909
40 10 52 -0.504
13 38 139 -1.282
25 25 99 -0.711
37 11 48 0.114
35 19 7 0.366
42 8 125 -1.028
35 16 10 -0.705
35 23 95 -0.589
30 21 57 -0.819
39 13 122 0.037
38 3 131 -0.850
33 21 133 -0.644
41 8 91 0.782
24 14 38 0.261
31 15 81 -0.544
19 30 2 -0.485
38 17 128 -0.806
40 15 17 0.414
41 9 14 -0.726
18 24 73 -0.607
27 16 78 -0.559
10 35 32 -1.031
42 9 51 -0.665
39 14 89 0.298
10 40 105 -0.722
37 3 7 0.299
37 16 46 -0.529
12 28 68 -0.602
33 15 43 1.026
28 27 79 0.488
40 19 55 0.041
23 23 25 0.680
34 20 80 0.154
31 18 44 -0.194
37 15 132 -0.793
36 3 7 0.126
43 5 51 -0.620
36 17 87 -0.535
13 37 112 -0.876
33 16 134 -0.472
14 25 103 -1.162
12 28 143 1.540
29 14 39 1.543
45 6 16 0.414
29 22 21 -0.512
38 8 129 -0.682
38 9 13 -0.347
24 20 3 0.108
19 25 2 -1.168
38 14 90 -0.977
15 35 32 -0.396
42 11 49 -0.431
36 12 120 -0.181
45 2 88 -0.231
27 22 117 -0.237
29 17 118 -0.006
37 11 55 -0.602
22 34 138 -0.818
33 19 119 0.492
16 32 74 2.263
29 22 136 0.273
40 13 48 -0.428
37 4 13 -1.214
28 16 97 -0.747
27 20 117 0.204
17 29 112 -0.441
36 12 13 -0.930
22 32 99 -1.002
16 35 36 2.010
16 32 72 0.538
24 21 76 1.087
31 17 21 1.728
32 18 5 0.320
25 27 5 0.480
19 39 138 -0.598
15 37 109 -1.087
28 20 77 -0.359
12 23 69 1.086
9 41 146 -0.965
19 32 137 0.502
32 22 134 1.121
35 21 133 0.694
27 22 78 0.506
12 31 109 -0.116
38 17 129 -1.043
15 36 0 -0.866
27 25 39 0.119
38 13 51 0.357
42 6 46 0.542
15 27 72 -0.106
37 13 89 -0.588
38 7 90 -0.754
23 37 62 -0.664
33 14 10 0.638
15 32 36 2.410
38 11 11 0.018
33 11 117 0.172
42 3 46 -0.701
22 17 0 2.333
30 13 77 3.009
45 7 88 -0.355
39 16 87 -0.424
33 13 121 -0.150
10 35 108 -0.823
28 33 134 -1.173
27 21 24 2.377
31 16 117 0.152
19 31 33 -0.808
38 15 92 -0.513
42 11 17 -0.160
32 16 5 0.075
36 9 47 -0.885
34 18 8 0.074
35 17 9 0.559
34 23 57 -0.247
13 28 107 0.315
14 39 74 -0.901
41 9 84 0.903
12 21 71 0.925
36 6 130 -0.674
37 9 18 -0.512
35 18 41 1.270
40 8 90 -0.345
37 14 46 -0.639
26 24 135 -1.060
18 35 37 -1.302
21 24 63 -0.183
32 15 58 -0.066
17 24 141 3.178
39 18 92 -0.353
38 11 130 -0.338
17 34 148 -0.324
39 10 89 0.518
29 13 117 -0.786
11 43 102 -1.016
29 21 117 -0.934
30 17 96 -0.746
38 12 92 -0.838
39 8 11 -0.660
26 21 61 1.092
17 35 111 -0.948
41 14 124 -1.021
33 21 57 -1.014
14 34 71 0.102
45 3 88 -0.570
36 8 118 1.117
30 10 117 0.861
40 17 53 -0.158
18 33 140 -0.961
13 29 74 2.124
36 11 124 0.139
41 11 87 0.617
32 3 82 -0.858
34 22 80 0.835
17 24 147 0.333
25 28 135 -0.712
26 17 44 0.128
23 25 61 0.033
43 12 126 -0.985
39 16 94 -1.236
10 33 30 -0.582
14 29 36 4.286
15 35 103 2.058
20 29 0 -0.391
38 7 91 -0.435
26 9 4 0.624
25 22 79 0.704
28 22 96 -1.041
13 27 29 -0.861
32 7 7 -0.842
32 22 6 0.045
38 7 48 -0.233
27 29 77 0.398
17 28 102 -0.183
37 18 83 -1.036
34 5 8 0.866
11 34 107 -1.008
17 20 27 -1.149
26 30 136 -1.198
37 12 126 -0.790
19 28 73 -0.838
42 1 46 -0.003
35 25 132 -0.248
41 10 83 1.341
40 6 84 0.334
16 30 141 -0.243
19 34 26 -0.900
11 36 32 -0.217
41 11 127 -0.743
32 25 59 -0.273
33 11 44 -0.603
24 28 63 -0.479
34 9 85 -0.294
23 30 62 -0.709
26 29 77 0.582
40 15 122 0.081
43 8 17 0.586
37 6 86 0.501
21 37 137 -0.677
40 10 90 -0.262
6 29 108 -0.848
34 22 20 -0.323
38 9 129 -0.929
16 30 104 1.617
26 24 114 0.500
31 15 118 1.277
13 27 35 1.628
18 32 101 -0.483
26 26 63 -0.233
24 17 137 0.054
12 30 107 -0.166
16 37 103 1.583
39 15 126 -0.026
31 27 120 -0.527
28 21 136 0.292
12 33 67 -0.599
11 35 71 -0.843
40 18 88 0.413
25 22 62 -1.285
12 36 71 -0.972
19 23 27 0.121
39 14 49 -0.871
24 31 115 -0.911
15 22 29 -0.621
13 30 32 2.191
41 15 46 0.602
14 23 107 -0.441
42 11 53 -0.462
33 23 57 -0.298
19 33 73 -0.399
35 10 87 -1.100
31 4 79 1.452
36 16 94 -1.020
16 31 34 -0.113
35 9 85 -1.097
42 9 54 -1.116
22 23 38 1.511
40 13 52 -0.843
29 22 96 -1.057
38 10 47 -0.125
37 15 8 -0.380
39 11 48 0.432
12 32 27 -0.824
21 28 64 -0.825
45 16 51 -0.333
13 26 106 1.322
27 30 40 -0.336
33 11 84 -0.298
26 18 60 -0.729
37 9 53 -0.983
31 13 117 0.492
30 16 5 -0.229
12 35 147 0.033
16 26 148 1.868
26 24 60 -0.203
36 8 45 0.374
18 26 26 -1.190
34 25 58 0.226
29 19 79 0.885
15 26 145 -1.060
10 40 139 -1.120
35 17 19 -0.325
40 14 50 1.366
26 19 22 0.457
17 23 34 0.335
29 27 96 -0.914
30 21 77 1.148
38 11 123 -0.494
38 20 122 -0.531
28 27 134 -0.453
12 29 66 1.530
40 13 50 0.699
32 8 123 -0.895
37 7 11 0.505
30 18 42 0.825
32 26 42 0.408
31 14 79 1.105
30 15 40 0.653
16 32 68 -1.055
36 12 15 -1.098
14 20 107 0.017
32 17 120 -0.382
37 5 18 -0.404
40 5 16 -0.551
38 11 121 -0.080
19 18 138 -0.262
40 8 46 -0.343
30 20 115 0.128
33 1 82 -0.686
11 33 146 0.511
22 33 114 -1.158
37 13 93 -1.162
28 18 39 1.941
42 9 92 -0.969
39 16 122 0.243
38 15 131 -0.958
37 9 49 0.470
26 10 4 0.685
39 9 56 -0.674
14 35 140 0.022
36 8 84 -0.383
39 22 83 -0.959
9 31 108 -0.766
12 37 69 -0.519
44 13 127 0.055
41 8 126 -1.059
30 24 61 1.386
25 27 114 -0.055
37 10 87 -0.032
42 18 125 0.199
9 35 107 -0.854
38 16 47 -0.443
36 19 7 0.608
24 30 99 -0.775
34 15 95 0.084
26 31 25 -0.500
22 26 26 -0.197
37 14 55 -0.291
11 26 66 1.254
38 17 9 -0.720
26 17 2 -0.484
38 15 123 -0.261
14 27 74 1.195
19 22 138 0.457
21 36 78 -0.924
31 18 96 -0.852
35 12 132 -1.025
14 30 147 1.189
28 15 118 -0.330
22 21 26 0.206
22 25 4 -0.970
41 13 49 -0.996
16 32 105 0.117
34 15 83 -0.525
19 25 73 -1.100
38 10 54 0.134
17 21 1 -0.705
34 21 119 -0.694
37 5 15 -0.301
39 9 11 -0.715
22 14 0 1.759
21 32 101 0.861
24 24 24 1.257
35 17 41 1.296
33 14 80 -0.595
14 19 73 -0.231
17 31 143 -0.548
28 24 98 -0.092
40 13 128 -0.241
39 19 92 -0.506
13 23 71 1.758
14 30 105 1.695
38 16 55 -0.562
42 16 53 -0.575
38 14 132 -0.683
33 27 80 0.812
32 5 82 -0.944
19 36 63 -0.453
29 9 117 0.473
12 33 30 0.049
22 21 3 -0.051
19 37 63 -0.176
34 16 10 0.297
11 30 35 -0.352
42 12 88 -0.164
35 12 47 -0.764
13 41 71 -1.094
20 24 76 -0.106
22 25 26 -0.632
37 16 48 -0.750
26 13 44 -1.021
19 19 1 0.469
27 23 61 0.703
34 15 121 -0.305
13 31 106 2.953
20 28 101 -0.390
26 23 61 -0.743
19 13 138 2.184
36 14 54 -0.989
30 22 134 0.992
39 15 9 0.188
21 21 3 -0.844
20 27 149 -0.764
32 18 41 1.745
18 35 140 -0.028
29 21 136 0.540
16 24 68 1.053
35 23 19 -0.481
12 33 142 -0.990
30 16 39 2.346
16 35 103 -0.481
40 14 18 -0.398
34 24 95 -0.819
30 22 22 0.616
31 18 79 2.185
16 23 103 -1.140
37 13 54 -0.761
40 14 86 -0.765
42 16 47 -0.387
35 16 82 -0.057
22 30 138 -0.134
33 17 6 0.478
12 38 146 1.007
20 28 63 -0.742
12 24 70 0.020
37 9 7 1.457
34 19 81 0.374
38 12 53 -0.538
25 23 61 -0.518
27 16 40 2.736
16 26 68 1.639
13 36 29 -1.156
27 19 61 2.631
12 42 147 -0.924
28 20 98 -0.331
21 28 0 -0.782
35 10 11 -0.267
34 22 133 -0.171
12 34 143 1.829
42 15 88 0.274
26 26 25 2.328
33 19 42 0.722
13 28 71 0.367
23 26 139 0.274
26 20 97 -1.082
17 32 104 2.077
20 24 1 1.163
11 25 33 0.922
16 34 72 -0.807
34 9 44 -0.722
36 5 7 -0.127
40 9 11 -0.182
38 14 7 0.066
13 34 35 0.090
36 16 49 -0.512
30 23 97 -0.868
27 30 25 0.907
13 32 141 -0.237
12 33 70 0.503
36 16 18 -1.040
19 19 138 0.352
35 21 95 0.054
33 8 117 0.182
34 9 119 -0.076
28 17 42 0.627
29 22 42 -0.266
42 13 17 -0.412
34 16 119 -0.688
21 30 64 -0.715
5 47 108 -0.854
31 22 134 -0.841
35 16 8 0.658
41 16 17 -0.333
24 25 24 1.306
36 7 18 -1.060
34 9 81 -0.221
41 13 130 -0.297
36 20 121 -0.178
33 26 43 -0.317
21 26 63 -0.350
12 34 69 0.115
37 8 85 -1.147
35 12 121 -0.953
15 31 71 0.207
18 28 0 -0.479
13 33 105 1.713
24 17 2 0.253
19 19 2 0.413
38 16 89 -0.244
32 10 8 0.038
33 16 9 0.504
12 35 105 1.747
12 24 29 -1.158
23 26 2 0.249
22 29 62 -0.175
34 14 6 0.397
16 37 72 -0.289
24 21 135 -0.054
19 22 110 2.150
24 27 62 -0.677
28 21 39 1.587
16 22 75 1.201
41 10 122 -0.063
10 35 143 -0.949
39 11 126 -0.311
17 28 140 3.079
24 15 2 0.465
36 14 133 -0.334
38 10 11 -0.195
37 11 13 -0.651
23 23 26 0.034
30 18 116 1.827
30 21 21 0.860
18 26 65 1.295
38 15 45 -0.234
35 20 58 0.111
39 15 120 -0.800
37 12 18 -0.657
35 17 6 -0.029
40 11 54 -0.680
38 8 9 1.038
25 26 76 1.312
18 23 110 1.360
28 11 4 0.322
15 25 147 0.141
23 26 39 -0.042
19 35 26 -0.791
19 30 0 -0.757
23 32 77 0.260
37 20 132 0.092
39 8 51 0.075
15 30 147 -0.680
25 27 79 1.031
34 8 44 -0.360
41 3 15 0.315
20 28 28 0.313
13 29 144 0.856
43 14 129 -0.426
33 17 80 -0.412
42 14 128 -0.320
15 27 28 2.543
13 30 102 1.048
17 27 3 -1.320
37 7 7 -0.288
12 33 103 1.632
19 24 2 -0.291
30 30 60 0.810
16 25 143 0.355
35 11 127 -0.888
8 32 32 -0.503
24 23 114 2.608
23 23 5 -0.227
15 38 102 -0.745
10 21 67 -0.257
12 41 30 -0.491
43 15 124 -1.097
32 9 45 -0.828
38 8 84 0.505
19 24 111 -0.954
30 27 94 -1.258
14 23 69 1.382
22 20 27 0.473
37 12 48 -0.644
28 21 116 0.084
39 8 87 -1.117
37 10 9 0.572
13 32 147 -0.518
38 4 12 0.485
18 24 28 0.153
31 20 21 0.442
18 32 139 -0.501
16 28 1 -0.749
30 16 21 2.250
26 26 39 0.380
38 11 126 -0.019
37 10 12 -0.008
13 40 143 -0.308
18 29 76 -0.530
16 25 141 1.460
23 34 24 -0.287
17 27 112 -0.367
19 23 73 0.594
25 33 39 -1.102
42 7 50 -0.445
14 28 147 0.970
42 6 16 -0.700
24 28 23 0.268
27 24 117 -0.050
27 15 82 -1.007
14 31 71 -0.759
28 22 79 0.132
18 35 113 -1.164
14 31 105 2.679
11 31 102 0.737
10 29 65 -0.503
36 23 56 -0.248
24 30 24 -0.458
20 29 23 0.090
35 13 11 -0.641
37 8 44 -0.417
42 13 91 -0.093
36 18 87 -0.687
14 37 106 0.238
14 32 110 -0.980
12 39 68 -0.430
20 22 4 -0.636
34 15 47 -0.383
13 34 66 0.289
31 23 134 0.232
23 22 4 -1.133
28 31 25 -0.571
12 34 27 -0.890
40 14 125 -0.099
15 26 146 0.597
35 8 87 -1.048
40 13 49 -0.335
33 25 58 0.016
29 27 23 -0.581
38 11 15 -0.334
34 9 80 0.364
40 11 47 0.385
25 26 99 -0.639
17 31 142 1.685
20 32 137 -0.412
29 25 40 -0.605
16 32 36 2.170
27 22 39 1.764
28 6 44 -0.989
32 18 118 0.062
12 31 107 -0.476
25 15 3 0.018
11 40 145 -0.378
37 17 6 1.723
14 31 68 -0.818
40 7 123 -0.732
32 18 81 -0.208
20 31 1 -0.861
42 3 12 -0.740
38 9 85 -1.034
33 23 80 -0.118
41 7 11 -0.173
28 22 59 -0.420
34 9 45 1.304
26 31 79 -0.868
35 7 85 -1.050
41 13 129 -0.942
32 20 9 0.245
26 27 99 -0.486
35 13 82 -0.474
36 17 57 -0.181
13 26 36 2.924
41 9 16 0.003
22 28 79 -1.043
17 25 149 0.649
42 13 54 -0.630
37 12 120 -0.318
38 4 87 -0.761
41 9 15 -0.646
19 21 26 0.457
37 7 84 -0.696
33 28 133 -1.142
27 9 119 0.277
19 28 38 0.099
21 32 26 -0.503
41 18 125 -0.050
41 11 52 -0.777
30 11 117 0.369
29 22 115 -0.519
27 27 39 1.476
21 26 5 -0.249
14 24 37 1.217
25 29 24 -0.775
12 39 105 -0.155
12 29 29 -1.023
16 28 29 -0.777
12 23 34 0.648
26 20 116 1.641
40 14 45 1.449
43 9 17 -0.407
13 37 67 0.330
11 38 30 0.395
26 21 78 0.097
15 35 36 1.100
7 37 71 -1.116
30 25 43 -0.244
10 32 145 -0.884
27 18 39 2.377
41 14 46 1.466
16 29 34 -0.477
20 31 149 -0.800
43 2 12 -0.370
37 16 122 0.084
12 34 106 -0.465
33 17 81 0.093
18 24 69 -0.341
20 28 27 0.871
17 29 144 0.663
22 30 25 0.851
14 22 73 -0.780
12 28 142 -0.781
14 36 110 -1.084
36 10 118 1.851
38 13 93 -1.004
16 21 31 0.335
12 30 71 -0.147
37 11 131 -0.966
29 18 40 2.790
41 12 129 -0.578
37 7 45 0.183
41 13 90 -0.190
14 32 111 -0.803
43 5 46 0.210
14 37 68 1.170
13 28 74 1.689
29 23 22 -0.880
28 19 118 0.263
14 34 105 1.321
18 36 138 0.828
15 28 103 0.715
24 33 23 0.039
34 17 132 -1.017
40 11 83 0.548
22 7 78 -0.926
16 25 74 1.259
12 24 66 -1.279
34 24 132 -0.853
31 22 133 -0.549
38 9 48 -0.321
25 29 25 -0.570
28 20 61 1.969
30 19 61 1.343
17 27 74 0.204
24 34 62 -1.095
21 33 137 -0.209
40 16 13 -0.307
20 17 138 2.628
12 36 69 0.533
37 12 10 0.410
34 16 120 -0.567
39 4 15 -0.725
16 25 73 -0.901
39 9 47 -1.093
26 22 61 1.113
39 12 55 0.450
22 23 114 1.123
28 26 39 0.115
41 5 14 -1.202
27 19 60 -0.926
35 15 122 -0.591
40 14 131 -0.707
39 12 90 -0.644
42 7 11 -0.759
34 16 46 0.065
35 9 119 0.708
14 36 36 -0.493
37 11 15 -0.709
9 41 107 -1.104
26 16 3 1.368
38 19 131 -0.808
19 24 64 0.848
39 12 126 0.323
38 9 89 -0.181
16 28 73 -0.929
11 27 105 4.720
34 26 57 -0.922
16 30 37 -0.612
22 26 113 0.285
32 21 6 0.058
40 13 129 -0.679
36 19 56 -0.218
29 28 41 3.813
18 30 2 -1.188
16 32 100 -0.983
34 23 19 -0.694
15 26 74 0.348
40 9 52 -0.388
34 10 81 0.112
37 4 14 -1.204
16 24 148 1.880
38 6 87 -0.613
17 23 27 -0.968
42 2 12 -0.978
21 28 75 0.519
32 19 81 0.024
14 25 66 -0.539
13 28 142 -0.515
15 31 74 0.499
37 13 122 -0.057
33 15 9 0.355
32 16 44 -0.051
13 39 35 0.069
41 19 91 -0.705
35 25 95 -0.403
35 13 80 0.388
41 16 55 0.439
37 9 56 -0.472
14 32 140 0.837
39 7 50 0.462
29 16 5 -0.532
35 24 95 -0.316
36 15 7 0.217
25 24 60 -0.281
37 22 56 0.183
16 24 28 1.375
39 11 50 1.689
20 25 113 -0.226
37 12 127 0.169
34 17 133 0.369
42 16 51 0.741
27 14 82 -1.017
25 27 4 -0.989
30 23 43 -0.399
12 28 66 -0.456
21 26 26 0.252
17 15 73 1.429
31 16 21 1.151
14 32 68 -0.509
43 7 52 -0.983
20 24 27 1.459
15 34 69 0.086
29 23 77 0.706
23 21 26 0.381
37 10 132 -0.686
17 24 63 -0.848
35 6 82 1.111
32 26 43 -0.125
17 31 111 -0.795
12 28 105 2.024
41 11 92 -0.610
39 10 90 -0.611
29 17 117 -0.462
35 15 18 -1.135
21 27 37 3.093
34 21 133 -0.819
19 26 26 -1.023
44 12 52 -1.044
20 21 73 0.186
5 46 108 -0.970
32 22 95 -0.047
19 35 101 0.346
13 25 66 -0.897
19 26 113 -0.639
28 28 25 -1.135
33 14 81 0.112
17 22 34 0.398
30 14 79 0.324
30 21 136 2.147
23 19 3 -0.137
38 17 85 -1.015
23 26 78 -0.134
43 14 125 -0.359
36 12 57 0.878
17 35 38 -0.472
26 15 114 0.749
19 25 64 -0.225
17 31 37 4.078
16 34 75 -0.815
39 10 53 -0.112
14 34 36 1.452
38 20 84 -0.092
30 19 44 -1.046
16 24 140 3.675
33 21 21 0.010
39 7 121 0.408
10 28 102 0.062
35 19 95 0.025
13 24 74 2.933
31 16 133 0.708
33 26 133 -0.057
27 29 39 -0.738
28 13 116 0.916
27 27 61 -0.150
34 19 56 0.203
38 15 55 -0.265
31 15 117 -0.569
25 32 77 0.688
10 31 29 -0.907
39 6 11 -0.812
22 22 101 2.264
18 34 37 2.064
32 20 116 0.067
16 27 31 0.030
12 22 69 1.527
23 22 138 1.200
38 10 8 2.204
32 20 43 1.105
21 17 68 0.507
21 27 2 -0.112
35 10 46 -0.020
12 34 145 -0.812
19 29 65 0.028
33 24 58 -0.628
20 29 2 -0.103
30 26 98 -0.665
31 24 44 -0.319
14 38 143 -0.450
10 32 35 0.095
36 10 50 -0.637
20 27 76 -0.108
41 15 87 0.813
12 39 102 -0.948
13 38 143 -0.042
18 28 38 0.423
17 21 34 0.609
9 31 143 0.194
18 16 34 0.565
43 11 16 -0.283
20 28 37 -0.956
34 17 54 -0.957
37 11 53 -0.827
30 12 115 -0.123
22 36 138 -0.706
10 37 110 -1.205
23 16 1 2.382
35 14 133 -0.285
13 32 149 -0.625
17 30 29 -1.114
21 35 100 -0.459
14 37 67 0.041
37 19 81 0.739
16 35 141 -0.218
29 26 135 1.100
26 23 42 -0.455
12 35 104 0.018
15 29 32 1.736
18 34 138 1.268
19 21 75 1.795
39 8 14 0.102
36 20 20 0.047
39 11 93 -1.113
35 4 8 1.376
39 13 14 0.328
31 14 7 -0.034
32 13 10 -0.804
16 31 103 -0.951
41 9 51 -0.602
36 14 81 0.625
29 13 118 0.071
27 30 60 -0.932
17 23 73 0.888
31 16 7 -0.607
34 18 47 -0.979
30 20 21 0.116
25 33 77 0.967
18 32 37 2.031
14 26 145 -0.234
11 32 32 -0.317
16 20 141 1.234
19 23 64 -0.840
20 30 64 1.040
23 29 61 -0.627
35 18 118 -0.110
36 21 121 -0.129
42 9 88 0.450
18 20 73 1.854
25 27 25 -0.201
24 38 62 -0.982
37 16 57 -0.943
24 18 137 -0.013
37 10 122 -0.015
29 24 96 -1.013
15 20 69 1.721
25 26 98 -0.185
26 13 3 0.137
15 34 103 0.369
14 32 34 -0.745
32 23 40 -0.625
18 29 101 -0.095
41 12 55 0.749
31 24 80 -0.075
13 19 34 0.238
29 15 21 2.168
27 24 61 0.690
25 15 61 1.387
19 19 64 0.344
13 30 67 -0.929
29 26 39 0.107
8 28 108 -0.815
19 25 31 -0.510
35 21 120 -0.519
26 28 24 0.557
20 27 111 -0.970
16 25 64 3.597
32 23 22 2.455
42 14 49 -0.571
31 19 77 1.549
28 21 22 -0.398
37 15 122 -0.325
37 7 131 -1.093
43 14 91 0.311
15 26 70 0.328
39 15 84 -0.510
41 12 125 -0.835
29 23 61 1.345
38 10 49 0.394
37 19 56 0.697
22 23 139 0.508
36 19 20 1.058
38 17 93 -1.056
43 13 124 -0.378
27 16 39 2.097
30 29 94 -1.209
41 13 84 -0.312
33 17 134 -0.708
36 10 7 -0.503
26 20 5 0.886
39 10 91 -0.924
34 25 119 -0.912
16 33 68 -1.050
15 33 30 1.551
38 15 9 0.249
19 22 64 3.855
39 14 55 -0.491
20 21 75 1.735
21 13 138 1.953
28 23 136 0.002
15 42 75 -1.086
12 31 72 0.269
36 6 84 -0.354
17 25 141 2.070
19 31 73 -0.606
21 22 4 -1.104
39 10 92 -0.980
15 33 142 4.112
17 23 141 2.512
19 20 112 3.354
12 30 27 -0.775
36 12 132 -0.923
15 32 143 -0.756
37 11 122 1.005
35 12 10 -0.590
30 20 98 0.441
34 26 43 -0.066
19 17 31 0.306
23 25 114 1.168
41 12 13 0.125
19 30 65 0.697
27 31 99 -0.482
25 24 63 0.121
18 20 33 0.597
12 31 149 -0.289
35 18 94 -0.643
44 15 129 -0.261
13 35 69 -0.347
34 16 95 -0.140
28 19 41 0.095
34 25 95 0.279
15 31 149 -0.379
11 24 67 -1.086
24 21 60 -0.738
38 7 12 1.136
17 42 137 -1.130
41 8 14 -0.775
35 16 56 -0.588
22 32 25 1.023
16 28 33 -0.734
16 29 141 1.850
42 13 16 -0.365
24 26 61 -0.854
11 32 29 0.472
27 17 118 -0.074
42 12 91 0.547
33 11 20 -0.206
40 12 83 0.483
11 26 105 5.962
36 10 89 -0.916
33 7 121 -1.000
11 29 105 1.323
40 12 14 -0.167
11 37 67 -0.886
37 13 13 -0.771
40 13 92 -0.764
13 36 36 2.199
24 9 78 -0.896
17 34 37 -1.024
13 30 35 2.695
16 19 74 1.535
12 22 105 6.277
12 37 70 0.419
11 38 72 -0.125
16 29 111 -0.230
33 19 97 1.222
33 18 43 0.628
17 28 38 -0.149
23 24 114 1.351
28 21 77 0.122
16 25 68 0.247
12 35 102 2.471
15 28 142 3.965
27 27 23 -0.953
19 27 37 1.006
14 27 106 2.431
36 19 6 1.734
19 21 3 0.529
13 25 31 0.226
23 29 139 -0.136
16 22 27 -0.930
12 35 30 -0.430
14 28 37 -0.560
15 30 67 -0.087
6 35 108 -1.042
26 15 44 -1.059
11 20 68 -0.074
16 23 33 1.370
11 37 146 -0.629
43 7 53 0.538
31 10 4 0.356
22 20 114 0.972
39 18 88 -0.242
14 36 144 -1.131
20 17 149 0.431
19 28 26 1.111
23 23 76 -0.369
28 22 118 0.015
36 9 12 -0.326
38 24 130 -1.055
39 12 51 0.320
16 24 64 4.590
14 28 144 2.677
20 31 26 -1.062
33 26 22 -0.139
38 14 47 -0.465
40 12 131 -0.411
34 7 131 -1.059
31 27 97 -0.543
39 5 131 -0.885
15 32 66 -0.432
18 20 141 0.641
15 31 141 -0.683
32 22 59 -0.249
25 23 3 0.176
34 20 82 -0.747
13 35 143 0.265
28 19 59 -0.526
15 33 68 -0.097
13 42 70 0.083
15 26 141 0.200
34 8 45 1.683
13 36 104 -1.273
39 15 47 -0.049
38 18 84 -0.003
40 6 15 -0.612
37 19 83 -0.091
32 27 80 0.935
43 9 13 -0.338
36 18 56 -0.104
16 27 144 0.581
27 29 21 -0.691
13 37 102 -0.723
36 23 83 -0.923
20 32 99 -0.940
17 24 64 0.856
17 29 147 -1.155
36 23 19 -0.327
39 16 85 -0.885
40 11 126 -0.389
20 27 139 0.414
38 11 9 0.398
35 20 18 -1.127
15 30 69 -0.606
32 11 8 -0.878
35 17 11 -0.698
12 31 33 0.406
13 30 71 -0.305
17 24 31 0.090
23 37 78 -1.009
40 10 16 0.092
36 21 56 -0.335
41 17 17 -0.473
35 3 84 -0.507
31 15 21 0.413
38 11 91 -0.437
36 15 93 -1.042
27 23 135 0.005
33 12 46 -0.376
40 10 89 -0.337
24 14 2 0.449
37 8 124 -0.117
31 26 133 -1.090
15 31 112 -0.821
18 27 110 -0.864
27 23 41 0.350
43 8 52 0.023
32 19 117 0.339
31 15 7 -0.723
34 10 121 -1.024
40 10 125 -0.384
26 30 25 -0.989
39 7 131 -0.939
42 8 12 -1.054
13 21 71 1.593
29 19 5 -0.245
42 16 17 -1.020
34 15 10 -0.329
31 22 6 -0.316
27 25 136 0.266
30 24 120 -0.514
35 8 126 -1.005
38 16 129 -0.967
14 28 140 1.689
38 14 55 -0.091
13 31 71 -0.439
14 29 110 -1.272
30 25 42 0.518
35 14 53 -1.188
16 34 36 2.334
34 15 18 -1.039
34 20 19 -0.425
30 19 21 1.696
9 36 102 -0.724
35 25 133 -0.676
22 28 138 -0.310
36 20 83 -0.488
32 13 42 0.250
13 36 106 -0.381
36 13 12 -0.255
29 28 135 -0.220
40 17 88 -0.296
13 32 35 1.529
31 21 134 -0.010
23 35 77 -0.006
43 7 51 -0.893
23 26 5 -0.381
19 36 140 -0.661
28 13 4 0.268
39 12 85 -0.203
25 26 61 -0.506
7 33 32 -0.874
24 29 99 -1.031
28 15 4 0.329
14 32 67 0.194
26 22 79 0.607
17 25 76 -0.806
14 36 33 -0.731
25 29 62 1.088
31 24 57 -0.114
14 27 75 0.336
19 25 139 1.054
14 40 29 -0.704
36 14 134 0.187
17 26 143 -0.969
37 11 127 -0.482
14 35 36 -0.523
39 8 86 -0.284
35 18 47 -0.331
31 19 136 1.518
42 9 16 -0.374
35 16 20 0.118
40 11 53 1.227
21 25 37 1.150
40 6 14 -0.360
39 16 8 1.219
20 27 2 -0.408
12 30 29 -0.276
28 29 26 -0.842
19 23 76 0.091
42 8 16 0.130
41 14 18 0.056
39 10 45 0.266
25 19 117 -0.166
33 7 123 -0.971
24 32 62 -1.082
30 24 42 0.508
26 29 135 -1.117
39 18 122 -0.539
13 27 106 1.260
11 30 107 -0.143
15 34 142 -0.617
26 18 4 -0.264
18 26 37 2.518
20 23 101 -0.362
26 30 137 -0.278
23 29 100 1.007
35 22 7 0.751
17 21 2 -0.287
12 42 102 -0.893
40 14 88 -0.402
40 16 86 -0.084
31 20 94 -1.118
17 23 65 1.949
39 12 10 0.879
29 22 39 1.112
33 12 81 -0.127
29 27 39 -0.655
28 24 44 -0.722
20 30 26 -1.139
39 8 89 -0.779
27 28 61 -0.638
44 5 16 0.820
40 16 11 0.115
20 32 26 -0.814
27 29 23 -0.772
30 20 116 0.554
20 22 63 -0.690
33 13 96 -0.232
23 27 149 -1.019
16 33 37 1.197
17 33 103 -1.023
30 27 135 2.014
22 32 23 -0.954
32 13 96 -0.707
33 13 117 0.560
17 21 31 -0.082
33 14 97 -1.199
16 33 148 0.630
13 38 67 -1.259
36 12 89 -0.756
43 13 128 -0.413
39 10 54 -0.565
16 31 36 1.749
18 32 104 0.053
36 17 19 -0.243
42 8 17 -0.124
23 21 63 -1.216
37 21 56 -0.155
19 23 34 0.043
43 8 90 -0.094
12 33 143 3.442
36 10 119 0.779
40 8 13 -0.118
38 21 84 -0.432
15 40 148 1.263
38 13 122 -0.055
17 34 33 -0.978
21 35 64 0.556
29 12 44 -0.357
13 41 72 -0.778
32 24 133 -1.172
22 37 62 -1.076
41 15 18 -0.036
31 16 42 -0.354
38 17 131 -0.739
32 23 57 -0.123
37 8 14 0.447
29 21 135 0.439
41 8 127 -0.741
41 4 15 0.380
29 20 41 0.526
14 34 0 -0.838
17 30 1 -1.168
22 16 112 1.951
16 39 0 -1.258
41 14 83 0.576
7 32 108 -0.640
41 14 88 -0.063
31 6 79 2.171
36 23 6 1.551
30 25 96 -0.893
16 21 147 1.704
33 24 95 0.220
38 17 120 0.062
18 26 64 1.307
26 16 117 -0.928
17 32 148 -0.190
18 20 65 1.482
23 21 101 2.811
10 32 102 1.807
24 22 76 1.536
16 19 34 0.563
17 28 144 -0.881
29 22 97 -1.134
14 32 75 -0.847
29 25 60 2.952
23 29 24 -0.553
33 14 47 -0.597
33 12 117 0.828
42 19 130 -0.598
16 35 68 -0.893
39 9 92 -0.634
36 10 9 1.705
26 26 60 -1.166
14 37 33 -0.555
36 21 80 0.763
18 28 113 0.854
38 3 84 -0.592
23 33 62 -0.195
16 35 100 -1.138
33 0 82 -0.783
24 16 114 3.194
41 13 122 -0.094
44 9 90 -0.264
15 34 110 -0.879
10 35 72 -0.790
37 14 13 -1.026
35 8 50 -0.624
13 29 65 -0.679
25 32 60 -1.165
25 20 4 -0.445
38 12 11 0.829
19 20 34 -0.180
16 37 36 1.273
15 30 68 0.369
36 23 58 -0.184
13 30 141 -0.002
28 23 41 0.498
28 22 60 0.210
24 29 24 -0.369
20 18 63 -0.786
30 19 43 -0.402
35 12 87 0.057
35 14 49 -0.597
24 22 25 0.138
25 30 136 -0.773
33 21 119 -0.206
31 22 42 0.614
13 29 66 -0.409
16 28 28 0.531
28 20 118 -0.274
18 38 148 -0.158
42 11 56 0.017
20 27 27 1.440
10 33 143 -0.267
14 28 31 0.218
25 22 135 0.233
26 30 135 -0.990
41 8 52 -0.995
18 30 28 -0.284
10 37 30 -0.594
17 30 113 -0.630
26 20 98 0.032
12 37 66 1.774
14 37 109 -1.131
31 12 117 0.678
14 23 71 1.240
38 13 57 1.303
19 20 138 0.169
40 12 88 -0.250
15 32 75 0.356
40 17 91 -0.376
33 19 43 0.560
30 23 61 2.139
25 25 25 1.236
15 36 109 -1.114
22 24 3 -0.853
28 11 115 1.904
10 30 35 -0.693
49 5 88 -0.635
42 11 11 -0.278
30 25 21 -0.647
35 17 47 -0.908
16 22 74 1.948
20 30 63 -0.324
17 29 103 -0.667
21 22 2 0.861
23 28 39 -0.034
36 12 50 -0.564
30 13 117 0.653
41 9 92 -0.774
32 12 8 -0.460
24 13 1 2.593
19 29 137 0.639
28 21 117 -1.022
34 25 57 -0.770
17 27 102 -0.627
39 11 53 -0.451
37 7 87 -0.940
20 25 139 0.646
13 33 107 -0.473
25 25 114 1.161
15 30 36 1.189
15 33 104 -0.714
16 36 102 -0.935
31 11 44 -0.404
42 12 53 0.169
11 34 143 0.183
42 12 14 0.291
35 22 80 0.843
42 7 16 0.312
34 9 9 1.502
29 19 115 0.141
31 17 5 -0.319
36 25 132 -0.127
20 31 37 -0.514
13 31 36 0.949
11 40 72 -0.546
29 14 115 1.774
36 18 83 -0.480
33 17 117 -0.008
25 25 24 -0.065
34 17 82 -0.787
29 21 41 0.388
37 19 94 -1.180
22 34 137 -1.150
20 18 27 0.141
31 20 116 -0.217
37 14 87 -0.376
33 12 20 0.419
36 6 118 1.527
36 14 47 -0.580
35 11 7 0.683
14 35 66 -0.038
35 15 10 -0.463
31 17 79 0.916
39 12 125 -0.836
35 14 8 0.331
12 30 105 2.987
25 22 99 -0.755
31 20 40 0.085
39 12 47 -0.360
27 29 25 -1.075
36 16 57 -0.059
41 12 48 -0.614
25 29 101 0.962
36 14 121 -0.767
30 12 44 -0.064
20 27 63 -0.523
35 8 47 -0.894
30 25 22 1.005
36 23 20 -0.384
37 14 18 -0.074
18 27 139 -0.627
35 12 8 0.011
29 25 97 -1.075
9 41 109 -0.636
35 21 94 -0.759
34 7 11 -1.210
17 26 73 2.212
43 9 52 -0.297
23 19 138 1.172
19 23 111 -0.929
25 25 3 0.080
13 42 32 -0.993
30 21 96 0.221
14 24 74 2.141
24 29 77 -0.272
16 36 140 0.489
20 26 65 -0.103
41 12 16 -0.148
27 21 78 0.781
32 19 95 -1.174
37 6 127 -1.061
17 26 112 -0.180
38 8 48 0.427
20 12 3 -0.910
13 26 31 0.420
36 23 132 -0.253
40 17 55 0.223
16 31 142 3.731
31 27 60 0.654
10 40 145 -0.923
16 27 1 -0.651
36 17 45 1.017
43 1 12 -0.819
10 36 146 -1.082
29 18 117 -0.171
13 40 30 -0.825
11 32 70 0.850
13 22 107 0.229
41 17 128 -0.528
31 21 77 1.575
16 18 31 -0.116
21 30 27 0.179
43 4 126 -0.027
39 0 12 -0.875
18 29 102 -0.414
20 23 138 0.461
16 31 29 -1.305
16 31 140 -0.172
12 19 33 1.375
13 39 66 -0.361
33 21 96 -0.480
15 31 32 3.994
15 37 103 0.309
35 14 121 -0.958
35 17 57 -0.154
30 22 23 0.053
23 14 0 2.067
41 15 128 -0.320
21 30 138 -0.563
41 5 13 0.914
31 19 6 -0.058
42 11 88 -0.061
37 18 133 0.626
37 16 18 -0.687
29 24 133 -1.135
28 28 40 -0.449
34 19 20 -0.206
31 28 94 -1.234
10 29 67 -0.365
37 8 12 1.330
34 14 56 -1.182
16 32 102 -0.590
28 18 97 -0.928
16 21 141 -0.260
39 9 55 -0.064
16 32 113 -0.986
39 13 88 -0.354
22 31 100 -0.028
17 31 138 0.645
16 26 65 1.791
38 16 84 -0.246
13 27 31 -0.043
13 25 141 -0.391
36 5 82 1.369
15 29 68 -0.905
38 8 51 -0.228
17 20 31 0.756
16 24 110 -0.070
36 16 9 -0.843
38 14 88 -0.401
31 25 98 1.914
29 20 117 0.021
25 29 39 0.001
23 29 62 0.024
38 10 123 -0.385
26 30 60 -1.153
27 15 40 2.193
39 19 93 -1.123
39 19 131 -0.828
15 33 67 0.806
10 32 32 -0.092
41 12 46 1.811
35 22 96 -0.263
34 16 20 -0.117
26 27 42 -0.401
12 29 72 -0.199
26 25 98 0.146
11 37 72 0.039
39 16 128 -0.639
37 11 132 -0.048
12 29 70 1.252
26 27 27 -0.131
39 12 93 -0.900
28 28 116 -0.774
24 24 78 -0.267
28 32 23 -0.457
15 35 34 -0.414
18 18 73 1.969
12 37 68 0.087
20 28 149 -1.117
17 31 75 -0.919
20 25 76 -0.239
19 28 111 -1.013
18 32 100 -0.669
28 17 39 2.045
14 40 143 -0.625
35 16 57 -0.291
38 12 132 -1.019
42 7 9 0.850
35 10 8 0.390
30 12 40 0.445
40 17 84 -0.585
44 11 127 -0.672
35 18 132 -0.679
23 23 24 1.493
18 27 64 1.939
25 16 76 2.769
18 25 69 0.698
24 27 136 -0.873
10 35 109 -0.009
17 27 28 0.136
12 32 146 1.047
34 14 43 0.622
19 15 75 -0.672
14 40 147 -0.579
39 9 125 -0.713
10 33 33 -0.749
34 16 9 0.822
42 8 52 0.736
27 27 135 -0.481
30 27 42 0.199
30 25 97 -0.030
42 18 130 -0.465
42 11 127 -0.389
40 12 91 -0.029
16 20 69 1.221
37 14 20 -0.344
17 30 141 1.080
24 14 1 2.671
37 3 123 -0.894
21 30 37 3.888
31 29 96 -0.680
43 14 124 -0.467
14 33 110 -1.258
41 14 48 -0.564
34 22 58 -0.880
42 10 127 -0.050
22 29 2 -0.857
19 31 27 0.636
38 11 55 -0.781
25 22 76 1.613
43 15 91 0.160
39 9 48 0.167
14 40 67 0.197
15 24 74 1.751
36 21 132 -0.246
33 9 123 -0.828
19 31 140 0.438
14 30 37 0.711
17 22 73 0.532
27 16 77 1.546
37 11 84 -0.735
10 40 30 -1.236
34 12 121 -1.025
11 36 106 -0.825
36 19 132 0.083
31 20 44 0.246
19 30 140 -0.087
36 13 47 -1.146
16 25 70 0.082
41 10 84 0.583
33 22 43 0.371
14 32 74 0.600
27 21 82 -0.747
14 33 74 -0.369
37 19 133 0.350
33 27 97 -0.554
37 7 16 -0.916
22 24 37 -0.920
41 8 47 -0.550
40 15 126 -0.184
12 31 67 -0.426
36 13 9 1.123
26 14 44 -1.046
11 32 147 -0.613
38 11 131 -0.803
22 19 114 2.156
18 21 147 0.667
34 10 85 -0.745
34 18 57 -0.277
20 21 138 0.856
18 34 36 2.898
40 4 14 -0.314
30 19 5 -0.699
39 10 49 -0.234
14 30 146 0.070
41 14 15 -0.282
30 23 94 -1.208
10 31 108 -0.780
17 24 103 -1.272
39 5 11 -0.204
12 33 69 0.440
12 34 35 -0.431
39 18 94 -1.023
13 33 104 -0.870
34 16 79 1.267
19 35 1 -1.107
33 10 80 0.128
31 17 96 -0.857
17 29 104 0.393
27 18 2 -0.107
23 29 37 -0.823
30 23 120 -0.720
18 33 68 0.119
36 9 126 -0.644
32 15 94 -1.208
24 28 0 -0.777
34 17 96 -0.463
14 28 111 -0.372
13 32 110 -1.205
37 13 121 -0.783
23 25 24 -0.691
35 16 81 0.293
42 11 50 1.161
13 28 105 1.047
30 23 115 -0.465
38 3 87 -1.060
22 35 115 -0.814
42 12 127 -0.908
28 17 116 0.752
45 11 126 -0.094
36 15 45 0.615
40 11 89 -0.434
34 20 10 -0.963
13 27 144 0.612
21 24 75 1.913
29 26 115 -0.951
20 25 1 1.087
32 26 135 -0.092
12 29 105 0.533
37 10 53 -0.821
40 14 128 -0.408
11 31 105 2.602
28 27 136 1.235
18 24 141 0.167
16 29 31 -0.058
15 27 34 0.638
37 15 46 0.476
20 35 65 -0.107
32 22 21 0.386
16 34 143 -0.629
29 16 44 0.501
12 39 145 -0.698
17 30 104 0.917
33 20 95 -1.169
29 20 42 -0.175
19 26 149 -0.907
32 21 116 -0.277
33 21 81 -0.075
25 24 99 -0.771
25 19 3 -0.030
22 32 24 0.126
39 13 128 -0.844
22 35 100 0.191
24 22 136 -0.918
27 24 25 0.335
23 25 0 -0.917
27 22 63 -0.479
29 29 41 3.635
36 11 15 -0.851
34 15 7 0.760
36 17 80 0.225
15 31 148 -0.106
24 25 3 0.122
33 18 42 0.431
38 16 85 -0.928
37 17 20 -0.373
18 27 31 0.085
24 17 5 0.523
16 22 1 -0.914
36 11 45 0.409
25 20 116 -0.005
17 35 103 0.493
27 20 98 -0.339
23 28 79 -1.005
39 9 83 0.373
25 26 100 0.444
37 10 89 -0.879
14 34 104 -0.941
40 10 124 -0.132
42 10 90 0.050
29 16 43 -0.338
31 24 59 -0.325
25 32 24 -0.777
19 21 110 1.675
37 20 95 -0.094
17 30 105 0.836
14 26 144 1.916
16 23 74 0.417
37 16 87 -0.335
24 33 77 0.114
25 35 77 0.568
24 28 1 2.040
15 21 34 0.040
31 20 6 -0.219
35 8 48 -0.065
30 19 115 1.239
38 16 49 -0.846
34 20 9 0.305
34 18 86 -0.934
15 34 70 -0.521
13 37 147 -0.979
32 18 43 0.404
15 30 110 -0.986
30 28 60 2.406
20 34 63 -0.411
31 16 40 -0.679
30 20 96 -1.037
32 17 10 -0.819
45 8 126 -0.113
15 37 0 -0.841
20 19 110 0.497
15 33 27 -0.874
23 27 113 2.705
43 9 124 -0.499
31 21 98 0.783
31 23 94 -1.196
34 13 43 1.426
44 17 128 -0.306
19 36 138 -0.087
35 24 19 -0.033
44 12 88 -0.493
41 14 125 0.132
12 32 70 0.736
15 33 102 -0.719
17 25 28 -0.277
18 36 38 -1.099
40 12 90 -0.847
11 32 30 -0.776
33 15 81 -0.007
27 29 60 -0.691
15 29 102 -0.530
20 35 101 0.405
31 24 98 -0.996
11 33 29 -0.869
42 11 121 0.412
31 17 120 -0.678
26 29 60 -1.256
23 28 5 -0.418
43 19 130 -0.838
35 10 126 -0.835
22 12 78 -0.861
39 10 47 -0.460
35 17 132 -1.031
34 11 47 -0.406
14 31 36 4.003
32 24 6 0.048
37 19 130 -1.152
20 26 76 -0.105
34 20 6 0.192
19 30 64 1.004
17 21 113 0.363
12 22 67 0.645
28 35 77 0.669
36 7 84 -0.475
13 21 33 2.826
42 6 15 -0.269
14 28 67 0.158
11 37 108 -0.934
30 28 135 2.013
12 24 33 2.397
17 24 74 -0.017
16 36 36 0.772
13 36 33 -0.633
37 23 19 0.184
19 29 147 -1.182
42 14 50 1.021
28 27 115 -1.008
11 24 105 5.286
23 23 113 3.232
30 21 5 -0.935
38 10 15 -0.480
25 15 5 0.898
18 21 33 1.145
37 5 7 0.043
12 37 106 -0.771
35 18 18 -1.050
40 12 122 0.293
24 24 136 0.218
38 9 45 0.233
18 37 64 0.361
25 30 4 -0.967
24 36 62 -0.770
33 18 94 -0.686
18 37 73 -0.677
26 26 77 0.466
25 16 116 -0.166
30 23 60 3.084
15 22 28 0.654
29 18 116 0.363
36 14 43 0.648
23 17 138 1.157
11 35 107 -1.124
20 30 27 0.500
18 24 34 -0.291
21 29 64 -0.203
22 31 137 -1.189
16 26 140 3.337
29 19 22 0.640
43 9 16 0.019
29 24 61 1.965
18 23 0 0.089
31 19 118 0.513
27 24 44 -0.678
17 35 112 -0.713
41 10 124 -0.289
24 21 139 0.218
37 22 6 1.752
37 20 130 -1.054
39 16 123 -1.185
41 12 92 -0.265
28 24 21 -1.094
43 14 49 0.041
27 25 135 -0.228
38 7 121 0.655
41 15 54 -0.697
28 17 78 1.438
31 12 45 -0.388
16 29 102 -0.620
37 20 57 0.197
26 19 3 1.301
19 32 64 -0.678
38 21 91 -0.912
40 6 13 -0.155
24 34 60 -1.239
43 12 125 -0.273
24 29 1 1.661
18 28 110 -0.747
29 11 4 -0.066
21 34 101 0.533
38 8 14 -0.874
20 17 0 1.258
37 14 54 -0.754
32 14 45 -0.739
34 20 95 0.657
18 17 138 -0.186
24 20 62 -1.035
36 21 19 -0.128
20 15 75 -0.722
23 12 1 1.211
23 20 136 -0.424
39 20 55 -0.714
27 32 62 -0.498
33 15 10 0.534
30 16 79 -0.084
9 34 65 -0.541
15 29 144 0.359
39 13 124 -1.047
24 38 77 0.340
44 12 128 -0.557
15 35 137 -0.579
42 6 17 -0.689
16 39 113 -1.128
15 30 33 1.322
38 14 121 -0.336
9 28 102 0.709
12 28 33 0.777
38 12 48 -0.655
38 16 11 -0.426
41 8 50 -0.268
24 21 4 -0.965
41 13 46 0.119
38 3 12 -0.346
30 20 117 0.010
32 16 6 0.420
25 34 25 -0.546
29 28 22 -0.884
42 11 92 0.534
29 36 96 -0.800
18 26 113 -0.340
14 25 142 0.348
28 27 62 -0.860
39 15 86 -1.006
23 25 76 1.071
35 14 58 -0.124
11 41 30 -1.100
18 31 100 -1.010
35 20 133 0.429
16 32 37 4.466
39 21 55 0.108
37 12 54 -0.634
15 23 140 2.414
42 9 15 -0.019
25 21 135 -0.136
13 37 72 -0.506
26 30 77 0.666
41 15 52 -0.676
22 24 139 -0.565
17 31 38 -1.020
40 11 51 0.436
32 14 81 0.002
31 22 80 0.134
20 25 26 0.781
36 16 93 -0.849
19 22 148 0.016
8 33 30 -0.900
41 7 50 0.643
20 25 2 0.137
37 17 131 -0.944
13 37 32 0.174
17 19 1 -0.727
18 28 68 -0.396
12 35 67 0.225
17 30 27 -1.039
25 19 2 -0.029
38 16 131 -0.447
31 25 96 -0.756
36 19 130 -1.113
33 14 5 0.052
35 11 87 -1.108
16 28 148 1.171
43 9 49 -1.035
42 12 16 -0.222
42 6 127 -0.159
18 31 112 -1.016
14 26 33 0.681
35 3 7 0.359
37 18 6 0.987
30 28 98 -0.841
33 10 124 -0.793
33 21 80 0.301
30 16 41 0.762
12 30 33 0.595
16 37 33 -0.004
35 17 134 0.672
36 18 20 -0.940
36 6 83 -0.384
35 13 43 1.258
13 33 32 0.788
13 39 32 -0.822
31 26 43 0.083
20 25 73 -0.823
41 12 49 -0.487
6 41 108 -0.772
18 25 37 1.223
38 15 93 -0.978
18 25 111 -0.716
33 18 96 -0.271
34 9 126 -1.013
20 24 74 -0.320
24 30 61 0.386
38 14 87 -0.380
21 25 138 0.307
24 23 136 -0.803
32 19 80 -0.280
32 24 80 -0.044
22 24 101 2.274
40 15 54 -0.230
19 30 111 -1.056
10 24 67 -1.063
13 20 31 0.257
14 37 147 -0.459
10 35 146 -0.811
39 8 84 0.400
27 29 26 -0.869
15 37 140 -0.003
11 34 30 0.054
28 21 41 0.220
35 10 48 -0.234
40 11 127 -0.323
37 8 48 -0.288
16 24 31 1.112
41 6 12 0.098
39 10 15 -0.689
16 36 72 -0.918
22 32 137 -0.914
44 4 126 0.032
16 28 145 -0.437
37 13 7 -0.214
16 29 72 -0.492
12 34 140 -0.072
19 26 64 -0.013
25 28 99 -0.165
34 23 21 0.207
42 15 128 0.013
29 27 135 1.571
35 16 41 1.830
28 20 21 -0.307
31 27 133 -0.783
12 31 70 0.103
14 26 146 0.536
14 33 71 -0.251
29 20 21 -0.498
17 39 68 -1.048
11 37 70 -0.286
31 18 119 -0.827
34 26 60 2.891
21 30 75 0.288
33 19 41 1.792
25 31 26 -0.173
19 18 149 0.670
27 25 120 -0.788
28 21 61 1.031
35 13 84 -0.267
14 24 106 1.532
16 27 103 -1.144
23 33 78 -0.734
37 13 45 0.598
24 22 77 -0.184
40 18 17 -0.818
15 41 68 -0.766
13 34 148 -1.225
40 15 49 -0.711
35 13 120 -0.444
4 42 108 -0.985
9 43 105 -0.721
18 22 138 -0.084
16 23 148 1.738
35 12 80 0.455
26 30 62 0.855
17 29 140 -0.349
13 40 29 -0.939
10 38 32 -0.241
31 21 57 -0.831
15 34 66 1.564
42 11 91 0.710
41 15 129 -0.898
14 32 106 -0.360
37 4 131 -0.942
34 17 20 -0.287
34 20 93 -1.093
38 16 7 0.228
31 24 42 0.210
39 12 84 0.560
13 31 111 -1.043
39 13 17 -0.364
17 34 36 2.355
23 23 101 0.951
35 14 57 -1.083
31 24 21 0.662
41 12 123 -0.256
14 31 148 -0.865
11 34 32 -0.440
23 36 137 -1.098
31 21 41 1.060
32 23 42 1.847
23 33 114 -1.196
31 19 94 -1.182
15 36 142 -0.384
40 15 46 1.608
14 22 106 1.649
12 34 112 -0.936
38 15 86 -1.007
35 15 11 -0.703
32 15 9 -0.148
28 21 60 0.117
32 19 6 0.015
39 11 123 -0.969
35 14 117 0.059
31 17 40 0.090
15 28 33 0.979
31 21 42 0.473
21 26 113 -0.864
23 32 100 0.365
26 23 97 -1.182
15 39 0 -0.874
12 33 68 1.103
32 17 118 -0.149
13 40 70 0.143
21 26 2 0.239
39 10 56 0.577
15 27 144 1.088
12 30 69 -0.051
41 13 16 0.019
26 19 4 -0.557
19 28 63 -0.434
35 14 54 -0.951
30 17 42 -0.002
43 15 129 -0.187
15 31 66 -0.773
36 24 19 -0.475
17 24 110 -0.462
10 33 145 -0.611
25 32 99 -0.698
12 33 105 2.371
30 27 41 3.902
15 28 67 0.517
24 22 63 -0.711
40 6 131 -0.894
38 7 13 -0.311
22 25 1 1.591
38 6 12 1.112
16 21 1 -0.816
17 32 72 -1.095
22 28 38 -0.727
23 28 24 -0.190
11 35 32 0.049
35 6 118 0.594
30 24 115 -0.516
14 39 112 -0.870
15 25 103 4.891
41 11 86 -0.916
40 7 15 -0.415
16 29 68 0.206
27 20 44 -0.799
25 26 24 0.962
18 34 64 0.965
24 20 38 -0.340
41 11 50 0.806
33 22 134 -0.605
31 15 119 -0.583
33 18 91 -1.026
18 28 76 0.018
35 7 84 -0.895
24 19 2 0.070
40 20 55 -0.486
37 13 90 -0.705
19 21 73 0.549
30 20 41 0.404
38 9 18 -0.849
14 32 112 -0.784
29 22 41 0.513
19 24 113 0.569
18 33 137 -0.312
27 26 39 1.527
22 31 138 -0.959
42 5 46 -0.220
27 20 76 1.131
24 22 139 0.982
19 31 0 -0.462
22 29 25 0.183
34 15 56 -1.130
25 24 26 -0.489
36 14 127 -0.144
41 15 88 0.514
31 25 135 -0.526
31 9 119 -0.718
28 18 116 0.564
33 20 131 -0.988
41 14 53 0.007
23 27 39 -0.085
13 35 142 3.991
18 25 76 0.103
17 29 26 -1.253
24 27 78 -0.526
20 36 63 -0.410
23 24 25 0.794
13 39 72 0.942
18 23 76 0.109
22 25 63 -0.299
15 36 29 -0.079
13 34 149 -0.492
10 34 32 0.383
11 30 144 5.473
15 29 149 -0.397
16 30 75 -0.726
35 14 9 1.375
30 22 59 -0.744
31 11 118 0.324
14 31 70 -0.393
13 36 72 0.615
35 14 87 -0.108
30 25 98 0.590
29 31 98 -0.337
36 22 130 -1.074
28 27 59 -0.603
42 19 125 -0.269
12 40 71 -0.851
26 24 6 0.546
16 25 34 0.701
37 17 10 0.529
41 15 92 1.704
34 23 20 0.109
11 26 31 -0.548
20 20 73 -0.714
29 17 5 0.350
41 10 87 0.600
31 8 117 0.012
18 16 2 0.029
14 34 147 -0.070
29 16 118 -0.031
35 18 58 0.382
16 40 140 -0.045
7 32 65 -1.008
29 30 96 -0.811
28 24 77 -0.025
34 17 117 -0.235
24 15 97 -1.087
16 33 67 -0.731
25 21 3 0.534
26 19 76 1.073
18 33 100 -0.589
28 24 97 -0.652
14 32 66 -0.743
32 27 134 -0.886
36 14 9 0.411
41 13 11 -0.308
18 33 27 -0.166
15 24 72 -0.592
34 21 95 -0.401
31 15 115 0.683
34 24 133 -0.743
32 17 20 -0.723
18 28 1 -0.377
27 22 44 -0.467
17 19 110 0.742
31 18 22 0.589
27 32 134 -0.790
25 24 76 1.500
30 21 40 0.769
38 9 56 -0.208
9 42 109 -0.527
32 23 43 0.749
32 16 41 1.471
14 34 106 -0.782
27 20 40 1.974
37 17 17 0.366
21 37 100 -0.524
25 31 39 -0.961
41 16 88 -0.016
12 31 106 -0.469
41 8 90 -0.109
21 25 2 0.122
38 14 56 0.726
19 22 2 -0.308
19 25 113 0.321
19 22 3 0.965
25 31 79 -0.903
20 20 26 0.513
18 30 1 -0.516
16 37 148 -0.995
19 31 104 -0.132
33 27 22 0.004
40 6 126 -0.630
14 27 142 0.925
16 33 75 0.404
24 27 25 2.189
21 29 38 -0.747
31 23 98 -0.619
27 19 97 -0.815
13 38 105 -0.106
35 19 20 -0.155
17 30 38 -0.343
35 15 47 -0.620
19 14 149 0.265
30 13 79 -0.068
15 36 148 -1.240
24 31 62 -0.148
44 13 128 0.388
42 3 17 0.610
14 31 111 -0.749
22 17 138 0.891
30 14 40 1.778
14 34 112 -0.797
40 10 51 -0.112
24 22 149 -1.087
23 29 137 -0.743
16 31 104 0.038
41 21 88 -0.295
20 27 137 -0.268
30 14 116 1.032
33 20 43 0.638
31 24 118 0.415
14 37 145 0.621
19 27 76 0.391
36 18 93 -0.926
29 9 79 1.145
14 41 66 -0.179
12 31 32 -0.135
33 15 20 -0.000
19 24 76 -0.405
11 27 66 -0.939
20 22 1 0.717
13 30 70 1.409
15 32 113 -0.609
16 23 140 2.176
40 11 10 0.875
16 31 74 -0.157
33 25 95 0.330
39 12 15 -0.408
13 37 139 -1.166
40 10 49 0.332
18 33 102 -0.100
36 24 132 -0.849
11 28 35 -0.196
17 29 64 2.911
41 9 127 -0.515
29 26 100 1.596
17 33 72 -0.966
24 28 99 -0.986
42 11 129 -0.061
35 2 85 -1.189
14 39 142 -0.836
16 38 147 -1.126
13 33 139 -1.203
27 27 25 -1.176
12 28 65 -0.901
39 10 127 -0.462
9 34 108 0.501
39 11 85 0.299
12 39 65 -0.670
17 30 144 -0.713
32 18 10 -0.660
18 17 2 0.705
17 25 38 -0.082
27 29 115 -0.814
31 18 80 0.094
13 36 143 -0.081
32 13 8 -0.460
25 33 62 -0.445
10 40 107 -1.121
9 30 35 -0.181
7 33 107 -1.098
11 41 72 -0.409
39 4 123 -0.327
31 23 133 -1.128
36 24 130 -1.055
38 9 123 -0.663
41 17 130 -0.505
37 17 120 0.084
13 37 66 -0.688
40 10 121 -0.166
39 15 90 -0.940
12 36 142 0.921
18 22 141 0.656
28 17 80 -0.011
13 32 34 -0.547
38 15 57 -0.747
40 8 47 -0.121
13 34 105 1.034
41 14 91 -0.576
23 31 63 -1.066
20 26 1 1.847
40 7 14 -0.402
43 9 14 -0.493
43 10 53 0.376
13 34 141 -0.355
10 33 102 1.706
29 21 76 1.460
19 32 101 -0.268
19 21 2 0.980
38 7 46 -0.328
23 31 137 -1.108
31 14 81 0.200
22 20 112 2.454
37 8 127 -1.013
26 11 4 0.704
33 20 132 -1.029
33 17 42 0.708
23 19 27 -0.271
24 26 62 -0.595
22 34 24 0.127
32 22 97 0.197
19 27 65 0.507
18 32 1 0.089
25 19 99 -0.946
36 23 22 -1.320
21 29 138 -0.022
41 9 86 0.171
39 12 11 -0.623
15 25 74 0.543
18 21 73 2.329
28 22 41 0.426
11 36 146 0.060
37 12 15 -0.870
30 23 40 0.993
13 27 103 0.377
13 39 112 -0.897
32 24 21 0.761
32 18 42 0.036
37 8 129 -0.598
38 18 122 -0.374
23 21 149 -0.899
36 16 8 0.404
19 29 37 -0.609
34 17 83 -0.327
25 30 0 -0.858
39 15 83 0.472
35 16 45 0.044
13 31 105 0.918
33 10 44 -0.495
30 29 22 1.169
31 19 5 0.182
39 14 51 0.584
38 18 93 -1.151
37 24 95 -0.116
13 36 139 -1.227
25 24 5 0.394
38 14 122 0.247
14 34 32 4.318
38 15 8 0.810
20 29 28 -0.639
13 34 33 -0.480
19 32 140 0.198
13 34 106 -0.705
35 17 85 -1.130
28 21 135 -0.564
40 18 11 0.242
8 39 102 -1.074
31 23 118 0.167
41 9 88 -0.425
16 34 148 -0.002
34 13 8 0.424
35 17 43 0.460
26 12 44 -1.076
42 17 129 -0.843
33 15 42 0.972
18 19 110 0.636
29 35 60 -1.293
41 10 15 -0.729
35 7 119 1.340
22 28 26 -0.011
21 23 138 0.823
34 20 57 -0.661
19 25 68 0.711
36 22 19 -0.177
34 14 57 -0.495
12 41 112 -0.784
34 17 119 -0.649
37 18 87 -0.431
43 5 13 0.157
13 38 102 -0.602
13 39 105 0.449
36 11 89 -0.935
24 29 26 -0.192
28 14 117 -1.016
32 10 119 -0.508
42 12 46 1.080
31 20 96 -1.006
29 23 59 -0.327
29 22 59 -0.217
16 27 29 -1.185
38 14 18 -0.234
43 6 50 0.399
17 22 33 0.808
29 26 23 -0.528
19 40 138 -0.708
36 12 10 0.642
17 31 113 -0.726
19 20 1 0.036
34 10 7 0.780
18 34 101 -0.443
29 27 43 -0.242
30 19 118 0.555
38 7 85 -0.916
27 22 5 0.529
27 19 39 2.148
19 23 110 0.266
37 13 120 0.264
32 20 6 0.354
28 21 42 0.237
41 5 84 0.529
34 16 118 1.015
33 26 120 -0.465
19 20 110 0.614
39 8 52 -0.553
25 21 39 1.203
13 30 103 2.942
17 25 34 -0.078
41 7 124 -0.235
16 36 143 -0.777
27 16 4 0.336
32 11 53 -1.267
22 21 114 1.577
32 17 77 2.225
23 21 138 1.178
17 35 113 -0.890
39 1 12 -0.717
36 6 45 0.386
13 39 140 -1.028
10 34 66 -0.444
15 35 74 -0.942
24 20 76 2.135
11 23 107 -0.724
17 32 36 2.230
28 22 44 -0.617
23 34 114 -1.103
28 24 120 -0.755
33 28 120 -0.743
42 15 52 0.329
14 26 29 -0.791
14 39 148 1.091
15 37 148 1.178
26 26 99 -1.017
25 24 98 -0.388
14 35 34 -0.314
38 18 86 -0.934
15 37 112 -0.783
41 13 92 -0.504
21 21 112 3.127
36 16 133 0.067
34 22 95 0.302
27 28 42 -0.435
19 36 73 -0.579
29 18 115 -0.161
25 30 24 -0.608
29 17 39 1.872
29 22 23 -0.497
18 31 1 -0.257
26 23 100 -0.431
19 31 137 0.568
38 5 12 0.667
34 16 93 -1.124
28 24 60 -0.357
13 34 109 -0.613
32 17 81 0.094
39 10 16 -1.067
15 33 71 -0.417
39 13 11 -0.658
39 7 11 -0.270
30 19 41 1.155
31 28 134 -0.987
12 34 72 0.637
39 15 51 0.363
21 25 28 -0.873
10 42 105 -0.850
42 6 12 -0.780
18 30 27 -0.450
38 18 132 -0.755
13 34 67 0.138
31 18 116 0.566
38 10 45 0.620
15 38 140 0.118
19 23 31 -0.342
20 32 148 -0.643
42 5 17 0.603
37 10 46 -0.129
13 24 107 0.769
40 5 13 -0.358
24 25 135 -0.585
35 23 57 -0.100
22 28 2 -0.719
11 36 30 0.317
35 9 84 0.397
12 30 147 -0.443
30 30 22 1.156
42 13 128 -0.317
18 33 37 -1.187
15 28 75 0.233
42 17 128 -0.512
14 26 36 3.059
40 7 89 -0.423
24 12 0 2.067
15 35 140 0.208
30 21 98 1.656
21 18 31 -0.228
41 17 18 -0.293
21 19 63 0.136
30 27 21 -0.879
34 20 7 0.236
16 30 142 1.763
15 33 70 0.136
38 8 15 -0.129
23 22 28 -0.518
17 26 28 0.493
13 40 102 -0.782
17 33 37 -0.894
18 27 100 -0.558
21 16 75 -0.421
18 32 26 -1.133
26 21 76 0.781
18 16 73 1.429
31 16 120 -1.081
20 22 3 1.228
13 20 34 0.509
37 21 83 -0.920
14 25 144 1.035
13 28 29 -0.840
25 24 3 0.313
34 7 121 -1.008
39 11 16 -0.952
41 12 90 -0.120
14 31 67 0.121
14 32 143 -0.865
26 15 38 1.237
42 14 125 -0.043
16 28 37 3.221
9 39 105 -0.687
33 19 95 -0.935
39 13 131 -0.504
30 21 95 -0.486
16 25 110 -0.032
17 31 144 3.192
23 25 135 -0.683
5 48 108 -0.912
44 6 15 -0.699
38 14 48 -0.196
35 9 126 -1.000
35 15 93 -0.935
32 14 44 0.422
26 21 59 -0.015
22 25 39 -0.317
38 13 18 -0.589
42 8 14 -0.400
40 13 45 1.131
35 20 95 -0.269
33 21 19 -0.180
26 31 23 -0.808
20 26 3 1.072
27 21 97 -1.116
24 21 25 0.110
15 26 33 1.027
28 28 136 0.123
17 27 65 1.164
43 9 88 0.758
42 13 49 -0.817
11 40 30 1.062
16 25 27 -0.556
14 29 144 3.591
10 29 72 -0.365
34 22 6 0.370
15 32 72 -0.503
11 35 143 2.597
21 30 101 1.612
41 13 47 -0.030
24 24 61 0.206
42 10 17 -0.424
42 20 130 -0.269
20 29 65 0.467
32 7 123 -0.864
28 28 135 0.197
13 28 68 1.506
16 28 142 2.230
12 26 106 0.461
14 23 145 -0.895
35 19 80 0.058
32 27 58 -0.535
9 35 108 0.267
30 12 79 0.093
37 17 96 -0.646
16 27 27 -0.582
26 30 39 -0.855
29 20 22 0.816
25 19 38 0.838
12 40 68 1.275
16 33 38 -1.265
16 22 73 0.768
28 24 41 -0.149
37 19 95 -0.712
31 18 40 0.173
40 12 16 -0.629
29 20 43 0.710
17 20 73 0.521
27 10 45 -0.473
14 27 103 5.295
41 10 129 -0.860
33 23 133 -0.008
29 28 116 -0.818
13 33 33 -0.800
25 32 23 -0.226
27 20 116 1.332
34 8 8 0.902
16 35 104 -0.776
29 27 59 -0.885
10 30 65 -0.451
35 20 132 -0.925
27 20 39 1.752
11 29 102 2.095
39 8 125 -1.088
40 5 14 -0.520
35 20 81 0.714
20 20 3 -0.874
29 26 21 -0.814
27 25 114 1.587
31 9 45 -0.870
14 35 112 -0.681
23 29 25 1.211
39 20 94 -1.064
16 36 68 1.065
13 39 29 -0.767
13 35 70 0.796
13 37 36 1.186
17 29 28 -0.752
18 29 31 -0.028
36 20 18 -0.628
35 10 47 0.079
34 18 96 0.206
36 24 95 0.525
37 13 56 -0.660
39 8 91 -0.248
28 28 77 0.458
23 25 26 -0.224
20 23 3 1.165
13 27 71 1.335
25 31 62 0.382
30 20 43 0.176
15 33 32 -0.175
18 32 65 -0.097
38 15 121 -0.498
26 22 137 0.487
41 11 129 -0.210
25 22 59 -0.078
38 16 57 0.542
43 10 13 -0.127
14 24 107 0.658
36 19 94 -0.487
26 27 24 -0.010
14 29 111 -0.148
17 36 0 -1.251
11 33 109 -0.771
16 23 34 1.198
36 18 92 -1.126
15 36 149 -0.968
25 22 61 1.068
37 5 123 -0.276
14 38 32 -0.635
17 33 65 2.029
18 25 38 0.364
30 21 117 -0.612
37 14 45 0.610
31 12 7 -0.379
26 23 62 -0.476
15 27 103 -1.186
18 42 137 -1.161
29 28 134 -1.168
33 13 119 -0.627
43 10 129 -0.139
24 24 139 1.110
29 25 59 -0.275
8 38 109 -1.021
23 28 100 0.734
22 27 37 -0.614
33 17 43 0.318
31 24 94 -1.200
22 20 3 -0.129
17 28 104 0.824
22 34 100 0.171
29 19 39 1.593
37 16 94 -1.243
43 11 129 0.370
12 25 33 0.096
12 41 102 -0.725
36 23 7 0.583
24 23 3 0.310
34 24 6 1.641
17 29 72 -0.206
42 4 12 -0.553
39 14 9 0.462
36 17 49 -0.677
24 24 149 -1.058
18 20 27 -0.974
24 30 77 -0.709
35 23 58 0.223
16 23 145 -0.876
19 28 0 -0.128
35 16 83 -0.322
12 36 107 -1.143
15 36 72 -1.052
13 41 143 -0.020
29 16 115 1.895
36 9 85 -0.615
20 27 28 0.127
37 9 121 -0.124
35 12 43 0.744
12 32 33 0.809
37 13 129 -0.934
42 8 11 0.105
22 24 38 0.732
27 26 42 -0.267
34 14 96 0.203
17 26 69 0.619
36 14 82 -0.037
40 10 55 0.693
28 18 42 0.209
40 13 123 -0.389
42 15 10 0.530
28 20 76 1.288
27 30 79 -0.923
12 33 36 -0.252
16 37 143 -0.666
19 18 1 0.315
17 22 28 -0.262
33 21 43 0.225
19 30 1 -1.164
31 24 60 3.141
44 12 51 0.160
22 34 25 0.790
11 41 139 -1.136
41 9 83 0.538
32 12 45 -0.521
37 11 18 -0.345
31 19 120 -0.806
19 26 63 -0.619
39 11 13 -0.401
41 7 16 -0.524
38 14 86 0.250
24 20 114 2.206
12 36 30 0.422
32 19 42 0.363
36 13 10 0.073
18 22 27 -1.061
14 35 33 0.937
16 33 113 -1.009
19 38 63 -0.326
18 19 31 0.582
31 20 119 -0.634
16 35 109 -1.173
31 16 22 0.186
29 24 115 -0.661
31 12 118 0.397
31 27 22 2.427
27 31 60 -1.120
44 6 52 0.115
41 20 88 -0.236
40 7 87 -1.218
14 33 111 -0.169
19 22 34 -0.265
35 15 49 -0.695
25 29 23 2.225
12 32 103 4.130
29 31 96 -0.933
17 30 143 -0.318
41 15 11 0.640
27 24 135 0.368
39 10 85 -0.051
38 8 11 -0.219
18 27 28 0.103
18 24 112 1.158
28 29 135 -0.234
11 37 71 -1.206
19 26 75 1.904
28 30 40 -0.486
28 29 60 -0.786
13 22 29 -0.937
44 7 126 -0.069
33 17 119 0.545
23 21 112 0.801
27 29 41 -0.283
39 15 11 -0.462
36 21 7 0.506
18 33 33 -0.937
33 19 19 -0.868
29 26 22 -0.465
16 24 73 -0.226
42 8 91 0.607
20 37 62 -1.244
21 24 1 0.934
37 7 18 -0.684
25 19 97 -1.195
38 4 85 -1.237
38 15 80 0.466
43 15 49 -0.459
23 36 23 -1.076
17 28 141 0.747
27 24 114 1.078
21 28 28 0.080
41 11 85 0.678
35 13 83 -0.198
15 39 140 0.020
41 10 92 1.391
42 10 18 -0.612
13 26 107 0.268
32 27 98 -0.914
24 35 77 -0.194
31 14 5 -0.034
38 24 132 0.080
14 25 106 1.715
16 28 75 0.508
42 11 51 -0.493
37 2 131 -0.944
41 2 12 -0.482
41 9 13 -0.155
23 30 78 0.149
7 30 108 -0.703
43 14 128 0.028
12 28 107 -0.228
16 37 75 -0.852
31 13 120 -0.820
42 14 88 0.281
27 18 61 1.920
40 13 14 -0.181
14 39 32 -0.858
38 6 131 -0.993
16 26 1 -0.545
16 36 147 -1.077
13 33 35 1.289
11 34 67 0.278
19 31 112 -0.577
23 24 24 1.033
42 9 49 -0.894
36 19 83 -0.260
38 14 89 -0.122
40 7 16 -0.779
43 7 14 -0.307
37 9 8 1.576
26 25 78 -0.072
25 21 116 0.104
37 3 13 -0.890
25 14 38 0.565
34 20 81 0.369
18 27 148 0.183
31 25 41 1.473
28 23 76 1.392
34 16 19 -0.113
34 18 41 1.890
15 19 73 0.106
13 26 70 -0.399
32 25 58 0.046
37 15 48 -0.655
19 32 149 -0.952
38 10 90 -0.335
35 17 95 0.394
33 22 95 -0.030
36 9 10 1.426
36 10 10 0.871
20 25 138 1.841
11 38 147 -0.905
13 33 30 1.958
20 33 64 -0.575
12 32 147 -0.318
34 16 43 1.044
16 38 72 -1.051
31 14 120 -0.817
29 12 118 -0.300
43 13 91 0.130
14 29 68 -0.581
39 11 125 -1.007
40 12 53 -0.214
18 36 37 -1.333
35 16 47 -0.675
28 24 76 1.260
27 12 115 1.282
20 24 25 0.438
30 24 136 1.675
37 21 19 0.839
6 37 108 -0.214
24 38 114 -1.020
33 14 56 -1.154
40 15 129 -0.625
25 21 5 0.011
29 22 80 0.068
43 9 125 -0.312
22 30 24 0.099
35 11 119 0.602
27 30 59 -0.684
45 8 17 -0.616
11 39 66 3.244
40 12 125 -0.269
5 32 30 -1.175
23 25 78 0.211
30 14 118 0.456
32 21 40 -0.250
30 25 94 -1.155
27 19 98 -0.307
40 9 124 -0.399
13 23 69 1.909
35 8 7 0.085
31 14 96 -1.103
25 28 136 -1.137
31 23 43 -0.244
29 26 98 -0.871
39 8 15 -0.512
21 31 78 -1.106
16 35 67 -0.886
31 18 81 -0.352
36 11 83 -0.124
35 19 55 -0.011
13 28 33 0.685
30 27 22 0.628
37 4 18 -0.827
39 11 130 -0.367
39 9 14 0.424
21 19 139 2.143
39 12 124 -0.262
28 22 77 0.669
34 12 54 -1.041
18 27 113 -0.539
16 32 140 0.422
12 31 71 0.364
29 16 58 -0.255
38 12 87 -0.519
26 25 136 -1.143
25 28 39 -1.223
19 21 34 -0.094
28 20 23 0.042
39 9 16 -0.849
44 9 15 -0.577
33 5 85 -0.666
34 18 42 1.061
29 24 60 1.768
28 12 82 -1.009
31 24 97 1.256
36 8 85 -1.123
40 6 12 0.453
16 29 74 1.417
42 12 49 -0.338
32 26 58 -0.135
12 38 143 0.403
16 33 112 -0.667
29 28 59 -0.944
28 25 136 1.119
33 22 58 -0.396
30 28 96 -0.756
42 4 15 -0.318
42 15 91 0.239
11 37 32 -0.097
23 20 3 -0.065
26 19 78 -0.926
41 4 11 -0.207
18 22 147 2.246
40 9 85 0.778
35 20 80 0.894
37 9 119 -0.425
25 26 4 -0.926
13 29 107 -1.066
38 21 120 0.029
12 38 145 -0.066
19 35 113 -0.426
39 17 88 -0.308
13 30 148 -1.050
29 25 23 -0.425
13 31 143 -0.909
41 12 51 -0.251
25 24 59 -0.324
43 16 128 -0.503
24 16 4 -0.064
40 14 92 -0.920
19 20 2 -0.378
40 13 83 0.577
20 27 26 -0.552
39 13 54 -0.307
39 15 91 -0.279
16 33 27 -1.059
28 23 23 -0.295
34 15 53 -1.172
42 10 54 -0.592
32 18 44 0.307
10 29 70 2.463
17 31 36 1.950
