29 26 60 2.964
31 16 40 -0.679
13 30 71 -0.305
12 37 32 -0.246
29 14 97 -0.767
27 29 26 -0.869
16 23 33 1.370
31 23 134 0.232
21 30 77 -0.079
31 6 79 2.171
18 34 64 0.965
35 17 134 0.672
33 17 96 0.250
38 3 131 -0.850
16 24 110 -0.070
15 36 103 1.369
37 15 18 -1.071
33 14 10 0.638
37 11 48 0.114
17 31 111 -0.795
14 37 72 -0.927
13 31 68 -0.690
24 21 62 -0.596
13 37 29 -0.376
28 15 117 -0.387
31 16 96 -1.005
33 10 119 -0.299
20 27 5 -0.279
37 20 121 -0.413
24 22 136 -0.918
26 10 44 -1.067
29 23 39 0.645
12 30 144 -1.187
15 32 148 -1.018
13 24 74 2.933
21 31 64 -0.098
25 11 116 -0.340
35 22 80 0.843
16 32 69 -0.117
38 11 53 -0.813
24 34 77 0.059
40 8 46 -0.343
12 36 143 -0.841
19 28 112 0.313
20 20 2 0.030
10 40 145 -0.923
26 12 44 -1.076
36 14 45 0.499
42 5 46 -0.220
14 22 73 -0.780
40 8 14 -0.545
39 16 126 -0.036
38 13 10 0.595
14 42 147 -0.697
29 12 118 -0.300
8 40 108 0.633
23 27 100 0.149
29 20 21 -0.498
42 20 125 -0.120
35 22 95 -0.691
36 16 56 -0.726
15 22 34 0.813
15 36 106 -0.244
13 35 109 -0.788
30 28 94 -1.220
39 10 91 -0.924
38 8 129 -0.682
26 19 4 -0.557
36 9 10 1.426
9 37 147 -1.131
42 5 13 -0.269
39 5 12 0.336
39 12 129 -0.378
10 37 110 -1.205
16 28 32 -0.005
24 38 114 -1.020
24 27 27 -1.115
20 29 5 -0.378
40 13 129 -0.679
19 23 28 0.436
16 38 72 -1.051
43 9 15 -0.345
37 20 91 -0.590
28 28 115 -1.036
43 11 129 0.370
10 21 67 -0.257
17 34 141 -0.631
11 36 146 0.060
11 39 106 0.298
41 11 54 -0.676
40 8 16 -0.379
42 15 52 0.329
10 33 110 -1.193
26 25 61 0.048
34 9 45 1.304
15 31 71 0.207
34 19 7 0.409
15 33 66 -0.762
32 18 81 -0.208
41 18 91 -0.287
39 12 93 -0.900
35 10 46 -0.020
25 21 116 0.104
40 14 87 0.610
41 13 16 0.019
30 12 115 -0.123
36 4 8 0.932
41 3 16 -0.780
11 31 102 0.737
17 35 69 -0.502
34 24 132 -0.853
13 29 105 1.724
11 33 29 -0.869
13 30 35 2.695
39 9 14 0.424
13 37 71 -0.930
36 10 121 -0.170
17 31 26 -1.216
10 41 72 -1.073
32 20 81 -0.147
37 11 123 -0.922
40 20 88 -0.179
23 34 24 -0.287
17 29 65 1.738
36 23 19 -0.327
38 11 15 -0.334
34 20 82 -0.747
35 21 19 -0.338
13 33 102 1.792
17 25 144 -1.073
15 28 33 0.979
26 24 39 0.179
33 18 21 -0.277
43 9 51 -0.694
25 23 39 1.562
13 31 141 -0.442
38 8 14 -0.874
16 34 72 -0.807
26 19 76 1.073
31 8 117 0.012
33 10 20 -0.602
15 34 69 0.086
29 21 76 1.460
18 20 34 -0.133
19 21 113 1.287
18 28 74 0.340
23 25 28 -0.466
43 10 126 0.384
14 34 66 -0.117
39 15 55 -0.884
18 28 0 -0.479
39 14 123 -0.297
41 10 48 -1.067
38 14 8 -0.107
32 19 79 1.705
36 9 118 1.114
35 17 82 -0.261
21 17 68 0.507
24 18 137 -0.013
15 35 137 -0.579
11 25 33 0.922
22 20 0 1.508
14 43 111 -1.162
30 27 41 3.902
30 27 94 -1.258
38 14 92 -0.509
42 12 51 -0.286
14 28 74 1.384
22 29 99 -1.147
22 27 37 -0.614
41 17 128 -0.528
45 17 51 0.129
32 14 9 -0.165
33 22 80 0.084
11 37 72 0.039
32 14 5 0.008
28 29 21 -1.057
9 38 35 -0.957
38 12 18 -0.620
19 29 38 0.362
16 37 100 -1.178
41 9 16 0.003
37 6 127 -1.061
14 30 103 -1.166
12 42 112 -1.007
31 28 134 -0.987
32 23 42 1.847
38 13 89 -0.445
36 16 20 -0.581
30 22 98 1.621
31 25 97 1.067
13 38 139 -1.282
34 7 45 0.989
35 16 45 0.044
12 33 30 0.049
14 28 31 0.218
23 12 1 1.211
42 11 88 -0.061
18 34 101 -0.443
26 30 63 -0.379
41 10 84 0.583
20 32 101 -0.186
23 27 39 -0.085
17 28 140 3.079
20 32 64 0.216
16 28 145 -0.437
32 10 119 -0.508
17 27 111 -0.710
17 34 36 2.355
37 20 122 -0.752
22 32 138 -0.353
24 25 0 -0.996
23 28 39 -0.034
17 33 65 2.029
29 23 115 -0.429
16 30 37 -0.612
14 36 67 0.160
39 10 124 -0.302
41 15 49 -0.963
26 20 98 0.032
44 9 126 -0.134
22 35 115 -0.814
37 9 127 -0.978
39 13 45 0.917
11 29 109 -0.555
39 16 128 -0.639
26 25 78 -0.072
37 12 90 -0.851
40 8 126 -0.803
37 17 20 -0.373
36 10 7 -0.503
38 11 48 -0.493
15 25 73 0.323
17 27 144 0.478
17 36 138 1.231
23 30 25 0.818
38 15 57 -0.747
13 29 34 -0.625
29 23 22 -0.880
35 9 126 -1.000
12 37 112 -0.719
26 20 5 0.886
19 26 111 -0.907
43 1 12 -0.819
37 15 17 -0.239
22 17 0 2.333
40 17 53 -0.158
28 30 40 -0.486
19 27 74 -0.271
11 34 70 3.155
40 11 49 -0.009
42 15 49 0.207
17 26 73 2.212
16 25 1 -1.026
22 33 138 -0.443
19 30 111 -1.056
21 18 31 -0.228
21 29 64 -0.203
18 29 101 -0.095
30 24 98 0.380
23 26 5 -0.381
32 18 134 0.896
13 31 109 -0.415
38 7 86 0.365
24 16 1 2.311
10 29 67 -0.365
35 22 57 -0.356
36 21 95 0.146
28 11 82 -1.146
20 27 111 -0.970
13 34 30 0.542
37 8 127 -1.013
45 6 16 0.414
34 12 117 0.953
22 32 25 1.023
14 20 73 0.007
29 21 21 -0.857
39 7 14 0.911
41 13 90 -0.190
34 15 10 -0.329
23 37 114 -0.975
17 22 73 0.532
38 16 47 -0.443
34 20 10 -0.963
41 13 129 -0.942
14 39 105 -0.314
20 20 73 -0.714
25 23 116 -0.161
18 36 37 -1.333
29 13 117 -0.786
43 11 46 1.463
36 7 85 -0.944
37 17 7 0.239
38 17 122 -0.008
23 30 62 -0.709
12 34 106 -0.465
18 25 65 2.354
26 32 23 -0.759
29 26 98 -0.871
35 22 7 0.751
23 21 138 1.178
11 27 35 -0.301
16 31 142 3.731
39 14 91 -0.439
14 24 69 0.934
17 24 37 0.715
30 21 98 1.656
13 32 35 1.529
13 38 105 -0.106
14 36 33 -0.731
42 5 12 -1.077
21 35 64 0.556
17 29 28 -0.752
26 20 78 -0.496
41 6 16 -0.196
36 7 7 0.172
26 20 76 1.262
12 32 109 0.279
31 24 134 -1.060
11 32 142 -0.742
38 9 45 0.233
12 34 68 0.588
16 23 1 -1.140
26 29 136 -1.134
31 19 40 0.271
33 24 95 0.220
24 27 26 -0.266
20 23 2 0.398
28 26 21 -0.824
13 38 145 -0.453
13 34 68 0.360
38 16 55 -0.562
21 18 75 -0.243
33 20 6 0.701
34 10 7 0.780
20 20 26 0.513
16 24 140 3.675
15 28 112 -0.616
45 6 15 -0.770
35 9 85 -1.097
42 18 91 -0.694
26 30 23 -0.604
13 31 143 -0.909
36 7 18 -1.060
31 18 5 -0.098
12 31 32 -0.135
24 29 135 -0.528
25 22 79 0.704
40 15 11 0.563
11 21 105 3.952
37 6 13 -0.964
17 28 29 -1.177
13 40 142 -1.071
15 23 103 2.330
40 11 48 0.733
18 25 76 0.103
15 31 36 1.003
42 11 50 1.161
16 31 36 1.749
28 20 42 0.198
15 31 146 1.187
42 14 52 0.508
36 18 83 -0.480
14 26 145 -0.234
30 8 117 0.189
13 33 70 1.420
12 34 35 -0.431
28 16 97 -0.747
17 36 0 -1.251
14 31 67 0.121
37 10 124 -0.513
16 23 141 0.561
8 32 146 -0.994
20 17 138 2.628
36 20 20 0.047
21 33 26 -0.794
40 13 125 -1.103
34 15 118 0.605
39 19 93 -1.123
27 29 25 -1.075
38 10 15 -0.480
24 20 76 2.135
25 34 99 -0.613
39 13 92 -0.972
19 34 64 -0.222
16 25 141 1.460
43 10 13 -0.127
31 12 115 0.826
43 6 88 0.913
37 21 83 -0.920
29 28 115 -1.062
19 24 113 0.569
41 16 128 -0.353
15 36 140 0.928
43 4 88 0.195
39 10 85 -0.051
29 21 26 0.727
37 23 120 -0.167
14 36 110 -1.084
12 37 107 -0.865
20 22 74 -0.532
39 9 125 -0.713
37 17 81 0.444
16 22 70 -0.047
39 14 131 -0.502
20 35 26 -0.853
16 32 104 -0.781
13 38 147 0.074
38 15 56 0.732
24 29 99 -1.031
36 14 54 -0.989
15 28 74 -0.143
16 19 31 -0.183
17 30 74 -1.080
17 29 141 -0.325
33 14 47 -0.597
21 28 79 -1.102
41 13 123 -0.378
43 10 15 -0.387
37 16 54 -0.904
18 35 140 -0.028
39 3 123 -0.982
24 24 99 -0.831
40 11 15 -0.684
37 10 130 -0.266
42 9 127 -0.032
19 37 63 -0.176
37 13 87 -0.436
42 16 88 0.306
12 29 34 -1.051
13 25 107 0.774
24 27 78 -0.526
31 20 58 -0.933
41 18 129 -0.861
13 30 31 0.536
43 15 49 -0.459
38 20 84 -0.092
38 7 123 -0.646
22 22 113 1.616
25 34 62 -0.929
16 39 113 -1.128
25 15 4 -0.210
22 32 137 -0.914
39 17 121 -0.170
36 14 81 0.625
39 14 89 0.298
18 25 37 1.223
28 32 59 -1.064
34 8 45 1.683
17 26 75 1.498
16 27 27 -0.582
0 49 108 -0.822
13 29 36 3.793
15 28 103 0.715
35 10 80 0.491
27 23 77 0.646
16 34 143 -0.629
26 23 137 -0.260
37 24 95 -0.116
39 16 85 -0.885
24 9 78 -0.896
38 11 9 0.398
30 20 115 0.128
16 21 33 0.570
18 29 76 -0.530
12 29 67 -0.477
12 38 145 -0.066
31 25 95 0.675
31 19 94 -1.182
39 12 91 -0.164
36 9 87 0.045
18 15 2 0.799
39 5 121 -0.938
34 4 82 0.782
26 22 98 0.223
9 31 108 -0.766
41 12 18 0.042
14 23 69 1.382
33 10 9 -0.464
27 16 4 0.336
19 19 110 1.231
15 35 68 -0.514
9 42 109 -0.527
10 42 71 -1.119
21 28 101 -0.321
27 24 44 -0.678
41 11 92 -0.610
18 27 31 0.085
29 27 60 2.533
14 37 68 1.170
16 22 28 1.090
9 41 107 -1.104
32 20 116 0.067
39 17 92 -0.943
36 23 120 0.071
12 30 147 -0.443
18 25 69 0.698
26 16 4 -0.264
36 14 6 -0.563
36 18 57 -0.133
15 33 142 4.112
41 12 127 -0.397
15 33 105 0.431
40 6 12 0.453
14 34 104 -0.941
33 18 20 0.072
31 24 44 -0.319
21 23 27 0.057
6 32 108 -0.747
10 33 33 -0.749
31 15 5 0.395
36 11 119 0.373
37 20 95 -0.094
10 34 65 -0.590
35 17 57 -0.154
34 0 82 0.106
35 7 47 -1.055
16 27 72 -0.217
16 24 65 2.135
20 18 139 2.238
12 38 70 1.023
23 37 77 0.231
41 9 14 -0.726
38 13 17 -0.310
37 7 9 0.927
28 21 39 1.587
13 31 67 -0.339
37 17 96 -0.646
16 30 141 -0.243
37 14 83 0.400
26 30 77 0.666
16 27 142 3.899
40 7 92 -0.268
22 34 138 -0.818
20 24 0 0.190
39 12 10 0.879
22 15 1 -0.172
34 26 95 0.487
37 10 12 -0.008
37 2 131 -0.944
40 10 13 0.149
29 32 135 -0.300
22 32 100 -0.660
40 14 18 -0.398
30 20 117 0.010
11 28 143 0.805
37 12 120 -0.318
13 42 102 -0.640
37 10 85 -0.080
14 34 148 1.004
42 6 17 -0.689
38 18 93 -1.151
42 10 128 0.038
13 30 110 -1.012
36 11 47 -1.000
21 32 26 -0.503
40 15 122 0.081
38 13 129 -0.366
38 3 84 -0.592
27 15 61 2.025
42 11 51 -0.493
44 15 129 -0.261
41 15 52 -0.676
29 25 23 -0.425
36 15 45 0.615
28 21 61 1.031
35 16 93 -1.176
35 22 58 0.228
32 8 123 -0.895
36 19 94 -0.487
12 37 68 0.087
8 35 102 -0.393
42 8 11 0.105
13 29 67 0.035
40 11 54 -0.680
24 28 27 -0.810
28 18 78 0.742
19 28 33 -1.072
14 36 112 -0.845
27 27 62 0.683
26 24 44 -0.652
12 30 106 1.253
15 38 0 -0.914
30 15 21 1.225
27 18 5 1.213
16 27 37 2.085
42 9 46 0.007
27 20 76 1.131
39 12 87 -0.627
13 20 31 0.257
34 8 8 0.902
28 24 21 -1.094
42 13 54 -0.630
16 35 72 -0.468
18 25 28 0.040
30 19 118 0.555
13 24 146 2.535
30 21 21 0.860
23 24 76 1.032
23 31 0 -0.959
23 25 1 1.678
24 23 3 0.310
11 21 107 -0.191
41 9 129 -0.577
29 25 136 0.779
22 21 27 0.640
29 15 21 2.168
28 27 79 0.488
27 21 24 2.377
11 34 106 -0.760
27 16 82 -0.932
37 18 43 0.592
36 23 94 -0.417
36 16 83 -0.629
10 30 35 -0.693
32 22 116 -0.490
25 26 100 0.444
39 15 85 -0.113
6 35 108 -1.042
10 36 146 -1.082
34 21 80 0.818
22 24 4 -1.047
37 13 13 -0.771
33 14 115 1.710
29 27 39 -0.655
23 29 62 0.024
19 35 101 0.346
18 19 63 -0.564
26 28 24 0.557
16 36 140 0.489
40 10 121 -0.166
38 9 51 0.103
17 25 38 -0.082
12 28 65 -0.901
18 39 140 -1.033
29 27 23 -0.581
40 11 129 -0.659
37 3 85 -1.083
40 13 49 -0.335
32 23 59 -0.052
22 21 3 -0.051
12 30 68 -1.127
13 28 71 0.367
11 35 71 -0.843
40 3 15 -0.117
13 39 147 -0.470
33 17 43 0.318
16 39 69 -0.700
21 16 2 1.602
9 45 102 -1.142
19 30 113 -0.774
40 13 11 -0.600
35 19 6 0.278
12 30 102 1.168
34 26 60 2.891
12 30 107 -0.166
17 30 105 0.836
12 27 35 1.692
35 8 48 -0.065
21 23 138 0.823
26 21 78 0.097
41 15 128 -0.320
26 29 77 0.582
41 8 51 -0.074
32 13 117 -0.825
15 32 75 0.356
41 11 124 -0.290
23 30 39 -0.235
38 11 43 0.120
35 18 121 -0.222
10 32 143 1.652
37 22 6 1.752
38 18 131 -1.043
14 33 75 -0.770
15 28 142 3.965
37 9 123 -1.007
36 22 18 -0.736
19 28 38 0.099
34 10 119 -0.427
35 11 126 -0.849
35 15 95 0.202
30 25 98 0.590
14 30 149 -1.143
14 24 70 -0.070
41 14 130 -0.950
39 10 45 0.266
42 7 9 0.850
25 31 24 -0.768
26 26 136 -1.142
25 27 114 -0.055
32 15 79 2.161
37 5 127 -1.181
39 0 12 -0.875
28 17 42 0.627
36 10 12 0.002
19 23 64 -0.840
33 21 96 -0.480
36 12 82 -0.504
15 24 149 -0.036
39 16 10 0.683
15 32 140 1.523
40 6 126 -0.630
28 29 136 1.087
36 21 18 -0.215
15 32 36 2.410
35 8 127 -0.934
29 12 115 2.252
40 13 128 -0.241
9 41 35 -1.109
36 18 20 -0.940
20 30 139 0.815
45 3 88 -0.570
41 15 54 -0.697
17 29 74 -1.125
33 8 123 -0.968
39 4 15 -0.725
26 30 135 -0.990
12 38 33 -0.818
13 37 66 -0.688
11 26 66 1.254
13 30 70 1.409
18 25 147 1.185
34 16 56 -1.061
37 21 133 1.186
19 20 31 0.414
26 20 116 1.641
37 14 45 0.610
16 34 66 -0.487
32 23 6 -0.380
18 34 149 -0.981
36 19 19 -0.537
14 32 143 -0.865
34 14 8 0.139
38 12 83 0.223
20 30 38 -0.399
17 30 70 -1.111
17 30 27 -1.039
34 14 6 0.397
16 35 109 -1.173
38 6 50 1.066
20 33 64 -0.575
27 25 116 0.755
38 21 84 -0.432
37 18 17 0.282
37 8 14 0.447
39 9 47 -1.093
16 31 113 -0.965
16 25 143 0.355
31 12 4 0.428
38 15 54 -0.329
36 18 56 -0.104
40 12 131 -0.411
13 33 34 -0.771
12 30 67 -1.012
31 18 135 1.433
43 8 15 -0.698
36 11 15 -0.851
12 36 71 -0.972
36 15 83 -0.467
15 29 141 -0.128
26 26 60 -1.166
13 35 30 -0.239
35 16 122 -0.296
39 6 16 -0.675
36 11 9 1.058
31 15 120 -0.546
17 36 36 2.302
32 19 5 0.247
38 16 56 0.540
35 21 20 -0.309
24 33 77 0.114
15 34 34 -0.331
31 22 120 -0.788
35 13 47 -0.480
38 9 123 -0.663
15 36 29 -0.079
27 31 24 -0.945
7 28 108 -0.891
13 30 148 -1.050
31 20 21 0.442
43 13 91 0.130
23 25 63 -0.149
15 33 69 -0.803
39 10 89 0.518
18 30 28 -0.284
26 25 39 0.685
14 34 103 0.674
8 38 35 -1.134
32 17 118 -0.149
41 9 15 -0.646
39 14 86 0.165
13 36 102 0.296
22 37 99 -0.766
14 26 142 1.119
40 6 124 -0.374
32 21 98 -1.078
18 20 27 -0.974
19 32 1 -1.141
35 13 84 -0.267
11 39 30 1.603
18 29 27 -0.563
11 41 109 -1.130
16 35 106 -0.407
24 26 99 -0.881
27 15 4 0.066
31 17 116 0.331
36 21 19 -0.128
13 35 65 -0.543
18 30 38 0.884
21 36 64 -0.883
16 26 34 -0.341
19 17 31 0.306
18 16 34 0.565
29 22 135 -0.070
12 34 72 0.637
35 21 7 0.132
38 16 91 -0.573
30 28 60 2.406
40 14 50 1.366
44 7 16 0.951
30 11 79 -0.543
19 25 31 -0.510
41 14 124 -1.021
13 23 74 -0.157
20 23 31 0.010
35 13 82 -0.474
15 26 71 0.494
20 31 101 0.009
31 12 7 -0.379
14 30 66 -0.804
8 36 109 -0.002
29 19 42 -0.772
15 30 68 0.369
29 23 136 -0.343
37 12 13 -0.936
14 40 29 -0.704
14 33 34 -0.340
23 32 100 0.365
22 23 101 -0.521
17 28 103 -1.115
31 19 58 -0.243
18 21 33 1.145
20 27 65 -0.489
39 7 123 -0.653
37 20 130 -1.054
25 24 135 -0.557
39 11 53 -0.451
37 11 84 -0.735
23 35 137 -1.093
14 33 74 -0.369
27 26 77 0.050
11 34 145 -0.243
15 30 36 1.189
29 21 41 0.388
14 37 111 -1.119
24 17 5 0.523
27 22 41 0.130
28 28 136 0.123
16 33 109 -1.087
10 29 108 -0.699
33 14 5 0.052
12 33 68 1.103
40 14 13 -0.124
32 22 95 -0.047
41 10 124 -0.289
30 22 134 0.992
37 7 131 -1.093
26 31 60 -0.917
35 19 94 -0.861
37 14 121 -0.468
25 24 60 -0.281
29 16 40 1.548
36 17 83 -0.151
15 29 103 2.926
42 14 88 0.281
41 7 90 -0.168
14 29 111 -0.148
16 23 148 1.738
36 21 20 -0.197
38 12 11 0.829
32 20 117 -0.258
26 23 100 -0.431
38 15 131 -0.958
42 7 46 0.031
15 33 140 -0.384
21 27 113 -0.760
16 34 65 2.714
43 9 16 0.019
38 14 126 0.215
22 32 78 -0.996
21 12 0 1.831
13 30 36 -0.411
20 31 26 -1.062
21 24 26 0.868
13 33 33 -0.800
40 3 16 -0.500
9 35 108 0.267
27 25 76 1.413
14 37 32 -0.788
34 24 57 -0.526
37 14 131 -1.017
33 17 117 -0.008
35 16 20 0.118
35 7 118 0.796
39 13 12 0.834
34 20 93 -1.093
31 17 117 -0.190
40 12 11 0.198
16 36 36 0.772
25 24 116 -0.304
34 21 6 0.999
12 30 69 -0.051
38 16 85 -0.928
8 33 30 -0.900
38 6 12 1.112
13 36 36 2.199
35 17 47 -0.908
16 32 70 -1.073
24 25 116 -0.066
14 22 29 -0.926
17 24 147 0.333
12 35 71 -0.699
12 37 72 -0.429
39 6 50 0.231
28 14 5 -0.386
40 20 55 -0.486
38 8 11 -0.219
39 9 9 0.468
13 29 65 -0.679
13 36 30 -0.799
36 22 132 0.433
32 16 20 -0.261
37 15 46 0.476
17 35 36 1.678
11 23 107 -0.724
12 39 102 -0.948
40 8 54 -0.529
41 12 84 -0.310
30 16 40 -0.086
38 10 48 -0.486
20 26 73 -0.630
23 19 63 0.362
19 28 26 1.111
40 13 52 -0.843
40 6 16 -0.631
37 8 124 -0.117
12 32 103 4.130
28 12 4 0.261
41 4 11 -0.207
37 7 16 -0.916
13 26 103 0.956
13 20 34 0.509
38 3 46 -0.665
40 5 15 -0.215
14 25 142 0.348
35 13 133 0.782
23 36 62 -0.721
31 23 133 -1.128
17 41 137 -1.157
11 31 143 -0.164
23 22 76 -0.717
13 32 67 0.308
41 13 14 -0.326
24 27 1 1.781
32 17 77 2.225
33 15 80 0.806
13 32 70 1.806
36 22 94 -0.105
13 37 67 0.330
30 27 97 -1.055
26 25 98 0.146
42 9 17 -0.117
43 10 17 0.507
28 20 60 0.223
25 11 82 -1.039
35 19 55 -0.011
38 15 45 -0.234
36 23 83 -0.923
36 6 45 0.386
29 20 43 0.710
16 21 28 -0.545
38 17 85 -1.015
22 12 3 0.022
31 24 118 0.415
24 32 24 -0.682
22 25 114 1.090
16 21 27 -1.139
22 26 101 1.204
38 13 47 -0.314
31 27 22 2.427
43 10 127 -0.338
38 15 80 0.466
21 26 37 2.475
31 10 4 0.356
41 15 126 -0.539
15 26 75 -0.821
32 19 59 -0.271
39 7 49 0.115
40 10 126 -0.728
35 20 118 0.476
41 10 129 -0.860
36 8 118 1.117
9 29 107 -1.010
39 9 15 -0.486
14 35 106 -0.051
17 37 72 -0.932
12 27 140 0.265
15 27 144 1.088
37 16 17 0.442
14 29 68 -0.581
30 22 44 -0.112
33 21 20 0.228
15 27 103 -1.186
13 32 143 0.823
30 21 58 0.118
33 21 134 -0.147
20 29 23 0.090
12 30 143 0.579
18 22 68 -0.749
15 36 142 -0.384
40 17 55 0.223
34 16 79 1.267
35 18 47 -0.331
32 16 134 0.869
28 18 61 3.317
14 39 142 -0.836
36 9 83 -0.330
11 35 109 0.111
18 32 139 -0.501
14 35 143 0.982
17 23 33 0.794
32 25 59 -0.273
26 22 62 0.395
43 9 88 0.758
19 35 113 -0.426
16 29 141 1.850
16 26 65 1.791
25 25 61 0.714
21 17 138 2.061
31 5 79 1.179
10 34 145 -0.963
12 31 146 -0.424
31 28 43 -0.336
39 15 120 -0.800
38 14 121 -0.336
31 17 21 1.728
26 25 137 -0.554
25 18 76 3.010
32 11 132 -0.976
24 23 82 -0.791
40 15 49 -0.711
19 24 76 -0.405
13 35 70 0.796
32 22 6 0.045
29 25 60 2.952
23 23 4 -0.837
20 22 76 -0.082
43 11 90 0.364
17 34 100 -1.209
11 39 66 3.244
38 10 86 0.349
13 34 34 -1.061
37 7 11 0.505
29 17 42 -0.127
24 36 62 -0.770
42 16 47 -0.387
46 8 126 -0.672
14 37 146 -0.073
27 29 41 -0.283
24 15 97 -1.087
23 27 101 1.511
32 22 97 0.197
24 28 1 2.040
24 20 114 2.206
44 14 51 -0.249
30 28 135 2.013
20 29 0 -0.391
38 24 132 0.080
32 21 58 -0.084
33 14 45 -0.447
14 22 107 -0.784
29 22 115 -0.519
36 13 12 -0.255
17 35 113 -0.890
28 24 98 -0.092
17 19 1 -0.727
16 33 147 -1.048
38 6 46 -0.295
22 33 100 0.004
42 8 16 0.130
13 27 33 0.175
40 16 129 -0.662
19 24 26 2.314
23 21 149 -0.899
38 12 84 0.068
15 36 109 -1.114
28 19 118 0.263
35 18 82 -0.566
37 10 50 -0.545
15 25 34 0.178
37 8 50 -0.510
27 25 42 -0.277
22 23 4 -0.974
15 31 148 -0.106
41 10 53 0.752
16 31 29 -1.305
30 23 22 1.203
15 27 29 -0.824
25 24 3 0.313
18 23 111 -1.075
10 28 65 -0.843
29 26 40 0.014
19 34 101 0.324
40 11 16 -0.032
30 14 118 0.456
25 15 78 -1.014
37 14 57 -1.086
34 17 43 0.943
40 5 11 -0.219
26 15 4 -0.397
37 17 131 -0.944
40 7 86 -0.797
12 40 109 -1.017
30 23 44 -0.199
10 39 30 -1.061
38 9 12 1.572
13 25 31 0.226
17 32 138 0.681
20 31 0 -0.590
32 13 10 -0.804
16 28 1 -0.749
33 24 6 0.119
19 24 37 -0.451
41 5 13 0.914
41 16 54 -0.181
31 17 96 -0.857
33 18 42 0.431
43 10 49 -0.431
33 22 98 -0.817
12 33 109 -0.788
29 18 115 -0.161
14 31 142 2.794
27 18 61 1.920
37 10 46 -0.129
15 32 70 -0.405
37 16 56 0.750
42 13 127 -0.997
29 18 117 -0.171
13 28 29 -0.840
12 39 30 -0.092
19 26 64 -0.013
17 31 112 0.184
14 35 33 0.937
37 18 57 0.675
43 9 49 -1.035
36 12 47 -0.903
28 15 118 -0.330
16 33 38 -1.265
23 22 28 -0.518
11 32 144 4.799
38 14 48 -0.196
20 26 75 1.741
37 16 46 -0.529
32 23 44 0.032
34 20 80 0.154
18 32 1 0.089
34 20 7 0.236
23 18 61 0.992
29 23 79 0.417
14 30 141 0.304
14 31 103 0.375
13 34 70 0.245
33 23 119 -0.887
10 41 102 -0.642
23 30 78 0.149
20 28 101 -0.390
12 28 105 2.024
36 17 8 -0.024
14 22 103 4.597
39 13 53 -0.435
28 21 41 0.220
33 21 119 -0.206
22 36 78 -0.902
38 17 8 0.814
14 34 32 4.318
34 18 80 -0.461
21 17 112 2.442
19 35 65 0.033
32 27 80 0.935
8 36 146 -1.057
19 33 1 -0.823
29 23 135 1.870
14 38 33 -0.012
24 24 114 -0.237
37 11 15 -0.709
13 33 66 -0.651
37 8 15 -1.021
32 18 44 0.307
20 37 101 0.111
14 33 33 -0.241
38 15 8 0.810
17 33 112 -0.722
13 33 106 1.775
30 17 79 -0.433
41 11 85 0.678
16 24 28 1.375
24 25 136 -0.908
13 39 71 -1.159
26 22 137 0.487
25 32 99 -0.698
23 31 78 0.288
17 25 76 -0.806
25 25 4 -1.096
37 8 87 0.057
16 30 102 -0.475
28 22 79 0.132
36 5 18 -0.732
38 13 53 -0.827
30 20 98 0.441
13 41 109 -1.133
18 29 31 -0.028
37 16 94 -1.243
33 23 59 -0.746
35 13 11 -0.641
27 20 61 0.954
38 16 11 -0.426
15 28 104 -0.261
23 21 63 -1.216
12 32 104 -1.291
13 34 0 -1.303
40 7 46 -0.453
41 7 16 -0.524
16 37 33 -0.004
35 16 131 -1.020
14 30 105 1.695
29 23 43 -0.638
9 42 146 -1.046
40 7 15 -0.415
29 20 79 0.599
18 33 137 -0.312
33 12 117 0.828
38 14 132 -0.683
42 13 17 -0.412
15 27 66 1.307
27 23 135 0.005
14 34 72 0.592
21 29 138 -0.022
31 18 6 -0.195
29 16 22 1.264
36 17 6 1.631
41 13 51 0.067
37 7 123 -0.730
29 20 42 -0.175
11 37 106 -0.353
40 2 12 -0.086
38 9 53 -1.040
15 34 0 -1.178
35 24 7 0.344
32 9 81 -0.267
41 7 92 -0.599
21 14 0 1.275
22 29 113 0.002
18 27 37 0.823
28 21 136 0.292
14 32 36 3.432
16 32 102 -0.590
31 13 7 -0.659
38 21 91 -0.912
28 14 39 1.722
12 39 70 0.818
40 8 127 -0.345
18 30 2 -1.188
33 16 118 0.869
12 34 112 -0.936
24 27 62 -0.677
38 9 87 -0.649
35 10 132 -0.985
13 24 107 0.769
33 20 131 -0.988
35 21 132 -0.715
15 33 32 -0.175
41 12 53 0.502
39 15 84 -0.510
36 8 82 1.142
37 15 48 -0.655
28 34 77 0.770
15 36 144 1.791
32 15 5 0.133
41 17 125 -0.042
37 14 80 1.387
19 23 65 0.652
11 37 108 -0.934
10 33 143 -0.267
16 34 105 -0.690
21 27 25 0.885
10 32 35 0.095
18 36 1 -1.147
18 34 73 -0.563
15 33 68 -0.097
22 28 26 -0.011
18 31 102 -0.444
13 34 139 -1.210
22 20 27 0.473
40 12 49 0.206
24 38 62 -0.982
43 12 17 -0.276
21 10 0 1.240
37 14 47 -0.798
40 18 54 -0.425
26 26 44 0.428
25 31 39 -0.961
37 7 85 -1.002
23 36 23 -1.076
38 11 13 -0.438
27 24 135 0.368
24 16 114 3.194
24 22 149 -1.087
16 32 32 0.032
27 26 60 -0.182
23 20 114 2.256
25 22 59 -0.078
23 37 63 -1.066
11 39 139 -1.243
17 20 63 -0.818
34 18 9 0.579
34 15 134 1.011
32 17 134 0.395
41 14 17 -0.876
19 30 149 -0.870
36 21 56 -0.335
38 14 88 -0.401
24 24 149 -1.058
32 13 121 -0.818
36 6 118 1.527
15 25 146 0.789
16 27 75 0.593
17 21 113 0.363
20 35 137 -0.650
35 14 11 -0.673
37 20 18 -0.796
40 7 123 -0.732
38 8 125 -1.093
14 30 31 0.096
28 13 4 0.268
20 28 73 -0.784
31 18 44 -0.194
18 28 64 1.290
11 25 105 5.824
24 31 115 -0.911
26 15 44 -1.059
40 8 51 0.095
19 33 63 -0.434
40 13 46 0.955
13 41 70 0.366
25 32 25 -0.465
26 23 80 0.357
31 18 119 -0.827
37 20 57 0.197
36 20 57 0.029
19 30 26 -1.222
40 10 130 -0.368
28 21 59 -0.583
44 4 50 -0.703
43 19 130 -0.838
30 23 97 -0.868
18 22 141 0.656
24 21 4 -0.965
35 16 82 -0.057
19 34 73 -0.493
13 26 70 -0.399
18 26 141 1.005
9 36 109 -0.941
17 40 137 -0.466
22 22 2 1.054
21 25 38 1.032
12 37 147 -0.846
35 16 85 -1.031
20 17 0 1.258
30 14 5 -0.173
49 5 88 -0.635
34 15 20 -0.618
32 19 96 -0.898
13 36 70 1.069
12 40 35 0.968
31 26 58 -0.311
35 14 124 -0.399
13 30 34 -0.275
33 1 82 -0.686
42 9 52 0.370
19 21 2 0.980
10 41 71 -1.042
20 28 113 -0.118
28 26 39 0.115
36 21 80 0.763
15 32 149 -1.108
34 27 95 0.297
28 22 59 -0.420
23 32 62 -0.135
12 39 72 -0.250
42 18 128 -0.289
39 13 54 -0.307
33 14 56 -1.154
37 19 56 0.697
38 11 89 -0.523
31 21 42 0.473
19 22 138 0.457
40 6 84 0.334
28 25 59 0.125
40 7 51 -0.652
22 30 24 0.099
18 31 64 2.934
27 29 59 -0.395
41 9 51 -0.602
40 13 121 -0.535
17 34 37 -1.024
40 7 91 -0.396
23 34 137 -0.650
16 36 72 -0.918
19 25 38 0.175
34 23 21 0.207
37 9 119 -0.425
15 30 142 3.317
16 38 137 -1.140
23 28 1 1.651
36 9 18 -0.801
26 27 99 -0.486
39 13 11 -0.658
18 28 1 -0.377
30 22 133 -0.686
41 10 83 1.341
32 19 117 0.339
39 20 55 -0.714
28 20 115 -0.532
29 26 136 -0.059
12 34 34 -0.846
21 32 38 -1.152
25 25 62 0.545
33 8 117 0.182
34 21 93 -1.106
16 29 72 -0.492
29 9 79 1.145
20 31 137 -0.325
16 34 141 -0.923
41 0 12 -0.937
42 14 125 -0.043
18 23 28 0.475
38 12 90 -0.371
10 42 102 -0.935
19 35 1 -1.107
40 13 56 -0.045
39 15 86 -1.006
14 26 31 -0.178
24 29 100 -0.427
34 7 48 -0.571
12 30 27 -0.775
20 29 101 -0.229
14 30 146 0.070
40 14 92 -0.920
22 29 37 -0.617
16 22 73 0.768
35 13 56 -1.016
11 30 144 5.473
41 7 123 -0.818
13 34 148 -1.225
37 9 8 1.576
41 11 13 0.129
38 14 57 0.999
34 17 49 -0.852
12 41 30 -0.491
40 16 54 -0.160
16 38 68 -0.895
39 15 10 0.749
26 17 4 -0.151
22 31 100 -0.028
44 9 15 -0.577
23 23 62 -0.732
17 27 74 0.204
20 30 64 1.040
20 32 99 -0.940
15 32 71 0.012
36 18 122 -0.509
31 21 41 1.060
41 12 47 0.016
34 20 9 0.305
35 20 57 0.505
26 26 63 -0.233
16 33 74 1.732
36 8 124 -0.353
40 10 91 -0.787
31 24 136 1.745
14 31 106 -1.230
26 29 135 -1.117
36 19 134 0.314
10 32 145 -0.884
37 13 20 -0.785
15 31 74 0.499
34 18 7 0.456
16 39 140 0.569
38 12 87 -0.519
34 24 58 0.167
19 31 140 0.438
35 17 85 -1.130
40 14 131 -0.707
22 14 0 1.759
37 13 131 -0.353
35 14 89 -0.794
22 20 114 0.972
31 16 21 1.151
23 36 137 -1.098
37 5 7 0.043
12 25 33 0.096
42 19 125 -0.269
30 21 5 -0.935
28 29 26 -0.842
12 35 104 0.018
32 16 97 -0.323
23 23 114 2.156
26 23 59 0.109
35 19 122 -0.371
11 32 147 -0.613
39 11 126 -0.311
30 23 60 3.084
12 37 67 -0.604
35 16 6 0.066
41 9 124 -0.144
10 33 102 1.706
19 29 147 -1.182
14 31 74 0.638
24 21 139 0.218
10 35 108 -0.823
39 7 50 0.462
34 14 9 -0.480
42 9 128 0.107
18 22 75 2.133
40 10 16 0.092
41 10 15 -0.729
34 13 43 1.426
34 15 56 -1.130
33 22 97 2.206
14 35 66 -0.038
16 39 137 -1.189
13 33 32 0.788
24 20 3 0.108
37 22 95 -0.178
38 12 10 0.190
11 32 109 -0.982
33 20 58 0.027
39 19 92 -0.506
39 14 51 0.584
40 6 91 -0.933
28 22 39 -0.779
41 13 122 -0.094
19 21 138 1.835
28 21 44 -0.255
39 9 45 0.792
29 13 118 0.071
20 26 139 0.512
24 33 114 -1.060
17 31 27 -0.893
19 28 100 -0.506
26 31 79 -0.868
35 13 10 -0.281
31 22 94 -1.171
34 19 10 -0.914
33 25 95 0.330
20 7 0 0.946
38 16 131 -0.447
12 32 147 -0.318
17 22 33 0.808
35 11 87 -1.108
21 23 63 0.104
32 21 42 -0.308
28 16 117 -1.050
14 26 74 0.628
42 5 15 0.126
29 23 98 1.377
31 20 118 0.681
23 21 139 0.617
14 25 67 -0.599
33 26 21 0.165
37 14 18 -0.074
19 20 110 0.614
36 25 132 -0.127
34 19 18 -0.994
22 22 3 -0.341
15 37 112 -0.783
15 38 72 -1.169
13 27 140 0.526
13 36 67 -0.299
40 5 16 -0.551
40 18 11 0.242
34 23 7 -0.046
29 19 79 0.885
19 31 65 1.508
38 8 48 0.427
25 33 24 -0.801
42 11 127 -0.389
31 23 21 -0.416
22 34 137 -1.150
16 20 69 1.221
32 20 43 1.105
26 27 27 -0.131
30 19 134 -0.828
38 10 14 0.239
38 14 47 -0.465
28 31 96 -0.958
13 32 72 -0.817
40 13 50 0.699
28 25 41 -0.002
28 27 136 1.235
28 20 21 -0.307
17 26 68 -0.301
10 37 65 -0.273
35 7 87 -1.166
19 28 27 0.236
36 20 7 0.642
16 19 1 -0.895
37 19 18 0.145
21 29 38 -0.747
25 25 38 -0.452
19 30 100 -0.667
32 5 82 -0.944
14 27 74 1.195
35 19 96 -0.038
37 8 131 -0.597
36 14 87 0.092
39 8 52 -0.553
39 14 92 -0.641
13 25 147 0.358
25 20 82 -0.780
14 32 148 -1.166
30 18 5 0.006
40 13 45 1.131
16 21 31 0.335
12 28 107 -0.228
6 41 108 -0.772
13 36 33 -0.633
23 34 62 -0.117
40 5 46 0.527
33 22 58 -0.396
18 25 113 0.407
30 23 115 -0.465
36 21 57 0.108
37 7 7 -0.288
43 9 125 -0.312
40 11 47 0.385
38 14 93 -1.057
13 35 29 -0.539
37 13 46 -0.105
39 12 54 -0.250
12 34 67 -0.915
31 26 43 0.083
40 14 54 -0.435
33 20 134 1.296
38 17 9 -0.720
39 6 89 -0.754
15 42 147 -0.599
29 23 41 0.696
15 22 74 1.487
33 24 43 0.771
28 28 25 -1.135
33 17 134 -0.708
14 37 74 -0.912
36 11 87 -1.045
13 34 35 0.090
15 25 64 3.272
41 16 53 1.154
17 28 38 -0.149
30 23 43 -0.399
26 29 62 0.949
16 32 27 -0.955
29 24 61 1.965
10 38 32 -0.241
37 19 133 0.350
34 16 20 -0.117
26 20 39 1.729
13 29 74 2.124
33 17 58 0.384
36 16 118 1.112
12 33 69 0.440
18 26 147 2.306
23 35 24 -0.408
24 25 4 -1.175
12 34 107 -0.826
42 4 50 -0.637
36 10 119 0.779
30 23 21 -0.302
22 19 0 1.713
34 17 44 -0.657
32 20 119 -0.583
23 22 24 1.573
18 26 112 -1.060
19 23 2 -0.620
41 14 91 -0.576
9 36 108 0.803
18 31 37 -0.807
34 6 119 1.025
11 34 143 0.183
16 28 148 1.171
35 8 126 -1.005
18 30 139 -0.654
40 9 130 -0.333
25 23 38 -0.236
17 31 37 4.078
41 11 48 -0.478
25 26 24 0.962
9 31 143 0.194
32 16 6 0.420
17 33 29 -0.973
23 24 101 2.145
38 14 86 0.250
35 8 50 -0.624
34 25 58 0.226
44 8 126 0.033
38 12 57 0.671
27 16 114 1.546
37 14 8 0.417
20 24 25 0.438
19 28 139 0.610
37 6 86 0.501
28 27 59 -0.603
19 31 27 0.636
21 32 101 0.861
41 14 50 1.065
36 15 48 -0.684
32 9 45 -0.828
29 11 115 1.600
30 20 44 -0.109
36 4 7 0.389
11 27 66 -0.939
29 22 21 -0.512
35 19 20 -0.155
33 18 91 -1.026
17 19 110 0.742
37 12 48 -0.644
23 25 114 1.168
12 33 106 -0.505
13 39 35 0.069
19 22 34 -0.265
35 12 10 -0.590
30 21 61 2.086
25 30 4 -0.967
42 10 91 0.081
13 38 111 -1.166
30 27 98 -0.480
34 18 20 -0.213
38 18 17 -0.002
25 23 5 1.042
21 29 37 2.214
14 32 147 -0.496
11 34 107 -1.008
39 10 56 0.577
35 2 85 -1.189
19 31 33 -0.808
32 22 81 -0.514
25 14 38 0.565
26 27 42 -0.401
35 16 58 0.494
42 15 10 0.530
38 17 87 -0.832
39 8 51 0.075
25 26 76 1.312
10 28 102 0.062
19 14 149 0.265
32 11 53 -1.267
37 9 121 -0.124
27 29 135 0.380
25 30 100 -0.099
34 15 9 0.140
18 25 27 -1.072
39 18 122 -0.539
34 17 8 0.085
24 26 4 -0.816
14 27 71 0.278
39 6 12 0.356
32 6 123 -0.827
14 25 106 1.715
39 10 126 -1.120
14 38 143 -0.450
35 14 121 -0.958
18 20 113 0.644
22 19 114 2.156
38 12 132 -1.019
35 9 45 0.281
14 37 106 0.238
32 23 22 2.455
37 13 53 -0.834
35 20 6 -0.492
17 30 149 -0.785
26 24 63 -0.487
14 32 74 0.600
42 12 127 -0.908
15 26 29 -0.998
23 17 3 0.180
36 10 50 -0.637
35 18 19 -0.037
17 30 26 -0.434
11 38 147 -0.905
13 28 106 2.334
33 27 133 -0.987
16 24 111 -0.987
15 33 104 -0.714
15 28 67 0.517
32 22 57 0.095
24 33 23 0.039
22 31 137 -1.189
16 30 34 -0.444
28 27 96 -0.989
42 2 15 -0.163
9 38 107 -1.090
35 10 11 -0.267
15 30 67 -0.087
31 17 44 -0.225
13 36 71 0.128
16 34 37 1.528
15 35 110 -0.859
33 16 134 -0.472
36 14 133 -0.334
42 17 91 -0.373
31 26 57 -0.055
21 31 149 -0.818
37 11 127 -0.482
12 24 33 2.397
16 28 75 0.508
41 7 17 0.225
22 22 4 -1.137
35 12 47 -0.764
40 12 14 -0.167
32 15 58 -0.066
32 24 80 -0.044
25 30 0 -0.858
15 27 110 -0.852
11 28 35 -0.196
25 19 117 -0.166
11 30 65 -0.135
41 7 15 -0.189
37 15 45 0.845
11 26 71 -0.230
39 17 132 -0.951
35 20 94 -0.624
20 26 76 -0.105
32 19 6 0.015
17 26 28 0.493
29 14 79 0.229
16 37 0 -1.238
20 32 26 -0.814
39 7 124 -0.239
23 33 115 -0.720
14 32 145 -0.362
20 34 101 0.245
15 26 34 0.783
21 30 63 -0.047
18 18 73 1.969
24 28 63 -0.479
20 19 138 1.268
37 13 124 0.158
32 17 5 0.002
38 12 13 -0.721
14 39 33 -0.485
15 32 67 -0.142
31 14 96 -1.103
38 18 88 -0.372
26 16 38 1.729
14 33 0 -0.824
20 15 149 0.588
22 25 39 -0.317
23 24 112 0.759
33 22 19 -0.556
36 17 49 -0.677
16 38 0 -1.231
37 3 13 -0.890
7 39 105 -0.898
22 19 112 1.506
29 26 21 -0.814
18 32 104 0.053
24 22 25 0.138
35 7 119 1.340
41 9 92 -0.774
35 15 82 -0.381
12 32 107 -0.517
26 20 61 1.777
19 20 1 0.036
20 28 2 0.076
27 25 114 1.587
32 15 94 -1.208
23 34 114 -1.103
36 19 6 1.734
33 11 44 -0.603
37 21 6 1.493
24 30 24 -0.458
11 38 109 -1.149
42 6 13 0.287
36 12 13 -0.930
17 26 69 0.619
35 17 43 0.460
41 14 53 0.007
40 10 87 0.435
23 27 63 -0.494
39 15 91 -0.279
17 25 74 -0.165
38 10 16 -0.924
37 12 127 0.169
23 26 2 0.249
30 25 135 -0.545
36 10 47 -1.092
11 40 32 -0.670
25 28 135 -0.712
34 9 44 -0.722
22 23 114 1.123
26 22 5 0.590
11 37 104 -0.347
27 23 82 -0.752
39 11 125 -1.007
25 20 4 -0.445
38 13 55 -0.175
27 25 78 -0.122
13 40 67 -0.955
29 17 5 0.350
13 40 29 -0.939
14 26 146 0.536
39 17 122 -0.266
28 35 77 0.669
11 40 30 1.062
29 16 118 -0.031
42 7 14 -0.601
42 15 88 0.274
38 8 84 0.505
28 17 40 2.481
21 32 65 -0.642
4 39 108 -0.881
36 13 80 0.668
26 30 137 -0.278
34 10 121 -1.024
39 10 53 -0.112
18 19 31 0.582
22 25 4 -0.970
25 31 77 0.325
40 8 49 -0.282
33 18 19 -0.204
31 28 22 -1.052
30 17 10 -1.168
28 18 116 0.564
18 32 102 -0.381
29 12 40 0.673
41 4 15 0.380
14 31 36 4.003
30 25 21 -0.647
23 18 3 -0.165
38 14 7 0.066
16 21 113 0.237
35 9 44 -0.492
13 27 29 -0.861
24 25 63 0.313
15 42 137 -0.724
39 8 90 -0.208
8 26 107 -0.933
23 25 61 0.033
33 19 119 0.492
35 17 95 0.394
33 21 133 -0.644
39 9 124 0.195
33 5 85 -0.666
39 16 94 -1.236
32 19 81 0.024
31 21 6 -0.181
38 9 18 -0.849
21 19 63 0.136
35 11 82 -0.553
31 27 59 -0.599
26 29 60 -1.256
13 32 147 -0.518
30 27 21 -0.879
16 37 148 -0.995
27 25 59 0.108
16 21 141 -0.260
39 14 9 0.462
40 14 128 -0.408
12 30 71 -0.147
40 14 129 -1.035
33 16 8 -0.536
38 15 18 -0.418
29 31 96 -0.933
15 39 140 0.020
35 14 49 -0.597
40 12 128 -0.525
38 10 45 0.620
22 15 138 2.566
24 29 60 -1.304
41 8 15 -0.603
36 11 54 -0.943
28 23 79 0.745
14 22 34 -0.247
38 14 84 -0.197
39 7 91 -0.596
27 19 39 2.148
14 33 105 2.435
14 31 34 -0.614
17 31 69 -0.256
15 33 110 -0.842
35 10 49 -0.872
32 19 133 -0.306
29 30 135 -0.273
16 32 140 0.422
14 32 146 0.949
36 16 94 -1.020
15 27 142 0.913
38 11 126 -0.019
25 29 26 -0.673
41 10 11 -0.112
35 21 120 -0.519
36 13 87 -0.167
39 10 92 -0.980
41 8 124 0.409
25 31 62 0.382
30 0 82 -0.908
12 29 105 0.533
10 29 72 -0.365
34 12 9 -0.456
37 15 84 -0.203
12 28 142 -0.781
33 11 45 -0.271
20 26 64 -0.149
37 10 127 -1.151
31 12 118 0.397
10 40 30 -1.236
6 33 102 -1.019
24 19 63 -0.258
19 21 26 0.457
25 25 100 0.800
39 11 52 -0.211
26 25 62 0.833
37 15 8 -0.380
36 19 122 -0.383
38 23 130 -1.135
12 29 31 0.333
27 27 61 -0.150
20 24 26 0.745
35 11 120 -0.975
35 23 95 -0.589
25 27 99 -0.571
15 36 148 -1.240
27 22 79 0.139
16 26 1 -0.545
30 22 135 0.637
39 10 51 0.106
39 7 121 0.408
34 16 19 -0.113
22 27 2 -0.849
19 24 65 -0.515
24 11 0 1.356
38 4 123 -0.328
38 16 90 -1.036
16 37 112 -0.875
32 7 123 -0.864
22 32 26 -0.675
42 11 13 -0.178
41 14 15 -0.282
18 25 64 1.582
42 12 52 0.401
35 14 8 0.331
34 25 57 -0.770
42 11 92 0.534
27 20 44 -0.799
20 28 27 0.871
16 38 142 -0.934
22 25 24 1.029
16 21 147 1.704
37 9 48 -0.245
17 22 74 -0.360
23 29 77 -0.330
26 13 44 -1.021
31 25 6 -0.434
40 10 125 -0.384
19 21 1 0.396
34 14 96 0.203
16 28 29 -0.777
11 36 72 -1.057
36 6 11 0.110
14 32 141 1.480
40 12 125 -0.269
37 19 95 -0.712
42 15 51 0.436
41 13 54 -0.925
33 12 46 -0.376
16 32 105 0.117
18 28 110 -0.747
41 5 11 -0.345
15 33 30 1.551
33 18 40 -0.752
35 22 94 -0.496
41 13 128 -0.581
18 20 33 0.597
32 19 42 0.363
38 11 56 0.292
10 31 108 -0.780
23 16 0 2.517
34 12 54 -1.041
21 26 1 0.604
45 10 17 -0.593
38 20 120 -0.137
30 27 136 -0.292
32 6 119 -0.617
43 10 53 0.376
26 18 3 1.039
12 32 70 0.736
12 30 34 -0.982
42 16 53 -0.575
41 11 47 -0.487
15 28 110 -1.231
12 32 33 0.809
35 16 121 -0.384
20 24 3 1.300
42 13 128 -0.317
38 9 11 0.008
25 26 25 2.473
31 12 117 0.678
36 20 132 -0.280
21 24 0 0.734
31 13 4 0.240
32 18 42 0.036
14 38 71 -1.105
17 35 38 -0.472
18 34 148 0.106
20 31 73 -0.859
12 35 105 1.747
29 24 135 2.258
15 31 142 2.040
31 13 79 1.230
43 8 52 0.023
42 8 15 -0.527
25 27 23 0.442
29 18 41 0.122
34 20 95 0.657
45 16 51 -0.333
20 23 149 -0.251
26 14 44 -1.046
16 25 64 3.597
17 32 140 -0.447
11 30 109 0.203
12 36 32 0.111
31 19 22 -0.155
39 11 121 0.688
21 28 25 0.595
25 33 77 0.967
35 13 9 -0.009
35 18 94 -0.643
12 25 107 0.343
37 18 8 0.648
13 36 149 -0.338
21 18 3 -0.248
39 12 126 0.323
38 10 47 -0.125
24 21 82 -0.843
31 24 80 -0.075
17 32 64 0.572
38 9 89 -0.181
32 18 9 0.157
16 32 106 -0.624
43 13 128 -0.413
21 36 137 -0.746
15 31 140 -0.549
26 28 62 0.971
14 32 31 0.240
6 45 108 -0.652
13 35 33 -0.527
28 23 23 -0.295
32 4 123 -1.021
18 36 138 0.828
39 9 90 -0.648
19 18 149 0.670
29 36 60 -1.312
16 27 31 0.030
38 18 80 0.951
18 25 63 -0.455
17 35 140 0.455
9 29 35 -0.354
40 16 13 -0.307
37 19 83 -0.091
18 33 38 -0.354
15 33 112 -0.813
42 12 124 -0.668
20 30 2 0.019
12 32 146 1.047
8 38 109 -1.021
34 6 83 -0.360
43 15 91 0.160
17 33 111 -0.620
41 11 50 0.806
12 43 147 -0.971
32 27 58 -0.535
17 28 102 -0.183
29 30 96 -0.811
15 39 66 -0.850
24 25 25 0.607
39 9 55 -0.064
14 30 74 2.499
18 23 76 0.109
23 27 25 1.003
39 14 54 -0.116
42 11 56 0.017
39 12 85 -0.203
22 37 100 -0.395
29 22 41 0.513
41 14 46 1.466
16 28 70 -0.244
40 10 52 -0.504
11 33 146 0.511
13 36 72 0.615
17 25 27 -1.001
37 12 49 -1.013
40 10 84 -0.055
14 40 67 0.197
18 27 113 -0.539
12 35 102 2.471
12 39 145 -0.698
11 36 112 -0.971
19 38 63 -0.326
40 15 130 -0.771
26 21 59 -0.015
34 16 86 -1.045
19 25 2 -1.168
40 7 16 -0.779
13 39 32 -0.822
41 13 53 0.811
39 8 86 -0.284
26 28 79 -0.866
35 5 11 -0.352
26 8 4 0.986
19 26 63 -0.619
15 34 104 0.003
15 34 70 -0.521
35 16 94 -0.945
41 15 125 0.097
13 27 71 1.335
26 14 5 0.996
36 13 85 -0.964
27 17 118 -0.074
40 18 88 0.413
18 27 100 -0.558
12 35 147 0.033
42 11 124 -0.173
12 37 71 -1.037
29 16 58 -0.255
14 29 142 1.798
34 22 6 0.370
30 20 43 0.176
37 14 87 -0.376
37 16 89 -0.590
12 29 146 -0.346
32 22 118 -0.187
24 25 139 0.750
27 17 79 -0.177
13 25 66 -0.897
38 11 11 0.018
17 37 113 -0.768
35 20 80 0.894
28 18 97 -0.928
40 4 46 0.564
35 21 81 0.403
24 24 3 -1.121
31 18 134 -0.013
25 22 62 -1.285
16 22 74 1.948
14 32 66 -0.743
40 9 55 -0.362
40 9 84 1.051
19 31 63 -0.642
28 20 23 0.042
30 28 43 -0.200
30 13 79 -0.068
37 18 48 -0.755
13 33 36 -0.117
24 30 25 -0.116
36 19 132 0.083
28 25 44 -0.805
37 17 122 -0.083
26 17 5 1.035
12 37 35 1.215
5 29 108 -0.996
30 19 43 -0.402
24 30 61 0.386
13 34 106 -0.705
41 13 46 0.119
24 23 4 -0.821
19 22 110 2.150
16 30 142 1.763
29 22 98 -0.943
24 24 139 1.110
40 12 17 -1.096
37 12 54 -0.634
39 13 86 -0.980
41 16 55 0.439
26 20 59 -0.114
12 34 140 -0.072
27 29 39 -0.738
27 25 44 -0.572
24 23 26 -0.492
16 30 75 -0.726
18 19 110 0.636
38 4 46 0.467
27 27 78 -0.433
39 15 131 -0.942
32 21 134 0.919
40 5 84 0.423
29 25 98 1.074
13 32 141 -0.237
36 16 19 -0.759
31 15 118 1.277
40 12 13 0.187
14 32 75 -0.847
42 8 51 -0.490
38 16 84 -0.246
14 25 66 -0.539
25 21 99 -0.565
34 14 91 -1.233
38 13 90 -0.696
29 25 40 -0.605
17 37 68 -0.771
35 24 58 0.146
33 22 81 -0.617
16 25 34 0.701
24 28 23 0.268
19 20 34 -0.180
28 20 76 1.288
39 14 93 -0.803
11 24 67 -1.086
35 18 45 0.062
26 23 76 1.438
19 29 37 -0.609
17 29 147 -1.155
26 24 114 0.500
7 35 35 -1.045
24 15 114 2.540
30 27 22 0.628
40 9 49 0.204
33 22 43 0.371
27 21 82 -0.747
45 3 46 -0.711
36 23 58 -0.184
13 23 69 1.909
34 15 8 0.268
20 29 63 -0.612
42 16 129 -0.509
10 29 65 -0.503
20 18 138 1.192
36 13 9 1.123
40 12 122 0.293
34 22 19 -0.453
30 10 117 0.861
40 12 10 0.832
42 13 123 -0.171
13 37 104 -1.245
10 36 30 -0.961
13 27 66 0.953
35 13 86 -1.000
27 28 26 -0.862
33 14 43 0.857
12 32 72 0.295
16 33 66 -0.314
28 31 25 -0.571
29 19 23 0.176
25 27 4 -0.989
20 34 63 -0.411
38 11 10 1.123
29 23 60 1.859
25 19 3 -0.030
28 19 41 0.095
41 11 51 -0.334
14 31 105 2.679
17 30 111 -0.818
18 27 65 2.001
34 13 132 -1.122
38 8 85 0.172
41 7 52 1.111
16 37 113 -1.055
7 35 145 -1.096
32 28 22 -0.196
22 25 38 -0.050
39 11 18 -0.459
15 32 74 -0.767
17 28 72 0.553
15 32 34 -0.374
36 10 89 -0.916
40 14 122 0.108
40 11 55 -0.090
31 16 116 0.586
37 14 20 -0.344
33 4 123 -1.080
25 28 23 0.731
34 8 85 -0.114
24 17 137 0.054
32 16 81 -0.130
41 19 88 -0.511
24 26 76 1.884
23 15 3 0.364
28 26 60 1.154
35 14 80 0.303
15 29 71 0.361
12 23 34 0.648
36 9 85 -0.615
37 7 18 -0.684
43 14 124 -0.467
24 30 77 -0.709
30 24 21 -0.292
14 28 70 0.116
38 8 16 -0.719
27 29 23 -0.772
33 21 21 0.010
31 15 21 0.413
19 31 149 -0.850
38 16 87 -0.565
14 34 147 -0.070
13 36 109 -0.934
13 32 29 -0.101
40 19 55 0.041
31 17 94 -1.157
37 3 87 -1.109
30 13 40 0.833
18 28 68 -0.396
38 9 86 0.643
32 21 9 0.263
17 14 2 0.340
32 16 5 0.075
40 11 91 0.022
40 9 129 -0.754
35 18 57 0.213
26 11 44 -1.017
41 10 50 0.462
36 5 7 -0.127
41 4 16 0.393
37 13 132 -0.734
20 26 138 1.814
21 34 137 -0.232
15 35 144 -0.767
30 17 43 1.408
23 34 23 -0.775
9 39 35 -0.924
26 19 116 0.418
42 2 11 -0.279
13 39 106 -0.667
18 21 64 2.754
35 18 95 0.445
40 2 131 -1.000
40 7 127 -0.645
20 21 75 1.735
34 20 119 -0.145
41 13 130 -0.297
17 25 28 -0.277
37 11 55 -0.602
13 34 140 -0.709
20 33 137 -0.373
15 34 110 -0.879
41 16 129 -0.667
22 30 138 -0.134
37 13 45 0.598
35 9 84 0.397
38 14 89 -0.122
31 13 116 0.127
38 7 54 -0.803
44 12 51 0.160
35 20 95 -0.269
28 23 44 -0.605
30 21 77 1.148
34 12 7 1.333
38 14 123 -0.630
38 8 51 -0.228
37 8 44 -0.417
36 15 18 -1.177
14 35 36 -0.523
23 11 1 -0.485
32 23 98 -0.959
38 11 84 -0.524
35 10 47 0.079
40 8 47 -0.121
37 12 89 -0.665
36 14 57 -0.569
15 21 29 -0.922
15 17 33 2.356
42 9 54 -1.116
39 13 131 -0.504
37 11 54 -0.882
16 24 37 1.928
12 32 143 0.252
36 3 84 -0.840
36 25 19 -0.762
40 13 54 -0.281
25 34 25 -0.546
38 4 87 -0.761
19 19 1 0.469
43 6 17 -0.790
32 24 133 -1.172
15 25 104 1.234
30 20 61 2.875
32 21 41 1.520
32 23 134 0.151
29 28 135 -0.220
31 23 6 -0.261
24 26 1 1.867
18 33 68 0.119
14 32 106 -0.360
16 21 74 0.946
40 9 14 -0.250
39 16 129 -0.935
30 20 96 -1.037
32 19 40 0.051
15 32 103 1.613
39 12 84 0.560
14 29 66 0.646
21 29 101 1.334
23 19 138 1.172
33 21 57 -1.014
40 12 91 -0.029
33 11 48 -0.747
32 10 8 0.038
16 36 75 -0.789
16 32 71 0.174
13 33 72 0.190
41 13 47 -0.030
38 16 83 0.247
25 29 62 1.088
31 23 58 -0.514
36 20 56 0.182
31 23 98 -0.619
36 7 50 -0.763
40 13 53 -0.255
45 14 129 -0.243
11 37 107 -1.145
29 18 23 -0.571
9 34 108 0.501
14 36 109 0.050
40 6 15 -0.612
19 23 27 0.121
25 15 5 0.898
33 17 80 -0.412
16 26 113 -0.844
25 26 136 -0.779
11 26 67 -1.213
28 11 4 0.322
19 19 2 0.413
34 14 7 0.573
23 32 78 -0.998
14 34 109 -0.890
18 36 38 -1.099
27 26 99 -0.586
31 25 96 -0.756
13 35 67 0.129
17 27 102 -0.627
39 5 11 -0.204
14 32 149 -0.998
35 25 94 -0.709
15 40 0 -1.282
21 26 101 0.621
19 32 65 2.690
18 32 27 0.180
29 24 24 3.273
27 32 59 -0.753
36 7 127 -0.823
42 4 12 -0.553
9 36 102 -0.724
21 15 0 0.631
36 14 82 -0.037
42 13 125 0.156
38 14 10 0.730
41 11 86 -0.916
42 8 88 0.095
40 11 87 -1.127
38 13 93 -1.004
22 33 79 -1.125
28 22 41 0.426
13 17 34 0.544
39 14 88 -0.314
32 15 117 -0.201
40 7 124 -0.300
18 30 103 -0.973
23 24 5 -0.267
29 22 39 1.112
18 30 68 -0.384
29 26 22 -0.465
40 15 86 1.335
26 27 114 1.238
20 32 63 -0.469
32 20 44 0.055
39 21 19 0.203
42 12 91 0.547
19 23 1 0.879
33 27 22 0.004
36 11 48 -1.079
15 18 74 1.066
20 24 138 1.621
32 17 20 -0.723
34 19 81 0.374
17 24 31 0.090
21 38 64 -0.832
16 36 147 -1.077
11 24 69 1.548
21 28 0 -0.782
40 12 90 -0.847
20 24 64 2.329
38 10 123 -0.385
34 17 132 -1.017
43 18 128 -0.470
18 23 65 0.680
19 30 38 0.393
31 22 134 -0.841
42 11 53 -0.462
37 10 89 -0.879
35 11 118 1.095
35 19 10 -0.945
20 22 75 1.781
26 22 61 1.113
23 29 25 1.211
20 22 63 -0.690
26 17 2 -0.484
31 15 115 0.683
43 7 11 -0.675
35 11 48 -0.135
17 31 142 1.685
35 25 95 -0.403
39 8 87 -1.117
11 42 146 0.053
22 24 101 2.274
37 10 15 -0.931
44 14 129 -0.148
16 35 74 1.661
33 27 80 0.812
41 11 127 -0.743
31 23 43 -0.244
15 32 113 -0.609
26 15 114 0.749
37 13 48 -0.255
15 35 0 -0.691
7 33 107 -1.098
13 39 111 -1.045
31 14 79 1.105
39 16 8 1.219
35 16 41 1.830
32 16 44 -0.051
20 40 138 -0.577
23 25 76 1.071
15 27 28 2.543
23 31 137 -1.108
30 24 42 0.508
14 32 68 -0.509
32 25 80 0.852
10 31 35 0.087
19 25 139 1.054
12 36 35 0.703
38 13 83 0.948
15 25 141 0.526
39 9 16 -0.849
31 24 60 3.141
40 15 126 -0.184
42 10 124 -0.097
26 21 4 -0.195
21 30 28 -0.591
12 29 66 1.530
41 8 52 -0.995
17 33 36 2.095
17 35 68 0.965
21 28 64 -0.825
38 15 91 -0.337
19 35 64 0.804
41 12 51 -0.251
22 20 136 -0.270
29 22 77 2.359
42 10 129 -0.697
18 25 111 -0.716
35 15 20 0.432
13 41 140 -1.013
35 19 95 0.025
37 14 9 -0.556
31 17 81 -0.123
30 28 41 2.731
23 25 25 1.308
32 16 118 0.558
33 17 10 -0.342
41 8 88 -0.680
29 9 4 0.617
41 4 12 -0.309
25 29 24 -0.775
37 13 80 0.669
35 22 6 0.939
14 33 31 0.698
14 23 107 -0.441
21 36 78 -0.924
30 29 22 1.169
42 3 46 -0.701
19 27 64 1.171
18 27 27 0.380
28 19 42 0.462
27 20 116 1.332
13 34 109 -0.613
24 14 2 0.449
40 18 53 -0.344
26 22 79 0.607
17 32 72 -1.095
38 9 13 -0.347
15 37 144 2.636
38 17 131 -0.739
26 13 116 0.410
18 26 65 1.295
12 32 67 -0.211
24 18 82 -0.922
31 15 81 -0.544
34 17 57 -0.143
41 15 50 1.147
14 31 148 -0.865
39 10 122 0.411
39 12 90 -0.644
16 29 68 0.206
30 22 21 -0.654
21 35 99 -0.777
30 29 60 0.927
30 19 115 1.239
39 10 11 -0.763
14 32 111 -0.803
28 23 59 0.119
29 14 117 -0.456
27 15 78 -0.889
43 14 125 -0.359
23 26 78 -0.134
33 1 7 -0.571
39 9 129 -0.981
19 25 0 0.343
36 9 48 -0.166
41 11 52 -0.777
17 33 67 0.290
36 14 43 0.648
44 17 128 -0.306
21 20 2 -0.013
23 22 4 -1.133
14 35 147 -0.413
12 28 68 -0.602
37 14 56 -0.045
31 16 133 0.708
40 15 17 0.414
29 26 23 -0.528
17 24 65 2.125
22 21 63 -0.828
14 35 141 -0.446
18 19 73 1.812
36 20 120 0.028
36 21 133 0.900
16 31 144 0.934
35 12 89 -0.952
38 16 129 -0.967
25 23 3 0.176
37 20 56 0.434
31 22 80 0.134
18 27 142 1.656
21 23 25 -0.242
29 27 136 0.310
44 12 88 -0.493
28 27 135 -0.134
25 34 24 -0.796
38 19 92 -0.530
27 22 60 0.030
1 45 108 -0.651
42 9 51 -0.665
16 28 37 3.221
17 27 75 -0.803
39 7 15 -0.365
12 29 68 -0.133
20 36 101 0.805
15 36 105 0.245
20 30 101 0.089
34 23 58 0.160
33 13 121 -0.150
23 22 113 2.817
32 7 119 -0.380
21 22 2 0.861
42 11 49 -0.431
34 13 8 0.424
25 26 149 -1.014
32 18 118 0.062
16 25 68 0.247
13 28 31 1.076
12 24 31 0.222
25 37 77 0.631
41 14 16 0.347
19 27 76 0.391
14 37 147 -0.459
12 38 35 1.078
41 17 18 -0.293
9 35 35 -0.732
32 21 6 0.058
23 25 135 -0.683
29 25 97 -1.075
25 19 2 -0.029
16 27 29 -1.185
26 16 5 1.279
21 22 139 2.244
16 30 149 -0.362
14 21 31 0.484
30 21 135 -0.690
36 17 20 -0.560
16 24 148 1.880
40 16 55 -0.503
35 9 47 -0.621
28 27 62 -0.860
39 10 49 -0.234
18 23 34 0.004
10 38 107 -1.155
12 35 30 -0.430
42 15 17 -0.849
35 15 18 -1.135
42 12 53 0.169
19 21 73 0.549
16 24 33 0.781
27 25 135 -0.228
8 33 102 -1.154
40 11 130 -0.595
41 15 46 0.602
32 14 97 -0.605
20 17 2 1.317
13 39 72 0.942
36 19 95 -0.016
17 33 33 -0.484
22 28 113 0.001
9 29 109 -0.463
12 35 143 0.537
12 34 27 -0.890
20 31 64 0.562
32 22 59 -0.249
17 21 110 -0.322
23 20 136 -0.424
13 39 112 -0.897
41 12 16 -0.148
32 13 8 -0.460
7 30 108 -0.703
25 30 24 -0.608
40 10 92 -0.816
13 19 34 0.238
37 10 9 0.572
23 21 101 2.811
18 34 1 -0.049
17 31 65 2.299
14 32 69 -0.174
37 11 18 -0.345
21 25 138 0.307
15 31 110 -1.241
26 27 23 -0.465
38 15 121 -0.498
30 14 116 1.032
22 23 27 0.185
34 17 47 -0.362
43 9 50 -0.558
22 37 23 -0.848
23 36 114 -0.984
30 22 96 -0.887
15 38 102 -0.745
14 29 36 4.286
29 22 96 -1.057
20 30 27 0.500
40 6 11 -0.793
34 16 9 0.822
27 30 24 0.393
13 36 69 -0.651
33 26 43 -0.317
40 18 18 -0.835
23 25 39 -0.376
29 23 23 -0.367
29 22 61 2.025
11 30 35 -0.352
12 32 32 0.567
31 18 96 -0.852
20 24 113 1.295
25 25 3 0.080
39 4 123 -0.327
28 28 77 0.458
26 26 114 -0.054
30 25 97 -0.030
28 16 61 2.927
35 13 46 0.311
37 8 89 -0.597
36 12 89 -0.756
18 29 1 0.131
39 10 52 -0.185
39 18 91 -0.056
26 29 23 -0.739
25 26 79 -0.990
37 8 16 -0.391
38 11 130 -0.338
34 21 19 -0.547
38 20 122 -0.531
14 32 144 1.987
13 30 141 -0.002
31 17 79 0.916
27 16 78 -0.559
32 24 42 2.145
42 19 130 -0.598
28 22 61 1.348
29 24 21 -0.706
28 21 97 -1.140
17 30 64 2.452
21 20 112 2.544
42 5 17 0.603
40 11 11 -0.466
13 38 106 -0.550
17 23 28 0.462
43 11 16 -0.283
27 28 61 -0.638
34 26 43 -0.066
40 14 55 0.337
23 14 3 0.059
19 29 137 0.639
24 30 63 0.987
14 35 34 -0.314
21 21 26 -0.366
25 21 3 0.534
22 19 76 -0.060
35 10 8 0.390
29 19 115 0.141
18 33 101 -0.462
20 36 64 1.071
25 16 3 1.169
17 20 31 0.756
20 21 2 0.691
42 11 121 0.412
11 35 106 -0.688
22 34 26 -0.702
15 22 70 -0.225
30 15 40 0.653
19 31 113 -0.294
25 22 61 1.068
16 32 143 -0.581
23 29 113 0.169
16 37 103 1.583
40 14 121 -0.593
15 33 36 0.942
17 22 34 0.398
11 31 146 -0.637
28 23 116 -0.751
15 28 105 1.222
12 39 68 -0.430
42 10 50 1.498
44 9 124 -0.085
12 21 69 0.938
37 22 56 0.183
9 40 35 -1.178
26 16 82 -1.034
44 7 46 0.405
39 10 47 -0.460
16 29 34 -0.477
23 28 25 -0.736
23 29 139 -0.136
40 12 124 -0.280
31 23 97 -0.625
38 12 48 -0.655
44 12 52 -1.044
14 28 106 2.868
15 30 144 1.918
12 31 141 -0.975
37 14 93 -1.048
42 0 12 -0.850
19 18 2 0.278
38 10 131 -0.893
12 19 33 1.375
28 31 115 -1.009
31 20 116 -0.217
14 38 142 -0.649
41 18 125 -0.050
30 22 118 -0.672
35 16 95 0.939
33 15 20 -0.000
19 38 138 -0.500
19 20 113 1.012
28 21 116 0.084
41 15 18 -0.036
15 38 140 0.118
36 17 120 0.119
13 20 68 -0.692
31 24 94 -1.200
30 17 42 -0.002
40 17 88 -0.296
14 32 34 -0.745
43 7 90 -0.381
40 10 124 -0.132
34 22 97 2.250
14 40 111 -1.152
17 28 137 0.209
35 4 82 0.624
31 21 98 0.783
11 36 32 -0.217
19 24 2 -0.291
42 9 49 -0.894
34 16 43 1.044
24 31 99 -0.883
36 8 84 -0.383
36 10 118 1.851
43 12 125 -0.273
31 17 5 -0.319
17 43 137 -0.918
30 14 117 0.939
19 31 0 -0.462
18 17 138 -0.186
42 9 15 -0.019
12 37 66 1.774
34 18 42 1.061
35 9 119 0.708
19 31 104 -0.132
36 12 10 0.642
34 20 96 -0.309
20 23 138 0.461
32 21 97 0.939
29 22 43 -0.736
20 25 113 -0.226
34 21 95 -0.401
15 28 145 -0.616
28 26 79 0.944
32 20 9 0.245
34 13 81 -0.069
16 32 141 -0.577
30 25 96 -0.893
33 5 45 0.730
32 15 9 -0.148
28 37 60 -1.315
42 7 11 -0.759
42 10 13 0.094
33 28 120 -0.743
11 34 35 -0.615
20 25 138 1.841
22 16 3 0.001
42 5 16 -0.928
21 24 111 -0.917
43 15 129 -0.187
27 26 39 1.527
17 31 75 -0.919
19 29 139 -0.156
23 15 0 2.673
12 31 149 -0.289
36 15 132 -0.931
20 18 27 0.141
39 11 85 0.299
37 11 91 -0.687
27 23 41 0.350
19 29 26 -1.201
12 37 70 0.419
30 19 5 -0.699
28 18 41 0.351
13 23 146 4.821
12 25 106 1.697
38 20 133 0.633
39 10 131 -0.806
13 40 30 -0.825
38 20 56 0.328
22 20 24 0.628
38 11 129 -0.582
39 15 88 -0.169
15 34 103 0.369
31 24 42 0.210
42 6 12 -0.780
23 24 4 -0.702
10 41 146 -0.853
12 42 102 -0.893
37 11 47 -0.639
24 30 62 0.227
39 13 48 0.250
38 2 12 0.177
22 24 37 -0.920
20 24 1 1.163
26 29 61 -0.688
34 19 93 -1.208
42 7 127 0.688
34 21 133 -0.819
27 21 78 0.781
39 17 88 -0.308
38 12 45 1.076
37 14 48 -0.614
32 17 10 -0.819
26 30 60 -1.153
40 6 14 -0.360
42 7 16 0.312
32 23 57 -0.123
21 26 149 -0.839
15 25 70 0.102
11 30 107 -0.143
39 12 15 -0.408
19 28 64 0.609
28 22 136 0.226
27 16 42 -0.086
31 25 98 1.914
38 7 87 -0.858
40 13 92 -0.764
33 18 56 -1.075
29 27 96 -0.914
18 35 138 0.973
21 21 2 0.285
25 17 5 0.971
14 25 144 1.035
15 38 143 -0.693
42 10 127 -0.050
22 32 79 -1.064
26 30 62 0.855
41 9 127 -0.515
36 13 48 -0.747
38 7 90 -0.754
28 31 135 -0.089
13 31 105 0.918
36 22 57 -0.172
27 19 98 -0.307
32 14 45 -0.739
16 35 137 -0.729
31 18 80 0.094
31 15 119 -0.583
35 13 83 -0.198
11 28 65 -0.549
37 6 7 0.231
31 20 119 -0.634
19 27 3 0.699
13 36 147 0.045
35 10 127 -0.863
30 21 117 -0.612
42 12 17 -0.446
34 22 80 0.835
36 13 46 -0.725
38 13 9 0.040
36 20 18 -0.628
10 35 146 -0.811
35 22 20 0.045
30 11 44 1.067
33 8 45 1.470
34 16 54 -0.978
9 40 108 0.322
18 32 26 -1.133
43 11 126 -0.937
39 10 48 -0.430
34 11 124 -0.386
39 14 11 0.069
15 35 141 -0.931
41 10 123 0.115
29 21 115 -0.872
22 31 78 -1.059
34 15 41 1.741
17 33 37 -0.894
30 24 23 -0.137
43 8 90 -0.094
30 26 97 -1.066
26 18 4 -0.264
36 12 133 0.427
40 12 88 -0.250
10 19 31 -0.207
32 19 97 -0.173
27 16 39 2.097
30 23 40 0.993
11 34 32 -0.440
21 19 112 0.455
19 28 73 -0.838
15 25 28 -0.632
31 27 97 -0.543
30 25 120 -0.778
28 25 136 1.119
39 11 49 -0.479
14 34 29 -0.698
31 22 42 0.614
36 9 84 -0.800
26 26 61 -0.024
14 25 141 -0.599
14 37 33 -0.555
11 36 30 0.317
35 16 120 -0.496
16 31 74 -0.157
30 23 94 -1.208
31 11 44 -0.404
29 24 136 0.254
17 34 148 -0.324
39 10 50 1.386
37 17 132 -0.375
41 7 49 -0.193
15 36 75 -1.080
34 13 54 -0.915
35 23 20 0.021
29 15 22 0.648
14 31 111 -0.749
42 6 16 -0.700
25 29 99 -0.792
11 24 105 5.286
42 7 90 -0.006
18 32 101 -0.483
18 30 73 -0.911
20 35 101 0.405
30 23 58 -0.094
18 21 73 2.329
28 17 80 -0.011
11 20 33 1.240
22 24 38 0.732
24 28 0 -0.777
30 17 80 -0.442
23 17 138 1.157
42 6 15 -0.269
18 24 112 1.158
22 22 101 2.264
16 26 31 0.105
20 27 76 -0.108
38 10 52 -0.719
13 33 105 1.713
21 24 1 0.934
26 29 137 -0.499
14 32 71 0.437
28 15 97 -1.015
19 36 63 -0.453
36 1 82 0.713
35 19 47 -0.820
26 15 78 -0.570
41 11 15 -0.616
31 18 118 0.462
13 28 111 -0.201
13 29 66 -0.409
35 5 44 -0.812
34 19 97 2.235
27 26 42 -0.267
15 33 144 0.994
36 20 83 -0.488
27 26 135 -0.640
15 35 33 0.616
37 17 133 1.106
14 42 111 -1.228
11 32 30 -0.776
15 37 103 0.309
9 42 107 -1.130
30 24 118 0.363
23 26 3 -0.800
14 34 30 -1.039
11 33 35 -0.591
33 18 81 -0.435
36 12 120 -0.181
12 22 34 0.522
13 28 32 0.296
30 14 4 -0.091
28 27 134 -0.453
10 40 35 -1.244
23 23 24 1.493
17 31 145 0.334
11 36 71 -1.084
29 26 42 0.331
37 9 49 0.470
44 13 52 -0.342
38 24 130 -1.055
23 37 78 -1.009
30 14 79 0.324
19 31 28 -0.951
21 24 76 -0.579
25 24 5 0.394
37 13 121 -0.783
30 24 60 2.392
8 28 108 -0.815
40 14 46 1.705
44 7 17 -0.570
20 30 26 -1.139
13 32 32 0.068
31 20 42 0.185
13 32 34 -0.547
22 29 139 -0.269
15 30 147 -0.680
25 29 61 0.540
11 31 34 -0.911
14 24 74 2.141
36 16 9 -0.843
36 11 124 0.139
5 46 108 -0.970
30 27 135 2.014
38 5 85 -1.097
35 19 19 -0.524
24 27 25 2.189
29 19 44 -0.827
14 38 145 -0.621
20 25 76 -0.239
17 26 112 -0.180
17 24 103 -1.272
40 7 125 -0.767
38 8 12 1.290
25 31 79 -0.903
14 40 112 -0.729
16 23 34 1.198
14 29 31 0.484
32 25 43 -0.239
12 24 66 -1.279
14 35 112 -0.681
26 20 3 0.846
39 17 128 -0.545
14 39 74 -0.901
13 32 106 -0.934
20 31 37 -0.514
35 17 9 0.559
18 22 69 0.663
35 20 93 -1.017
40 15 88 -0.248
6 37 108 -0.214
23 33 137 -0.648
39 18 93 -1.069
8 37 102 -0.592
37 8 12 1.330
16 33 105 1.433
15 24 73 0.598
22 23 25 0.410
37 13 9 0.470
40 6 13 -0.155
23 23 25 0.680
29 16 96 -1.137
36 12 132 -0.923
33 14 97 -1.199
27 22 44 -0.467
40 9 85 0.778
36 15 6 -0.767
26 20 97 -1.082
38 18 86 -0.934
41 15 17 -0.332
17 28 27 -0.719
41 10 127 -0.384
20 19 110 0.497
26 18 61 1.907
38 13 13 -0.888
38 13 121 -0.658
16 29 105 -0.325
18 33 102 -0.100
18 24 75 1.870
19 16 75 -0.279
22 23 38 1.511
13 31 106 2.953
28 27 115 -1.008
38 17 92 -0.592
35 7 44 -0.554
30 15 5 0.195
42 18 46 0.602
16 29 29 -1.213
12 24 105 5.128
36 17 57 -0.181
18 31 1 -0.257
13 34 105 1.034
34 15 47 -0.383
35 15 11 -0.703
22 24 2 0.560
30 23 42 0.745
15 34 105 -0.441
13 33 145 -0.843
23 29 100 1.007
12 34 143 1.829
23 29 61 -0.627
18 27 139 -0.627
35 20 132 -0.925
21 25 37 1.150
32 18 56 -1.101
12 37 109 0.168
41 9 90 0.057
19 29 65 0.028
28 21 135 -0.564
21 33 137 -0.209
23 21 112 0.801
18 28 37 -0.598
30 21 95 -0.486
14 28 147 0.970
34 13 119 -0.653
31 19 80 -0.159
16 25 31 -0.202
29 24 23 -0.333
22 7 78 -0.926
38 10 121 -0.793
24 27 114 -0.206
28 22 134 -0.736
13 35 35 -0.057
20 25 139 0.646
13 35 148 -1.113
19 20 2 -0.378
34 17 117 -0.235
12 38 104 -0.545
12 36 30 0.422
42 8 14 -0.400
14 28 142 2.242
25 16 2 0.013
35 21 133 0.694
22 31 63 -1.078
31 25 135 -0.526
38 12 55 -0.102
37 15 121 0.016
26 17 39 1.596
25 27 61 0.722
12 40 70 1.098
40 9 11 -0.182
42 17 88 0.078
18 19 34 -0.329
12 37 69 -0.519
23 24 3 -1.139
42 4 17 0.645
31 16 79 0.972
39 12 13 0.213
39 13 10 0.869
20 33 0 -0.566
34 14 124 -0.410
41 13 50 0.625
43 14 91 0.311
38 16 127 -0.284
12 30 66 -0.841
41 19 125 0.041
34 12 46 -0.552
37 7 84 -0.696
31 22 136 1.706
14 33 69 -0.746
17 24 33 0.787
40 12 129 -0.612
35 9 9 1.351
39 15 11 -0.462
16 28 74 0.371
14 26 71 0.919
32 26 43 -0.125
34 20 20 -0.287
38 12 131 -0.455
37 19 92 -0.628
11 35 143 2.597
34 17 133 0.369
23 29 24 -0.553
5 48 108 -0.912
27 10 45 -0.473
33 15 10 0.534
14 33 111 -0.169
17 29 100 -0.917
17 33 149 -1.041
14 33 30 -0.979
19 25 73 -1.100
33 20 43 0.638
41 15 88 0.514
35 18 18 -1.050
30 17 22 0.386
42 11 90 0.068
42 14 92 0.345
31 16 118 0.365
17 24 64 0.856
26 29 39 0.299
21 16 75 -0.421
22 11 1 2.487
25 16 76 2.769
37 18 133 0.626
26 11 4 0.704
23 21 26 0.381
21 20 0 0.219
25 29 115 -1.126
30 22 22 0.616
42 8 92 -0.004
11 37 147 -0.522
37 14 55 -0.291
36 2 85 -1.195
10 38 30 -0.043
38 16 57 0.542
39 21 130 -1.062
18 28 38 0.423
29 19 40 2.653
17 31 70 -1.081
14 33 66 1.603
14 29 67 0.118
40 13 86 0.611
23 31 63 -1.066
22 14 1 0.040
27 21 120 -0.660
38 11 14 -0.090
25 27 79 1.031
21 24 101 -0.490
21 24 139 -0.598
23 19 3 -0.137
38 14 18 -0.234
21 11 1 0.148
36 16 45 -0.140
26 14 116 -0.199
15 34 144 0.177
39 18 92 -0.353
24 29 1 1.661
38 8 89 -0.891
19 30 0 -0.757
43 5 12 -0.676
40 7 90 -0.618
24 24 61 0.206
9 42 35 -1.198
27 22 134 -0.438
27 20 82 -0.734
35 17 20 0.154
38 20 132 -0.363
5 32 30 -1.175
30 24 136 1.675
41 5 51 -0.797
43 7 52 -0.983
16 30 111 -0.686
31 29 60 1.994
16 25 74 1.259
29 23 21 -0.662
39 14 52 -0.062
45 13 91 -0.571
30 19 42 0.168
12 31 72 0.269
16 15 73 1.227
19 27 31 0.089
18 30 27 -0.450
12 32 145 0.036
30 16 39 2.346
33 17 42 0.708
26 32 39 -1.048
37 19 131 -0.884
7 38 108 -0.604
27 25 40 -0.689
26 23 42 -0.455
15 40 148 1.263
20 27 27 1.440
27 24 61 0.690
31 24 97 1.256
28 24 135 0.020
28 20 59 -0.357
42 14 129 -0.842
12 39 32 -0.432
20 29 64 -0.304
32 24 59 -0.033
33 18 117 0.562
25 27 5 0.480
33 12 81 -0.127
14 19 73 -0.231
12 22 69 1.527
35 14 57 -1.083
43 13 52 0.509
17 24 141 3.178
34 25 95 0.279
15 32 104 0.778
41 5 14 -1.202
21 25 101 1.045
35 13 126 -0.879
23 28 0 -0.884
12 41 147 -0.966
37 16 87 -0.335
38 11 86 -0.593
24 18 114 2.704
33 18 58 0.246
14 25 103 -1.162
36 16 57 -0.059
22 28 38 -0.727
41 12 52 -0.200
41 9 123 -0.570
12 36 72 -0.522
38 10 11 -0.195
13 26 147 1.309
40 5 13 -0.358
10 29 70 2.463
16 27 1 -0.651
19 26 113 -0.639
44 6 52 0.115
39 3 12 0.560
31 11 4 0.120
34 13 10 0.742
15 31 67 -0.544
27 22 63 -0.479
14 35 140 0.022
33 22 59 -0.702
31 22 133 -0.549
14 41 32 -1.005
27 22 99 -0.174
28 6 44 -0.989
16 32 36 2.170
42 12 16 -0.222
36 15 56 -0.873
25 26 99 -0.639
41 11 46 0.576
36 15 8 0.140
37 19 94 -1.180
32 13 118 0.952
14 29 103 -1.289
32 26 95 0.169
41 15 55 0.866
38 9 56 -0.208
22 32 99 -1.002
16 33 148 0.630
13 30 72 0.146
21 22 0 1.271
5 47 108 -0.854
19 40 138 -0.708
42 14 49 -0.571
17 21 34 0.609
14 22 106 1.649
13 26 71 -0.365
30 16 120 -0.870
38 9 48 -0.321
26 21 76 0.781
10 38 108 0.572
12 36 67 -1.171
23 32 77 0.260
23 27 113 2.705
22 33 62 -1.038
31 13 117 0.492
42 9 92 -0.969
34 14 83 -0.255
21 34 63 -0.846
36 16 133 0.067
43 14 17 -0.516
18 21 31 0.753
26 22 135 -0.966
38 18 122 -0.374
12 41 112 -0.784
38 12 121 0.772
29 27 135 1.571
24 25 135 -0.585
38 12 92 -0.838
32 26 58 -0.135
25 21 5 0.011
35 18 56 0.039
15 25 149 -0.381
33 17 56 -1.071
15 24 111 -0.796
38 14 90 -0.977
11 30 30 1.028
29 14 39 1.543
14 28 140 1.689
38 14 131 -0.139
23 19 112 0.461
17 31 113 -0.726
16 33 75 0.404
14 28 144 2.677
38 4 12 0.485
39 9 89 0.167
42 14 46 1.350
39 7 131 -0.939
43 12 90 0.304
13 28 68 1.506
29 26 134 -0.219
37 10 87 -0.032
26 31 25 -0.500
18 22 28 -0.481
41 12 129 -0.578
30 17 61 2.890
32 21 43 -0.120
30 25 115 -0.856
38 11 45 0.530
18 21 110 0.462
19 22 3 0.965
11 37 67 -0.886
34 17 54 -0.957
21 27 38 -0.702
15 27 72 -0.106
33 25 58 0.016
31 27 95 0.137
35 4 8 1.376
15 37 140 -0.003
39 9 92 -0.634
12 33 35 -0.331
37 6 131 -1.076
29 22 80 0.068
33 15 7 0.547
22 32 23 -0.954
24 31 77 0.371
27 28 99 -0.084
30 22 42 0.094
37 24 121 -0.283
29 21 97 -1.062
31 24 21 0.662
43 12 88 -0.514
34 18 96 0.206
30 22 41 0.894
40 17 11 -0.147
13 42 32 -0.993
34 12 123 -0.648
37 18 120 -0.032
15 33 147 -1.080
39 12 123 -0.483
25 23 61 -0.518
42 16 128 -0.266
43 9 52 -0.297
42 13 129 -0.523
25 32 23 -0.226
15 37 66 -0.929
19 26 74 -0.332
42 20 130 -0.269
13 35 142 3.991
20 30 28 -0.709
38 11 55 -0.781
37 12 122 -0.068
28 9 4 -0.274
32 21 118 0.027
29 15 44 0.396
42 8 52 0.736
26 12 4 0.389
29 24 115 -0.661
23 13 0 2.636
39 13 18 -0.968
36 7 118 0.770
16 29 75 -0.743
40 10 14 0.024
31 24 59 -0.325
38 3 12 -0.346
15 25 147 0.141
43 15 53 -0.721
16 31 148 0.323
37 6 123 -1.103
26 31 61 -0.744
29 22 22 0.178
40 12 92 -0.948
18 42 137 -1.161
19 25 113 0.321
36 12 50 -0.564
28 21 26 0.833
20 27 38 1.256
41 8 14 -0.775
37 16 48 -0.750
16 26 140 3.337
27 25 136 0.266
16 33 103 -0.857
39 12 12 0.820
30 16 116 0.755
31 19 120 -0.806
31 19 6 -0.058
12 37 143 -0.400
14 39 67 0.702
24 24 62 -0.399
1 47 108 -0.977
38 15 48 -0.069
22 26 113 0.285
35 6 82 1.111
40 10 51 -0.112
36 21 121 -0.129
41 18 17 -0.820
32 22 134 1.121
37 19 81 0.739
16 26 110 -0.325
37 7 83 -0.182
41 14 92 -0.838
28 15 22 0.376
24 22 63 -0.711
14 28 37 -0.560
37 2 7 0.151
12 33 67 -0.599
20 29 26 -1.311
20 23 1 1.231
16 27 69 1.343
18 30 112 0.092
34 19 59 -1.098
35 12 43 0.744
15 27 68 0.316
20 29 113 -0.305
42 2 46 1.107
25 15 3 0.018
19 28 0 -0.128
18 26 140 -0.066
43 9 13 -0.338
15 34 113 -1.063
38 9 129 -0.929
32 18 133 -0.284
33 15 9 0.355
13 21 71 1.593
39 21 55 0.108
26 26 62 1.340
29 22 23 -0.497
35 6 44 -0.037
13 30 75 -0.862
34 7 131 -1.059
38 13 122 -0.055
34 22 94 -0.941
40 11 51 0.436
12 36 34 -0.961
28 24 60 -0.357
9 32 35 0.394
26 15 5 0.934
24 22 76 1.536
28 24 120 -0.755
43 5 51 -0.620
38 20 86 -1.024
18 22 147 2.246
28 30 59 -0.904
15 25 74 0.543
36 12 15 -1.098
35 14 82 -0.515
40 8 45 -0.426
16 20 141 1.234
32 21 96 -0.674
23 23 113 3.232
31 19 42 1.943
26 21 99 -0.542
13 37 109 -1.030
30 28 98 -0.841
13 36 105 0.011
12 39 105 -0.155
37 19 93 -1.131
30 23 98 0.659
38 17 120 0.062
12 26 107 -0.063
37 16 132 -0.776
15 32 66 -0.432
18 27 143 -1.012
22 28 79 -1.043
13 26 33 0.270
11 38 32 -0.025
35 13 80 0.388
37 11 85 -0.666
16 35 36 2.010
38 21 94 -1.189
17 31 143 -0.548
12 31 34 -1.018
12 42 109 -1.176
24 29 24 -0.369
35 12 132 -1.025
40 12 16 -0.629
41 9 126 -0.845
43 10 91 -0.200
15 31 144 0.712
9 39 108 0.355
35 24 20 -0.017
29 21 135 0.439
42 14 13 -0.271
16 29 32 -0.229
36 19 57 -0.131
34 12 119 -0.378
15 37 142 -0.712
23 27 78 -0.389
39 18 88 -0.242
20 27 137 -0.268
40 14 83 0.583
29 14 5 0.362
29 29 41 3.635
23 25 113 2.706
12 36 69 0.533
35 13 121 -0.658
36 15 93 -1.042
39 9 48 0.167
41 13 88 0.302
39 9 127 -0.648
33 12 20 0.419
17 36 69 -0.733
18 26 27 0.063
38 22 120 -0.008
31 17 22 0.107
37 7 87 -0.940
40 11 83 0.548
39 16 17 0.178
42 17 130 -0.462
16 29 31 -0.058
38 12 56 -0.166
31 20 44 0.246
11 36 140 -1.177
33 18 80 -0.108
16 33 69 -0.718
34 24 7 -0.026
38 9 15 -0.178
34 11 83 -0.823
24 31 26 0.139
10 27 105 2.400
42 16 51 0.741
16 18 31 -0.116
39 8 11 -0.660
40 15 18 -0.447
34 17 82 -0.787
18 26 26 -1.190
39 10 46 -1.101
21 34 101 0.533
13 24 69 -0.279
31 21 57 -0.831
41 7 50 0.643
13 27 149 -0.341
42 13 91 -0.093
33 23 133 -0.008
35 14 53 -1.188
17 24 27 -0.866
40 7 11 -0.563
20 22 1 0.717
31 30 97 0.237
33 10 8 0.301
20 18 110 0.176
12 34 29 -0.253
13 36 29 -1.156
16 39 36 -0.526
11 43 139 -1.142
23 23 26 0.034
36 14 122 -0.315
41 9 84 0.903
9 38 109 -0.321
20 40 64 -0.571
38 6 91 -0.850
39 12 86 0.202
16 31 103 -0.951
28 25 39 0.182
35 13 49 -0.859
11 39 104 -0.633
34 15 7 0.760
15 37 149 -0.942
37 3 7 0.299
9 41 146 -0.965
38 7 16 -1.042
27 27 25 -1.176
12 33 143 3.442
18 18 31 0.620
42 15 86 -0.733
18 30 37 -0.288
24 29 139 -0.555
36 15 57 0.044
31 27 43 -0.230
18 22 138 -0.084
29 23 25 0.914
40 14 45 1.449
19 29 33 -0.830
40 8 17 0.120
19 29 28 -0.702
28 31 77 0.757
22 25 139 0.705
29 28 22 -0.884
23 25 0 -0.917
15 26 141 0.200
35 8 11 -0.064
17 24 110 -0.462
35 12 85 -0.983
32 23 61 2.419
43 4 126 -0.027
14 30 34 -1.024
27 27 60 0.935
16 31 104 0.038
22 29 63 0.084
37 16 121 -0.918
34 15 43 0.871
17 25 112 0.136
30 16 41 0.762
11 30 143 3.327
43 5 14 -0.737
11 38 145 -0.564
18 23 0 0.089
32 5 119 -0.722
38 16 8 0.503
43 8 53 0.639
36 17 80 0.225
28 33 96 -0.866
36 16 49 -0.512
12 27 141 0.338
44 5 16 0.820
25 32 24 -0.777
22 19 3 -0.141
12 35 34 -0.811
15 20 69 1.721
22 17 138 0.891
11 32 143 1.380
15 33 71 -0.417
33 13 9 -0.321
37 16 133 0.131
41 7 127 -0.906
34 18 19 -1.081
37 13 120 0.264
26 21 61 1.092
33 23 80 -0.118
24 14 38 0.261
15 24 74 1.751
40 12 52 -0.554
12 24 107 0.333
11 43 146 -0.397
14 32 112 -0.784
13 20 33 1.483
16 38 33 -0.353
37 16 18 -0.687
38 3 123 -0.962
19 23 113 0.932
42 2 17 0.231
40 6 127 -0.777
41 20 88 -0.236
29 25 22 -0.183
10 31 68 -0.819
28 15 115 0.657
19 26 149 -0.907
9 34 35 0.173
39 13 9 0.456
37 9 85 -0.707
27 25 99 -0.648
21 29 63 -0.538
18 37 73 -0.677
19 34 63 -0.376
37 7 45 0.183
42 12 13 -0.231
13 36 104 -1.273
21 24 63 -0.183
34 7 11 -1.210
41 17 17 -0.473
16 37 36 1.273
27 15 82 -1.007
27 28 23 -0.708
23 28 27 -0.883
39 8 123 -0.816
28 24 23 -0.451
30 24 115 -0.516
33 21 19 -0.180
39 9 50 0.394
27 20 98 -0.339
14 28 103 0.738
25 26 60 -0.535
17 24 73 2.575
14 35 142 -0.461
31 12 45 -0.388
38 11 54 -0.736
10 42 105 -0.850
14 26 33 0.681
20 30 63 -0.324
43 10 129 -0.139
27 23 120 -0.852
27 17 39 1.713
34 17 119 -0.649
32 21 40 -0.250
43 16 128 -0.503
19 31 37 0.198
41 2 11 -0.763
26 27 135 -1.030
25 24 24 0.022
35 14 54 -0.951
38 12 125 -0.573
29 17 40 2.495
43 9 126 -0.807
29 19 41 0.368
38 21 19 0.576
45 8 126 -0.113
39 5 131 -0.885
41 12 49 -0.487
19 20 73 0.429
41 6 12 0.098
41 14 83 0.576
17 29 140 -0.349
20 33 101 -0.427
20 25 25 1.075
24 32 77 0.060
11 31 106 0.996
28 22 23 -0.728
34 10 81 0.112
29 27 115 -1.071
41 10 90 -0.220
25 32 60 -1.165
30 23 61 2.139
29 32 134 -1.027
21 31 5 -0.511
4 42 108 -0.985
19 35 26 -0.791
28 24 136 0.506
35 20 19 -0.562
34 15 119 -0.367
27 20 59 -0.772
30 21 57 -0.819
42 17 128 -0.512
16 37 142 -0.668
37 25 132 -0.061
25 28 39 -1.223
40 11 126 -0.389
16 31 75 -0.757
34 21 119 -0.694
38 11 83 0.140
34 17 6 -0.316
33 7 47 -0.948
34 22 7 0.209
43 2 12 -0.370
35 0 82 0.122
27 29 77 0.398
39 15 126 -0.026
14 22 28 -0.441
31 21 97 1.969
21 20 114 0.783
34 23 57 -0.247
34 19 19 -0.424
11 40 72 -0.546
11 22 105 4.432
34 20 21 -0.047
33 16 121 -0.506
16 34 103 0.566
34 24 133 -0.743
35 14 133 -0.285
14 25 71 1.937
19 33 137 0.400
13 30 103 2.942
11 40 65 -0.541
24 19 2 0.070
12 40 71 -0.851
17 42 137 -1.130
37 14 17 0.321
13 23 71 1.758
17 35 112 -0.713
15 36 149 -0.968
16 35 149 -1.104
17 21 2 -0.287
25 29 136 -0.779
12 29 29 -1.023
39 13 49 -0.221
17 32 36 2.230
32 12 45 -0.521
35 19 118 0.431
35 18 6 1.203
27 21 39 1.294
25 21 39 1.203
14 28 67 0.158
16 29 142 4.872
34 11 120 -0.771
43 11 49 0.671
39 13 8 1.385
17 32 75 0.438
16 24 74 1.955
13 37 147 -0.979
32 17 44 -0.359
16 32 72 0.538
40 10 88 -0.669
23 25 136 -0.032
29 13 116 1.858
30 20 41 0.404
24 32 23 -0.313
38 11 51 0.135
37 8 47 -1.218
16 25 27 -0.556
34 19 20 -0.206
21 21 38 0.678
30 12 40 0.445
38 21 120 0.029
15 28 141 0.223
34 23 19 -0.694
29 20 4 -0.026
15 38 103 1.100
24 25 24 1.306
15 37 109 -1.087
36 5 8 -0.107
39 17 10 0.765
25 22 39 0.982
48 0 12 -1.106
39 9 11 -0.715
11 28 67 0.485
34 15 96 0.005
37 22 19 0.304
30 18 21 1.523
18 29 144 -0.870
27 28 42 -0.435
21 28 63 -0.358
27 27 134 -0.376
13 40 143 -0.308
22 24 139 -0.565
36 11 120 -0.886
16 36 103 -0.576
34 16 10 0.297
21 21 0 1.080
32 22 58 -0.013
14 30 104 -0.980
37 10 13 -1.118
18 18 110 0.921
15 35 75 -0.865
22 38 100 -0.766
32 22 42 1.535
35 18 20 0.699
21 28 75 0.519
24 21 135 -0.054
19 39 63 -0.250
31 17 77 2.795
25 26 62 -0.338
31 16 117 0.152
12 31 71 0.364
12 25 67 -0.333
16 25 70 0.082
25 33 62 -0.445
15 29 144 0.359
19 30 73 -0.979
10 27 144 5.370
17 26 38 -0.330
34 14 43 0.622
16 38 69 -0.764
23 22 138 1.200
15 41 75 -1.023
18 22 64 2.983
40 9 51 -0.891
17 30 1 -1.168
15 36 112 -0.734
33 20 119 -0.659
15 37 67 -0.319
9 44 105 -0.732
34 12 10 -0.459
40 16 10 0.944
39 6 11 -0.812
16 22 34 0.173
22 16 1 -0.146
31 25 21 0.970
38 5 15 -0.401
42 10 92 -0.306
31 16 5 -0.080
36 12 121 -1.001
10 43 109 -1.122
24 23 114 2.608
34 20 6 0.192
30 21 41 1.561
37 11 122 1.005
31 21 21 0.712
7 33 32 -0.874
18 25 33 0.593
38 12 129 -1.062
13 41 71 -1.094
32 24 43 -0.072
13 35 34 -0.802
12 31 107 -0.476
35 17 6 -0.029
13 41 72 -0.778
16 29 69 0.550
40 11 50 0.136
30 30 60 0.810
22 23 2 -0.582
22 9 0 1.726
18 29 37 1.424
19 28 149 -0.684
25 32 79 -0.905
15 31 103 -0.369
17 29 37 2.120
14 28 111 -0.372
27 28 25 -1.004
37 8 13 -0.731
17 36 148 -0.852
30 19 21 1.696
20 27 2 -0.408
42 7 52 -0.220
13 37 30 -1.095
37 24 130 -0.991
17 29 143 -0.611
43 13 126 -1.029
37 1 46 -0.262
20 32 137 -0.412
38 13 123 -0.333
5 43 108 -0.927
13 33 67 0.094
41 15 47 -0.608
33 10 80 0.128
14 40 113 -0.876
34 12 44 0.133
33 12 123 -0.802
26 30 39 -0.855
30 19 22 0.453
32 21 21 0.073
15 32 143 -0.756
38 13 18 -0.589
21 18 138 0.839
23 29 137 -0.743
44 13 127 0.055
26 20 82 -0.812
40 9 92 -0.968
16 23 74 0.417
20 35 65 -0.107
18 24 34 -0.291
18 27 69 0.508
12 30 148 -1.214
35 8 82 0.683
14 29 144 3.591
36 22 6 1.665
38 19 83 -0.850
27 18 4 -0.237
28 14 40 2.355
20 23 25 0.082
17 36 140 -0.297
12 39 143 -0.302
17 23 27 -0.968
38 13 15 -0.445
15 30 33 1.322
35 15 85 -0.889
28 12 118 -0.230
19 22 64 3.855
31 18 22 0.589
10 37 30 -0.594
10 32 106 -1.071
14 32 67 0.194
16 32 37 4.466
13 25 142 0.235
19 34 26 -0.900
27 12 115 1.282
19 39 138 -0.598
12 33 70 0.503
17 29 104 0.393
23 27 149 -1.019
19 27 2 -1.185
28 21 23 -0.346
33 16 95 -0.056
41 11 18 0.003
39 11 16 -0.952
35 14 117 0.059
38 8 13 -0.851
28 30 23 -0.479
27 23 116 1.072
38 10 53 0.372
19 19 64 0.344
43 10 46 0.251
40 11 124 -0.221
14 23 145 -0.895
37 7 13 -1.042
25 13 4 0.095
43 13 124 -0.378
40 10 54 -0.783
27 19 120 -0.626
13 39 29 -0.767
33 17 97 1.891
34 17 93 -1.107
27 31 25 -0.566
40 13 17 -1.018
29 18 59 -0.626
27 21 99 -0.804
19 18 1 0.315
29 24 60 1.768
20 25 1 1.087
42 9 88 0.450
41 7 124 -0.235
29 21 136 0.540
33 24 59 -0.318
17 31 38 -1.020
37 18 121 -0.928
12 33 146 0.624
19 27 37 1.006
28 32 23 -0.457
35 15 43 0.856
20 17 149 0.431
29 26 135 1.100
20 28 37 -0.956
40 13 123 -0.389
23 13 3 0.432
35 14 120 -0.857
30 20 40 0.168
32 19 80 -0.280
32 16 116 -0.401
27 30 25 0.907
40 11 14 -0.084
11 34 110 -1.167
39 10 9 0.101
19 29 104 -0.033
12 32 108 -0.934
7 37 71 -1.116
27 21 98 0.282
26 22 39 -0.646
40 17 91 -0.376
14 31 70 -0.393
30 22 23 0.053
25 25 135 0.525
14 35 32 3.430
15 25 103 4.891
34 7 121 -1.008
23 23 5 -0.227
27 16 40 2.736
18 28 112 -0.921
43 12 16 0.352
29 26 39 0.107
15 30 141 -1.045
16 35 68 -0.893
34 14 56 -1.182
32 3 82 -0.858
17 29 26 -1.253
20 29 137 -0.565
35 17 11 -0.698
20 29 2 -0.103
31 13 115 0.953
13 32 27 -1.126
27 7 4 0.740
13 31 36 0.949
43 7 15 -0.368
21 28 37 2.325
30 21 43 -0.381
40 11 86 0.995
28 18 42 0.209
40 18 17 -0.818
37 5 87 -0.175
34 16 46 0.065
11 33 32 -0.128
16 28 67 -0.895
28 33 77 0.626
31 26 22 -0.623
17 35 103 0.493
33 21 80 0.301
35 11 127 -0.888
41 3 17 0.474
38 9 85 -1.034
16 24 34 1.747
27 23 62 0.278
24 26 25 0.475
13 22 33 2.058
31 17 41 2.094
40 21 55 -0.273
15 37 74 -0.817
31 16 77 1.396
14 20 34 0.546
13 29 144 0.856
9 37 35 -1.240
27 15 40 2.193
29 21 42 -0.357
16 26 29 -1.065
31 21 134 -0.010
39 11 13 -0.401
38 4 85 -1.237
44 5 126 0.141
35 7 7 0.143
22 16 63 -1.206
13 37 142 -0.777
36 21 94 -0.915
19 28 63 -0.434
11 29 105 1.323
32 26 42 0.408
22 32 0 -0.415
25 28 4 -0.956
30 20 22 0.203
26 23 24 2.017
31 26 59 -0.288
32 23 40 -0.625
39 12 92 -0.849
22 30 25 0.851
39 11 90 -0.522
30 26 58 -0.278
39 16 87 -0.424
30 21 134 -0.825
33 9 84 -0.247
13 29 71 0.234
41 15 130 -0.374
38 15 92 -0.513
40 10 127 -0.242
34 18 86 -0.934
34 15 121 -0.305
31 14 7 -0.034
13 37 36 1.186
31 16 115 0.432
31 18 40 0.173
13 41 105 0.298
16 32 103 1.076
5 44 108 -0.746
21 35 100 -0.459
15 28 144 -0.143
38 23 56 0.345
33 18 94 -0.686
25 20 114 2.397
35 14 126 -0.905
24 12 0 2.067
28 11 115 1.904
37 10 131 -0.908
41 10 122 -0.063
27 18 40 2.611
42 1 12 -0.410
28 24 44 -0.722
15 36 36 0.493
13 29 107 -1.066
34 19 21 -0.186
28 23 98 -0.849
31 11 118 0.324
13 36 143 -0.081
35 20 41 1.858
37 17 6 1.723
39 5 45 -0.303
14 27 144 -0.796
16 26 144 -0.714
38 10 12 2.078
35 14 134 0.454
14 26 2 -1.278
41 12 46 1.811
37 20 132 0.092
16 35 67 -0.886
10 36 35 -0.957
44 11 52 -0.617
29 16 5 -0.532
36 22 130 -1.074
44 9 90 -0.264
27 27 41 -0.103
37 12 121 0.014
42 7 15 -0.166
20 26 1 1.847
38 20 94 -1.190
28 26 41 0.008
32 16 9 0.097
31 0 82 -0.822
21 24 75 1.913
40 12 54 -0.704
36 14 47 -0.580
41 12 55 0.749
24 21 76 1.087
29 28 136 -0.467
38 13 87 -0.136
35 14 41 1.545
27 27 23 -0.953
31 27 120 -0.527
36 12 49 -0.630
26 23 97 -1.182
19 33 26 -1.154
23 24 114 1.351
31 9 119 -0.718
31 21 120 -0.789
23 26 139 0.274
13 27 36 3.262
36 23 7 0.583
19 30 140 -0.087
19 33 73 -0.399
11 27 107 -0.822
30 24 41 1.441
34 24 19 -0.506
34 4 45 0.590
17 27 104 1.285
39 19 54 -0.389
24 21 116 -0.013
21 30 149 -1.104
20 23 139 0.295
12 32 105 2.542
31 14 80 0.033
23 26 24 -0.044
30 28 96 -0.756
29 20 117 0.021
33 17 81 0.093
38 11 93 -1.019
37 16 45 0.804
43 13 129 -0.212
16 32 74 2.263
25 29 25 -0.570
23 30 24 -0.297
37 14 53 -1.100
26 34 23 -0.938
24 23 149 -0.946
25 17 38 1.099
40 18 130 -0.995
17 25 104 -0.099
23 25 37 -0.276
29 28 41 3.813
16 31 140 -0.172
27 20 117 0.204
39 17 54 -0.360
20 37 62 -1.244
29 17 21 2.187
41 14 48 -0.564
19 21 75 1.795
13 24 29 -1.142
29 13 39 1.891
29 28 134 -1.168
43 11 17 0.402
13 28 141 1.237
20 20 75 -0.191
17 21 1 -0.705
37 7 86 -0.970
16 23 70 0.179
31 26 60 1.754
36 14 127 -0.144
35 17 18 -0.906
16 24 73 -0.226
16 29 102 -0.620
21 19 2 1.647
16 27 110 -0.472
31 23 118 0.167
21 27 37 3.093
28 16 43 -0.080
19 17 138 0.614
11 33 104 -0.739
37 16 122 0.084
38 17 56 0.665
32 15 6 0.195
29 27 59 -0.885
24 21 60 -0.738
15 39 0 -0.874
11 32 145 -0.186
36 23 6 1.551
31 14 5 -0.034
14 22 110 -0.607
27 19 60 -0.926
41 12 48 -0.614
30 21 42 0.041
35 12 48 -0.410
40 14 130 -0.485
22 26 25 0.616
41 11 87 0.617
40 7 14 -0.402
21 30 138 -0.563
20 37 137 -0.342
21 27 138 0.180
38 17 128 -0.806
42 7 53 0.204
20 36 63 -0.410
30 26 23 -0.295
29 21 134 -0.499
23 35 25 -0.716
34 20 58 0.100
39 19 55 -0.525
29 17 39 1.872
41 8 49 0.665
39 19 131 -0.828
41 13 55 1.013
39 17 93 -0.997
18 30 33 -0.717
17 28 104 0.824
40 4 16 -0.651
41 9 50 0.549
36 14 49 -0.824
44 12 16 0.436
41 12 125 -0.835
42 10 49 -0.236
13 39 142 -0.897
18 31 112 -1.016
17 20 73 0.521
24 25 3 0.122
35 25 132 -0.248
43 6 16 -0.885
22 29 25 0.183
17 20 34 0.224
20 27 26 -0.552
44 4 126 0.032
35 16 81 0.293
17 20 27 -1.149
29 20 98 1.442
11 31 109 -0.041
27 19 40 2.279
28 14 4 0.467
33 20 118 -0.207
41 8 84 0.695
39 14 15 -0.391
24 28 99 -0.986
38 7 121 0.655
23 35 23 -1.053
35 12 83 -0.763
36 16 93 -0.849
34 16 93 -1.124
23 20 25 -0.166
18 32 100 -0.669
30 14 77 3.083
42 10 52 0.417
35 19 45 0.416
15 25 31 1.094
22 36 63 -1.069
37 12 53 -0.758
16 29 104 -0.328
31 15 116 0.308
27 20 114 1.300
34 25 119 -0.912
40 9 124 -0.399
25 26 61 -0.506
22 16 0 2.181
41 15 13 -0.067
9 35 146 -0.811
14 40 147 -0.579
38 15 9 0.249
42 15 128 0.013
14 38 32 -0.635
26 17 44 0.128
40 16 18 -0.291
12 42 147 -0.924
23 27 24 -0.155
38 7 46 -0.328
33 22 95 -0.030
31 22 118 -0.723
37 18 6 0.987
13 31 145 0.824
38 18 84 -0.003
29 17 118 -0.006
11 20 69 0.576
26 20 44 -0.556
44 11 127 -0.672
35 13 43 1.258
14 30 142 1.653
22 34 24 0.127
12 32 35 -0.412
32 14 44 0.422
11 26 31 -0.548
17 29 38 -0.341
16 23 140 2.176
37 11 45 0.866
36 13 45 0.916
16 27 70 -0.179
42 6 127 -0.159
40 14 124 -0.871
38 14 122 0.247
31 16 41 1.152
12 31 35 0.070
31 19 44 -0.195
36 9 12 -0.326
9 27 29 -0.762
31 15 117 -0.569
18 24 28 0.153
42 12 46 1.080
20 28 63 -0.742
17 30 113 -0.630
22 27 4 -1.063
36 8 15 -0.960
35 18 58 0.382
11 41 139 -1.136
20 30 149 -1.190
22 26 2 -0.194
18 35 113 -1.164
12 18 34 0.361
41 5 90 -0.322
35 14 9 1.375
11 34 72 0.075
35 21 57 0.403
19 24 111 -0.954
23 33 62 -0.195
39 18 54 -0.215
31 18 7 -0.587
17 30 143 -0.318
18 23 73 3.089
23 22 3 -1.060
38 11 131 -0.803
12 24 29 -1.158
12 34 105 3.008
38 7 91 -0.435
37 3 123 -0.894
22 23 3 -0.311
35 16 83 -0.322
11 40 145 -0.378
38 19 131 -0.808
41 13 17 -0.520
16 28 28 0.531
27 31 62 -0.268
22 20 112 2.454
16 34 140 0.353
34 9 80 0.364
34 16 118 1.015
20 27 63 -0.523
14 31 68 -0.818
17 28 147 -1.160
33 19 6 1.477
20 23 112 3.329
15 32 144 2.035
34 19 56 0.203
29 18 134 -0.324
32 27 134 -0.886
23 20 3 -0.065
33 21 58 -0.118
15 34 66 1.564
11 33 145 -0.229
19 36 140 -0.661
38 7 48 -0.233
29 24 22 -0.068
35 10 126 -0.835
37 11 132 -0.048
13 33 143 -0.722
14 30 68 0.734
31 13 5 0.019
28 12 82 -1.009
36 6 83 -0.384
35 15 133 0.058
29 27 97 -1.133
21 26 28 -0.110
11 39 109 -0.648
17 39 137 -0.613
11 35 105 -0.661
36 21 6 1.526
34 15 53 -1.172
33 5 82 0.345
20 25 37 3.687
33 20 97 2.805
15 28 75 0.233
26 32 114 -0.033
38 15 123 -0.261
41 8 50 -0.268
17 37 36 1.703
32 21 120 -1.011
38 13 56 0.015
32 14 80 -0.140
24 21 98 -0.259
34 9 124 -0.647
19 32 149 -0.952
42 12 49 -0.338
37 14 13 -1.026
31 28 58 -0.355
26 19 3 1.301
38 17 132 -0.792
13 27 35 1.628
24 30 0 -0.915
10 38 110 -1.273
34 13 82 -0.493
34 22 57 -0.290
16 27 34 0.146
13 21 33 2.826
25 23 79 1.010
6 29 108 -0.848
24 24 24 1.257
38 17 129 -1.043
29 26 96 -1.007
18 20 73 1.854
26 21 60 -0.596
23 25 24 -0.691
14 40 143 -0.625
43 9 14 -0.493
40 13 87 0.598
21 37 100 -0.524
34 22 58 -0.880
29 18 39 1.578
30 13 116 1.886
18 25 141 -0.150
22 29 2 -0.857
18 21 147 0.667
25 27 59 -0.693
19 21 110 1.675
11 42 109 -1.018
32 24 21 0.761
35 20 18 -1.127
37 18 87 -0.431
30 13 117 0.653
32 18 10 -0.660
37 20 6 1.159
16 28 27 -0.949
20 34 26 -0.487
37 10 48 -0.110
27 9 119 0.277
25 26 4 -0.926
15 30 149 -0.284
12 34 32 0.974
13 41 143 -0.020
30 18 80 0.385
36 22 56 0.458
35 7 84 -0.895
29 15 117 -0.208
12 30 142 3.497
28 22 96 -1.041
14 33 147 -0.713
35 15 122 -0.591
44 11 126 0.023
28 26 134 -0.815
24 26 139 -0.458
40 16 53 -0.325
13 33 69 -0.262
23 35 77 -0.006
32 27 97 -0.507
39 15 48 -0.480
20 25 2 0.137
21 13 138 1.953
31 25 58 -0.313
39 12 53 0.213
36 14 121 -0.767
32 20 6 0.354
36 11 10 1.047
27 32 23 0.152
25 32 77 0.688
9 28 102 0.709
38 14 49 -0.854
38 14 53 0.317
24 13 1 2.593
15 25 1 -0.960
31 19 116 0.455
31 17 118 -0.366
16 33 102 -0.733
32 20 40 -0.335
23 37 62 -0.664
14 37 142 -0.714
37 16 92 -0.953
42 7 50 -0.445
34 9 81 -0.221
18 21 27 -1.063
31 5 82 -0.587
16 26 72 -0.124
25 28 24 1.317
15 35 34 -0.414
33 18 6 0.179
14 34 142 -0.859
16 36 137 -0.167
31 15 58 0.155
24 19 76 0.603
16 29 70 -0.709
36 14 83 -0.208
26 33 23 -0.812
17 23 73 0.888
39 15 123 -0.973
34 15 80 -0.340
12 30 29 -0.276
11 32 66 -0.942
34 20 57 -0.661
13 37 112 -0.876
12 20 69 0.729
43 16 52 0.382
36 13 47 -1.146
18 34 36 2.898
14 31 27 -0.880
24 32 99 -0.884
40 13 14 -0.181
26 25 149 -0.960
9 43 105 -0.721
33 19 80 -0.570
31 16 7 -0.607
34 19 6 0.885
11 36 143 3.441
19 31 101 -0.099
41 11 53 1.164
36 9 7 -0.164
38 20 91 -0.317
19 30 65 0.697
28 19 61 0.477
16 31 112 -0.650
31 17 80 0.015
26 28 61 -0.391
10 35 32 -1.031
29 15 39 2.154
31 18 116 0.566
15 35 36 1.100
17 30 28 -0.499
38 13 132 -1.116
12 31 144 5.538
22 29 24 -0.440
20 18 63 -0.786
11 32 70 0.850
38 18 132 -0.755
31 22 21 1.681
13 34 149 -0.492
31 22 117 -0.195
34 15 95 0.084
42 17 129 -0.843
19 21 3 0.529
41 16 17 -0.333
24 24 78 -0.267
16 26 142 1.770
36 19 130 -1.113
37 13 129 -0.934
18 37 64 0.361
41 21 88 -0.295
13 33 107 -0.473
36 24 120 -0.298
39 11 50 1.689
42 9 50 0.623
39 8 89 -0.779
12 29 70 1.252
26 27 39 0.253
40 3 123 -1.048
39 7 85 -1.184
41 8 126 -1.059
15 19 69 1.235
16 22 29 -1.108
21 18 2 1.940
39 11 122 0.646
31 22 44 0.080
37 13 89 -0.588
38 13 48 -0.198
28 28 40 -0.449
25 32 114 -0.196
29 14 115 1.774
17 25 141 2.070
18 27 64 1.939
28 20 97 -0.990
35 23 132 -0.814
14 41 66 -0.179
16 33 140 -0.992
15 31 104 0.102
28 29 135 -0.234
35 24 19 -0.033
28 17 116 0.752
22 37 62 -1.076
40 7 87 -1.218
19 23 73 0.594
40 13 55 0.225
12 40 72 -0.642
12 33 36 -0.252
26 28 58 -0.082
25 25 114 1.161
35 6 85 -0.082
20 22 0 0.921
39 11 54 0.496
40 8 13 -0.118
16 26 73 -0.886
36 23 20 -0.384
28 31 99 -0.443
41 15 87 0.813
11 35 32 0.049
22 30 38 -1.016
13 33 139 -1.203
15 33 27 -0.874
20 23 110 1.946
10 35 71 -0.755
9 40 109 -0.491
20 19 2 -0.297
15 25 144 1.332
21 26 38 0.982
13 32 69 0.752
35 20 45 0.190
9 32 70 -0.856
14 36 149 -0.963
15 23 140 2.414
38 7 124 -0.396
15 40 113 -1.186
26 33 59 -0.757
15 34 33 -1.049
34 21 97 2.341
12 42 72 -0.839
15 31 38 -0.689
38 11 85 -0.170
12 33 105 2.371
35 17 133 0.362
24 34 60 -1.239
28 12 44 0.019
31 14 120 -0.817
24 20 62 -1.035
36 1 131 -1.041
41 6 14 -0.654
18 34 38 -0.688
16 30 148 0.541
30 9 4 -0.398
16 35 112 -0.794
13 32 149 -0.625
39 11 124 -0.976
39 11 14 0.260
10 35 72 -0.790
23 27 26 -0.263
27 28 135 0.426
22 26 38 -0.168
36 7 11 0.192
37 17 120 0.084
29 22 136 0.273
8 32 32 -0.503
20 24 74 -0.320
21 37 101 0.699
37 9 118 1.615
35 13 85 -1.039
33 19 58 -0.453
41 18 88 -0.205
40 9 89 -0.514
39 12 47 -0.360
28 19 4 0.340
34 17 5 0.345
14 34 68 -0.457
16 21 73 1.306
29 29 98 -0.650
10 40 139 -1.120
36 5 45 -0.143
20 22 4 -0.636
39 15 53 -0.266
31 28 97 0.327
39 14 17 0.389
23 29 63 0.537
26 24 6 0.546
16 25 28 1.547
26 10 4 0.685
40 13 13 -0.082
16 35 141 -0.218
17 33 103 -1.023
37 16 131 -1.105
12 37 106 -0.771
11 36 68 -0.568
33 13 20 -0.138
41 14 129 -0.867
15 29 32 1.736
22 21 0 1.386
32 7 7 -0.842
39 17 17 -0.130
9 36 143 -0.865
15 26 31 -0.997
23 19 27 -0.271
29 21 117 -0.934
37 18 122 -0.561
22 25 63 -0.299
11 20 68 -0.074
14 33 70 0.088
43 10 16 -0.024
16 19 73 1.926
39 15 92 -0.493
37 13 56 -0.660
15 34 148 0.205
37 20 8 0.993
29 25 59 -0.275
11 36 107 -0.571
33 20 19 -0.681
40 17 130 -0.767
39 11 48 0.432
39 10 88 -0.788
17 25 149 0.649
16 37 75 -0.852
37 14 122 0.046
21 16 0 1.420
40 8 124 0.031
29 19 22 0.640
33 18 43 0.628
18 38 112 -0.848
30 24 94 -1.235
36 23 132 -0.253
41 12 14 0.007
11 38 107 -1.167
39 18 55 0.043
28 16 42 -0.153
19 30 2 -0.485
17 19 73 -0.468
33 21 42 0.421
30 21 23 -0.221
16 30 104 1.617
25 24 136 -0.703
37 5 123 -0.276
42 6 53 0.061
30 17 96 -0.746
30 16 21 2.250
35 23 57 -0.100
11 32 107 -0.903
14 37 36 -0.394
28 26 136 1.848
14 31 69 -0.760
40 17 84 -0.585
38 16 10 0.456
42 12 88 -0.164
37 15 127 0.134
41 13 11 -0.308
26 17 3 1.238
34 19 9 1.575
13 26 31 0.420
27 16 59 -0.926
20 24 75 0.340
27 20 40 1.974
38 7 9 0.760
19 19 31 0.055
11 36 65 -0.387
25 26 98 -0.185
25 24 98 -0.388
31 20 40 0.085
35 20 81 0.714
18 33 104 0.023
37 9 56 -0.472
8 35 32 -0.649
39 8 50 1.121
21 21 139 2.315
18 23 69 0.731
16 27 144 0.581
15 33 141 -0.846
31 26 135 -0.341
42 11 47 -0.305
36 19 56 -0.218
15 30 69 -0.606
12 25 69 0.849
26 13 4 -0.002
22 26 0 -0.910
21 26 113 -0.864
23 34 99 -1.159
39 10 123 -0.227
18 26 28 0.532
23 21 2 1.238
37 1 131 -1.088
39 20 131 -0.983
23 25 100 -0.055
27 22 117 -0.237
34 9 47 -0.737
23 32 24 -0.484
16 29 111 -0.230
32 12 4 0.251
42 6 90 -0.425
43 7 53 0.538
31 25 22 0.935
33 14 81 0.112
38 13 7 0.399
11 35 35 0.280
15 28 148 1.062
20 27 28 0.127
37 5 13 -1.062
19 31 137 0.568
36 20 121 -0.178
13 26 36 2.924
40 9 52 -0.388
27 30 79 -0.923
32 14 8 -0.384
39 5 84 -0.122
37 16 91 -0.915
37 8 48 -0.288
32 13 81 -0.439
41 12 91 -0.187
28 24 39 0.408
39 15 122 -0.304
33 21 95 -0.045
36 24 132 -0.849
32 19 58 0.068
43 14 49 0.041
26 27 41 -0.237
40 12 83 0.483
11 28 144 6.145
16 19 34 0.563
32 23 58 0.210
19 22 73 -0.283
41 14 52 -0.648
18 26 75 2.053
25 24 26 -0.489
24 14 0 1.452
42 7 92 -0.511
40 16 46 0.737
34 9 85 -0.294
11 38 72 -0.125
38 9 90 -0.878
11 31 35 0.165
17 33 75 -0.392
30 18 134 -0.771
13 30 102 1.048
26 27 59 -0.775
39 11 10 0.659
45 11 126 -0.094
24 36 114 -0.693
40 11 10 0.875
22 16 76 2.139
20 31 149 -0.800
41 5 88 0.124
16 36 113 -1.082
37 17 19 -1.051
38 10 8 2.204
29 24 96 -1.013
39 21 94 -1.048
22 33 99 -0.116
39 17 94 -1.129
21 33 23 -0.489
41 5 84 0.529
24 19 99 -0.846
0 44 108 -0.964
41 14 128 -0.016
10 34 32 0.383
31 20 81 -0.581
30 26 60 2.204
35 11 119 0.602
40 8 90 -0.345
33 7 121 -1.000
15 31 112 -0.821
24 31 24 -0.496
39 16 93 -0.990
15 27 70 -0.249
18 22 27 -1.061
29 20 61 2.684
25 31 26 -0.173
12 34 109 0.348
22 27 26 -0.093
41 15 11 0.640
25 16 116 -0.166
16 38 112 -0.828
39 8 125 -1.088
32 11 8 -0.878
30 20 42 0.146
42 8 53 0.365
39 12 51 0.320
11 41 106 -0.141
11 33 108 -0.728
42 11 11 -0.278
32 27 98 -0.914
7 36 109 -0.695
25 30 23 0.558
21 30 113 -0.760
29 26 100 1.596
27 27 116 1.751
27 16 77 1.546
33 13 84 -0.124
21 14 138 2.376
18 29 113 -0.838
34 24 6 1.641
15 24 144 -0.799
12 28 33 0.777
30 27 60 2.335
40 19 88 0.475
28 18 114 1.474
12 36 146 -0.453
31 27 60 0.654
20 33 26 -1.052
40 11 13 0.203
12 32 30 -0.142
30 27 42 0.199
17 26 143 -0.969
21 30 101 1.612
42 10 53 0.346
28 16 59 -0.907
28 31 59 -0.988
10 38 72 -0.956
40 16 86 -0.084
42 11 128 0.256
34 23 20 0.109
12 36 140 -1.099
12 36 70 1.017
37 9 50 -0.589
38 13 49 0.374
23 23 3 -0.639
9 30 35 -0.181
19 32 101 -0.268
18 23 74 -0.078
37 16 57 -0.943
12 36 105 -0.222
36 20 19 -0.403
34 9 8 0.666
36 9 45 0.079
39 10 86 -0.157
11 38 30 0.395
17 27 3 -1.320
25 10 44 -1.058
15 31 141 -0.683
18 24 37 0.336
28 22 115 -1.056
38 16 132 -0.878
33 19 43 0.560
31 16 22 0.186
16 38 147 -1.126
32 24 97 2.334
37 9 87 -0.002
38 13 124 -0.330
39 8 15 -0.512
35 9 80 0.203
41 10 87 0.600
36 14 89 -0.712
12 36 107 -1.143
25 24 99 -0.771
28 21 117 -1.022
16 33 112 -0.667
31 22 6 -0.316
30 17 5 0.128
13 22 107 0.229
34 7 8 0.394
38 10 90 -0.335
12 38 147 -0.460
27 21 5 1.061
37 16 83 0.495
12 40 105 0.358
35 10 48 -0.234
38 10 83 0.505
13 39 68 0.159
16 29 27 -0.974
27 24 99 -0.623
13 31 111 -1.043
39 11 130 -0.367
32 14 42 0.573
15 26 70 0.328
23 22 114 2.159
21 21 3 -0.844
29 27 21 -0.974
16 28 73 -0.929
32 21 59 0.063
32 4 82 -0.795
36 13 121 -0.369
24 31 62 -0.148
17 33 139 -0.761
12 31 33 0.406
42 15 125 0.228
17 26 27 -0.432
19 31 73 -0.606
25 19 99 -0.946
17 33 113 -0.748
37 15 132 -0.793
22 26 149 -1.067
19 26 148 0.305
28 22 77 0.669
34 15 83 -0.525
34 21 59 -0.823
29 15 116 0.446
8 36 72 -1.085
11 29 67 -0.341
19 35 148 -0.031
39 8 121 0.874
18 25 139 0.939
35 22 82 -0.734
35 23 58 0.223
22 22 28 -0.908
15 34 142 -0.617
32 14 10 -1.091
33 20 95 -1.169
6 34 108 -0.763
35 16 8 0.658
12 35 67 0.225
14 37 67 0.041
20 35 138 -0.789
18 27 110 -0.864
31 21 77 1.575
39 18 94 -1.023
35 15 8 0.168
12 24 146 2.962
15 30 66 0.085
24 26 24 0.026
28 21 114 0.589
27 24 136 0.293
7 32 102 -0.973
27 11 4 0.431
24 29 26 -0.192
11 41 71 -1.129
9 31 106 -1.064
37 21 19 0.839
23 24 25 0.794
33 25 133 -0.075
36 17 10 0.082
18 18 2 -0.436
38 5 12 0.667
27 30 99 -0.441
28 26 59 -0.445
32 25 95 -0.036
14 26 36 3.059
11 36 106 -0.825
37 18 131 -0.347
25 29 39 0.001
27 27 79 0.729
34 12 8 0.542
25 24 114 0.202
18 30 76 -0.595
34 22 133 -0.171
28 25 77 -0.043
28 21 22 -0.398
30 26 98 -0.665
39 12 48 -0.360
17 31 36 1.950
30 25 41 2.454
14 44 111 -1.250
36 18 87 -0.687
34 16 95 -0.140
29 22 42 -0.266
31 24 22 0.684
31 18 79 2.185
39 13 128 -0.844
17 27 65 1.164
11 45 139 -1.105
13 36 139 -1.227
38 10 91 -0.072
14 38 36 -0.250
14 37 109 -1.131
32 19 94 -1.103
39 15 83 0.472
23 33 114 -1.196
15 35 147 -0.159
16 28 142 2.230
27 30 40 -0.336
30 12 7 1.726
35 10 121 -1.098
41 10 49 0.301
24 12 1 2.750
18 28 140 0.756
12 32 29 -0.381
29 18 116 0.363
41 6 90 -0.463
30 17 44 0.384
11 34 67 0.278
15 31 32 3.994
36 15 7 0.217
22 38 114 -1.109
13 30 30 0.835
35 12 118 1.100
37 23 19 0.184
37 10 121 -0.587
13 42 70 0.083
36 21 91 -0.490
13 28 105 1.047
38 18 8 0.051
17 24 34 0.273
28 23 76 1.392
33 26 59 -0.544
38 19 91 -0.621
34 22 20 -0.323
45 12 52 0.386
39 5 15 -0.870
30 18 116 1.827
37 14 46 -0.639
29 35 60 -1.293
37 10 132 -0.686
17 30 141 1.080
20 28 137 -0.612
23 26 137 -0.644
38 18 121 -0.186
13 30 67 -0.929
12 38 146 1.007
36 10 9 1.705
31 29 97 0.675
37 7 48 -0.617
39 15 51 0.363
33 19 42 0.722
12 33 145 -0.015
41 7 51 -1.024
38 16 48 -0.620
37 20 19 0.000
35 14 10 -0.578
28 22 60 0.210
10 36 109 -0.479
16 30 144 1.177
37 9 18 -0.512
15 23 74 1.358
31 15 7 -0.723
14 31 147 0.465
37 16 80 1.160
36 18 80 0.534
23 32 26 -0.639
13 22 106 1.483
26 19 78 -0.926
29 17 22 1.025
23 28 5 -0.418
40 15 54 -0.230
15 30 110 -0.986
20 31 63 -0.877
31 13 120 -0.820
19 22 26 -0.028
29 22 60 2.518
36 6 8 1.625
13 32 148 -1.041
37 12 123 -0.387
30 25 60 2.049
16 27 28 3.554
19 18 73 -0.883
31 28 94 -1.234
43 3 12 -0.994
40 11 128 -0.892
42 8 13 -0.052
17 30 144 -0.713
31 20 57 -0.918
18 24 65 1.621
29 16 117 -0.621
33 10 121 -1.096
12 41 102 -0.725
40 9 50 1.191
38 19 56 0.480
37 12 126 -0.790
16 37 72 -0.289
37 19 19 -0.202
42 14 18 -0.362
32 23 43 0.749
28 22 118 0.015
10 33 145 -0.611
26 27 24 -0.010
25 28 99 -0.165
17 18 34 0.571
38 20 131 -0.916
21 27 2 -0.112
13 35 32 0.666
14 26 29 -0.791
41 10 14 0.801
11 33 30 -0.470
14 30 37 0.711
15 29 149 -0.397
35 15 49 -0.695
16 32 100 -0.983
18 23 110 1.360
37 14 54 -0.754
35 8 87 -1.048
29 21 5 -1.029
42 1 46 -0.003
40 14 91 -0.722
33 18 96 -0.271
42 16 91 0.235
40 8 125 -1.156
11 35 30 1.015
17 21 31 -0.082
19 26 31 -0.009
40 9 83 0.655
40 15 55 0.201
21 24 113 -0.056
33 24 58 -0.628
15 27 27 -0.769
28 24 97 -0.652
20 20 3 -0.874
38 15 53 -1.000
33 15 81 -0.007
19 26 75 1.904
39 13 89 0.414
40 9 9 0.348
32 18 5 0.320
29 32 96 -0.772
41 2 12 -0.482
37 8 129 -0.598
18 24 73 -0.607
33 26 120 -0.465
37 17 56 0.496
21 25 2 0.122
27 29 21 -0.691
34 26 57 -0.922
41 8 127 -0.741
24 19 59 -0.554
15 24 29 -0.787
24 22 5 0.503
20 27 1 1.577
35 14 46 0.054
29 17 77 2.430
39 14 49 -0.871
14 35 71 -0.387
17 38 68 -0.798
18 32 37 2.031
14 24 106 1.532
38 15 86 -1.007
32 17 120 -0.382
27 19 97 -0.815
36 24 130 -1.055
5 40 108 -0.171
38 15 89 -0.152
30 15 22 -0.131
18 32 112 -0.694
35 17 132 -1.031
43 11 91 0.227
24 15 76 2.429
20 23 3 1.165
25 33 23 0.788
42 13 124 -0.934
13 31 71 -0.439
33 11 117 0.172
42 8 12 -1.054
42 9 16 -0.374
26 24 97 -1.171
17 29 148 -0.905
38 10 49 0.394
35 27 94 -0.905
15 31 66 -0.773
10 41 109 -0.322
35 17 119 -0.455
21 34 64 -0.749
37 12 15 -0.870
20 24 2 -0.402
29 15 115 1.789
13 27 106 1.260
36 22 80 0.751
41 7 14 -1.235
36 19 55 0.375
21 28 28 0.080
20 31 1 -0.861
32 21 116 -0.277
39 14 129 -0.906
35 12 80 0.455
25 21 61 1.206
10 38 35 -1.103
12 40 102 -0.936
35 3 7 0.359
29 16 115 1.895
36 3 7 0.126
24 34 62 -1.095
15 26 74 0.348
36 15 133 1.285
24 26 62 -0.595
11 39 102 -1.110
34 21 57 -0.448
33 17 6 0.478
15 42 75 -1.086
30 19 79 0.472
37 15 120 -0.109
15 29 109 -0.866
19 19 138 0.352
24 34 25 -0.678
16 27 103 -1.144
12 27 145 -1.115
18 27 148 0.183
14 32 140 0.837
18 31 100 -1.010
15 23 31 -0.133
31 23 94 -1.196
30 12 77 3.059
38 16 93 -1.103
9 34 65 -0.541
20 25 73 -0.823
36 23 22 -1.320
38 14 13 -0.828
40 4 14 -0.314
40 17 18 -0.347
31 9 79 1.702
28 20 61 1.969
28 23 41 0.498
37 17 92 -0.989
29 28 62 -0.383
11 23 65 -1.024
35 7 45 1.461
18 37 148 0.225
12 30 140 -0.236
41 12 50 0.478
37 13 92 -0.956
10 37 146 -0.726
43 7 14 -0.307
36 9 47 -0.885
15 18 1 -1.200
22 36 100 0.229
33 18 9 0.543
17 29 103 -0.667
41 14 13 0.086
39 22 94 -1.061
36 6 130 -0.674
22 31 149 -0.808
20 29 65 0.467
26 25 135 0.324
39 7 13 -0.426
40 11 127 -0.323
37 15 122 -0.325
18 28 104 -0.399
34 20 19 -0.425
30 18 40 0.146
34 14 10 0.300
13 29 106 1.756
36 21 132 -0.246
37 15 89 -0.435
35 17 19 -0.325
13 32 36 1.091
39 13 15 -0.358
30 25 43 -0.244
41 12 123 -0.256
14 29 105 2.142
30 13 77 3.009
9 34 102 -0.674
38 7 13 -0.311
12 35 107 -0.498
44 13 51 0.703
24 22 38 0.810
33 18 134 0.976
17 26 103 -1.309
23 28 24 -0.190
16 24 64 4.590
14 19 34 0.820
15 21 34 0.040
34 5 44 -0.583
19 30 1 -1.164
39 17 130 -1.102
37 4 8 1.270
19 32 64 -0.678
29 23 77 0.706
27 24 114 1.078
13 33 104 -0.870
38 12 53 -0.538
31 21 44 0.072
24 29 62 -0.950
40 11 53 1.227
36 6 7 0.071
7 32 108 -0.640
28 28 116 -0.774
39 13 122 0.037
28 28 60 -0.994
13 34 67 0.138
13 32 105 2.313
26 26 79 -1.027
10 31 30 -0.879
31 18 120 -0.699
41 17 88 -0.277
14 33 144 2.501
18 38 148 -0.158
41 13 127 -0.614
14 34 36 1.452
19 23 26 0.411
20 24 76 -0.106
39 13 88 -0.354
36 12 45 0.682
13 28 142 -0.515
16 34 102 -0.601
39 16 123 -1.185
37 9 15 -0.846
38 11 18 -0.850
34 9 119 -0.076
38 15 55 -0.265
19 22 148 0.016
36 11 123 -1.065
34 11 47 -0.406
43 7 51 -0.893
20 27 139 0.414
41 12 90 -0.120
35 21 95 0.054
42 10 17 -0.424
16 37 147 -1.107
29 20 115 0.049
27 28 39 0.984
14 30 147 1.189
30 24 134 -0.578
29 16 44 0.501
19 36 73 -0.579
20 28 139 0.296
29 26 115 -0.951
18 28 139 -0.597
39 12 52 0.058
14 33 110 -1.258
22 36 138 -0.706
31 20 98 -0.570
36 23 121 -0.632
37 10 90 -0.996
19 33 37 -0.690
13 36 32 -1.021
27 24 42 0.000
25 27 24 1.461
39 12 55 0.450
35 11 7 0.683
17 27 112 -0.367
25 16 137 0.269
40 9 54 -0.967
26 26 77 0.466
36 7 130 -0.366
37 11 53 -0.827
23 19 101 1.681
13 30 106 2.462
40 10 86 -1.181
20 34 64 -0.564
20 21 76 0.055
40 13 126 -0.561
32 16 41 1.471
18 24 68 0.921
44 10 52 0.072
39 12 125 -0.836
29 11 4 -0.066
21 25 75 0.600
42 18 125 0.199
29 19 117 -0.842
36 16 120 -0.695
14 31 33 0.072
37 17 17 0.366
45 4 88 -0.105
32 24 58 0.166
44 0 12 -1.098
40 12 130 -0.614
32 19 95 -1.174
28 27 60 -0.119
13 38 104 -0.933
12 35 35 -0.060
26 9 4 0.624
33 24 80 1.032
29 31 135 -0.225
38 13 57 1.303
41 10 18 -0.646
34 23 133 -1.209
42 8 126 -1.042
35 20 58 0.111
13 24 31 -0.198
40 13 83 0.577
28 16 116 0.866
13 34 69 0.795
38 10 87 -0.069
33 12 10 -0.027
11 37 70 -0.286
27 32 62 -0.498
31 32 96 -0.528
28 23 60 0.170
32 25 57 -0.098
41 10 13 0.218
13 19 69 0.727
35 6 118 0.594
25 22 3 0.175
42 14 50 1.021
33 15 119 0.379
13 40 70 0.143
41 15 129 -0.898
25 33 39 -1.102
25 24 63 0.121
27 14 82 -1.017
41 3 15 0.315
43 8 17 0.586
36 13 83 -0.493
11 32 32 -0.317
35 15 47 -0.620
26 16 117 -0.928
11 31 69 0.182
40 12 55 0.268
12 35 66 -0.875
30 24 61 1.386
40 4 12 -0.691
43 13 16 0.500
29 12 79 0.496
38 15 90 -0.512
14 24 107 0.658
12 22 67 0.645
31 20 96 -1.006
31 17 120 -0.678
42 11 91 0.710
18 31 38 0.109
16 33 67 -0.731
27 21 26 0.597
28 33 134 -1.173
39 15 54 -0.346
33 11 20 -0.206
36 19 83 -0.260
32 13 42 0.250
14 25 149 -0.332
42 3 17 0.610
19 18 138 -0.262
30 28 22 1.462
18 30 101 -0.275
15 23 148 1.531
25 29 23 2.225
10 31 29 -0.907
29 28 116 -0.818
28 15 4 0.329
24 27 136 -0.873
30 23 134 -0.585
37 11 13 -0.651
32 17 121 -0.649
37 16 84 -0.435
15 35 148 -0.712
12 36 66 1.649
21 29 26 -0.727
28 30 136 0.545
22 29 38 -1.139
18 35 37 -1.302
39 13 14 0.328
34 16 81 0.445
34 18 57 -0.277
13 35 143 0.265
14 30 29 -0.853
25 29 135 -0.620
22 29 62 -0.175
26 19 39 1.214
27 22 5 0.529
41 11 129 -0.210
12 41 143 -0.567
19 23 69 0.733
28 19 60 -0.316
38 8 49 0.139
17 32 104 2.077
22 33 137 -1.043
12 31 106 -0.469
26 31 23 -0.808
26 18 5 1.249
11 29 69 -0.945
37 13 122 -0.057
35 18 41 1.270
29 26 61 1.254
33 14 44 0.189
15 26 145 -1.060
12 40 30 -0.883
24 22 77 -0.184
43 7 12 -0.872
38 12 49 -0.271
21 21 112 3.127
30 30 22 1.156
13 32 66 -0.220
9 39 105 -0.687
19 28 37 -0.610
35 6 119 0.692
30 34 60 -1.319
31 9 45 -0.870
15 30 140 1.420
39 11 15 -0.412
4 43 108 -0.895
34 16 119 -0.688
41 13 91 -0.741
11 33 107 -1.035
38 13 51 0.357
43 17 128 -0.261
17 24 74 -0.017
9 33 108 -0.771
26 30 25 -0.989
13 22 29 -0.937
15 31 111 -0.882
15 31 31 -0.595
30 19 44 -1.046
36 9 126 -0.644
42 13 51 0.455
35 16 47 -0.675
16 39 103 0.985
15 22 73 0.442
30 17 77 2.925
30 26 133 -0.411
12 22 105 6.277
31 14 118 0.190
20 28 26 1.234
35 16 19 -0.492
29 27 43 -0.242
41 7 11 -0.173
33 19 134 1.297
41 13 92 -0.504
11 26 105 5.962
15 33 103 2.250
32 22 40 -0.316
31 25 41 1.473
30 16 5 -0.229
39 19 88 -0.359
32 30 22 -0.306
34 9 121 -0.813
17 27 28 0.136
28 26 116 -0.427
16 33 113 -1.009
25 32 26 -0.564
24 38 77 0.340
36 19 7 0.608
20 21 73 0.186
35 12 8 0.011
29 21 61 1.613
14 32 110 -0.980
36 18 93 -0.926
42 7 17 0.539
13 27 72 -0.178
38 13 128 -0.968
36 14 134 0.187
35 24 95 -0.316
40 12 86 -0.098
36 21 7 0.506
21 26 2 0.239
24 35 77 -0.194
40 10 89 -0.337
32 19 118 0.373
42 7 51 -0.795
14 24 71 1.436
32 23 81 -0.565
12 36 142 0.921
33 13 119 -0.627
17 30 37 1.277
28 21 77 0.122
32 28 134 -1.008
17 33 100 -1.114
15 29 31 0.066
13 39 66 -0.361
31 26 97 1.402
26 24 5 0.754
13 32 109 -1.105
34 17 96 -0.463
32 27 95 0.189
30 18 42 0.825
34 12 121 -1.025
42 13 16 -0.365
22 23 112 0.977
31 13 81 0.198
25 15 61 1.387
12 34 66 -0.700
37 18 83 -1.036
17 31 138 0.645
41 6 127 -0.630
14 27 106 2.431
25 24 59 -0.324
44 15 124 -0.985
26 26 135 -0.488
23 17 118 -0.190
42 11 54 -0.812
16 18 1 -0.981
37 9 53 -0.983
27 25 98 0.664
11 40 106 0.205
28 17 78 1.438
43 7 17 0.194
17 15 73 1.429
43 15 124 -1.097
16 20 68 1.468
