14 22 103 4.597
38 5 12 0.667
21 18 0 1.476
25 16 137 0.269
26 20 44 -0.556
36 14 48 -0.813
10 34 66 -0.444
44 11 127 -0.672
41 13 123 -0.378
13 29 67 0.035
37 9 121 -0.124
10 28 102 0.062
10 42 105 -0.850
31 7 7 -0.331
35 17 95 0.394
10 35 146 -0.811
24 21 25 0.110
41 9 127 -0.515
13 35 33 -0.527
33 7 123 -0.971
13 27 31 -0.043
38 14 126 0.215
23 32 78 -0.998
17 31 27 -0.893
32 22 81 -0.514
38 9 89 -0.181
30 16 5 -0.229
16 30 141 -0.243
16 27 27 -0.582
33 20 58 0.027
38 19 86 -0.909
27 29 26 -0.869
19 13 138 2.184
42 11 128 0.256
31 11 119 -0.309
13 38 105 -0.106
33 18 117 0.562
24 27 27 -1.115
35 25 133 -0.676
12 35 67 0.225
27 21 97 -1.116
39 4 123 -0.327
37 16 91 -0.915
43 2 12 -0.370
19 30 1 -1.164
17 35 37 -0.917
17 32 104 2.077
41 8 51 -0.074
31 26 60 1.754
24 21 99 -0.514
38 10 90 -0.335
30 27 41 3.902
19 35 1 -1.107
28 20 98 -0.331
37 10 124 -0.513
30 24 98 0.380
27 19 115 -0.948
27 27 135 -0.481
22 29 62 -0.175
18 37 148 0.225
12 34 105 3.008
44 17 128 -0.306
23 20 26 0.518
42 15 52 0.329
15 36 103 1.369
19 28 28 -0.635
41 3 17 0.474
11 36 107 -0.571
22 32 26 -0.675
30 9 4 -0.398
23 23 4 -0.837
15 30 141 -1.045
33 24 58 -0.628
25 24 116 -0.304
16 22 28 1.090
11 36 112 -0.971
28 18 39 1.941
20 28 113 -0.118
18 34 38 -0.688
41 7 124 -0.235
15 22 69 1.468
41 13 125 -0.532
42 20 130 -0.269
21 18 2 1.940
40 14 46 1.705
39 15 120 -0.800
11 34 72 0.075
41 9 51 -0.602
34 15 80 -0.340
15 29 149 -0.397
33 15 10 0.534
13 32 110 -1.205
27 15 61 2.025
16 26 34 -0.341
14 35 106 -0.051
39 12 124 -0.262
17 31 70 -1.081
40 15 88 -0.248
31 16 43 0.155
40 7 16 -0.779
32 14 8 -0.384
23 33 114 -1.196
11 28 144 6.145
35 22 19 -0.210
35 13 121 -0.658
34 19 19 -0.424
13 35 148 -1.113
39 11 53 -0.451
32 15 6 0.195
33 17 43 0.318
31 23 118 0.167
20 19 110 0.497
31 17 10 -0.638
35 22 20 0.045
41 8 124 0.409
29 27 23 -0.581
22 33 114 -1.158
35 21 120 -0.519
35 9 126 -1.000
39 9 14 0.424
17 32 64 0.572
30 25 96 -0.893
40 14 124 -0.871
23 32 26 -0.639
16 30 34 -0.444
33 23 95 -0.290
30 20 22 0.203
18 23 28 0.475
36 17 45 1.017
13 27 145 -0.920
40 10 55 0.693
18 27 65 2.001
14 34 29 -0.698
13 34 70 0.245
17 24 141 3.178
41 13 84 -0.312
16 23 1 -1.140
12 22 34 0.522
14 34 36 1.452
34 14 81 -0.328
40 9 51 -0.891
41 10 18 -0.646
13 39 142 -0.897
22 19 27 0.356
14 31 140 -0.509
26 29 137 -0.499
33 18 9 0.543
38 8 123 -0.856
39 14 89 0.298
38 13 57 1.303
42 14 125 -0.043
14 35 144 0.431
38 21 91 -0.912
12 32 105 2.542
9 42 146 -1.046
23 30 25 0.818
12 37 67 -0.604
20 23 3 1.165
10 19 31 -0.207
38 16 84 -0.246
38 17 120 0.062
34 0 82 0.106
15 26 75 -0.821
39 14 49 -0.871
20 28 63 -0.742
35 7 119 1.340
26 21 99 -0.542
33 11 44 -0.603
24 22 78 -0.382
28 26 39 0.115
14 15 31 0.058
40 10 49 0.332
41 11 87 0.617
14 22 34 -0.247
31 20 42 0.185
37 9 48 -0.245
17 36 138 1.231
33 19 95 -0.935
37 13 85 -0.988
38 11 55 -0.781
32 24 6 0.048
24 31 77 0.371
37 11 54 -0.882
36 11 45 0.409
40 20 88 -0.179
29 20 117 0.021
28 32 59 -1.064
10 32 102 1.807
36 16 93 -0.849
42 8 16 0.130
24 15 76 2.429
32 9 45 -0.828
39 22 83 -0.959
36 5 7 -0.127
28 22 23 -0.728
23 26 78 -0.134
37 12 90 -0.851
12 33 70 0.503
34 16 118 1.015
42 16 17 -1.020
38 13 15 -0.445
26 26 135 -0.488
34 17 7 0.560
23 24 112 0.759
28 19 120 -0.866
25 25 61 0.714
16 23 103 -1.140
31 25 97 1.067
30 21 43 -0.381
11 39 106 0.298
43 8 17 0.586
29 31 96 -0.933
30 25 41 2.454
15 29 68 -0.905
14 27 27 -0.968
37 9 127 -0.978
18 24 68 0.921
37 19 93 -1.131
33 20 132 -1.029
37 13 90 -0.705
31 18 116 0.566
37 16 94 -1.243
22 25 4 -0.970
18 28 38 0.423
30 26 97 -1.066
24 26 62 -0.595
23 23 3 -0.639
19 40 138 -0.708
22 25 2 -0.669
32 21 96 -0.674
34 13 8 0.424
18 36 37 -1.333
29 22 21 -0.512
26 21 76 0.781
14 39 74 -0.901
39 12 126 0.323
23 21 149 -0.899
11 37 70 -0.286
16 31 75 -0.757
18 26 37 2.518
43 11 17 0.402
42 8 126 -1.042
20 35 26 -0.853
32 19 81 0.024
34 15 95 0.084
32 20 119 -0.583
13 36 105 0.011
36 13 92 -1.013
35 10 132 -0.985
15 35 110 -0.859
10 36 106 0.237
40 15 54 -0.230
37 7 85 -1.002
42 20 125 -0.120
31 16 7 -0.607
22 22 113 1.616
41 13 55 1.013
27 15 82 -1.007
15 31 141 -0.683
12 30 148 -1.214
34 17 10 0.189
26 24 135 -1.060
42 11 11 -0.278
14 34 109 -0.890
16 23 145 -0.876
33 13 117 0.560
22 19 3 -0.141
25 11 82 -1.039
23 29 137 -0.743
41 15 54 -0.697
10 38 32 -0.241
35 6 119 0.692
34 9 45 1.304
33 10 119 -0.299
11 34 67 0.278
39 11 15 -0.412
21 19 112 0.455
34 16 86 -1.045
39 1 12 -0.717
26 21 4 -0.195
32 21 43 -0.120
11 30 143 3.327
37 14 87 -0.376
20 34 64 -0.564
41 15 124 -0.924
16 32 36 2.170
25 29 23 2.225
38 11 129 -0.582
15 27 66 1.307
24 12 0 2.067
32 9 81 -0.267
37 17 8 0.265
24 25 99 -1.189
18 27 139 -0.627
17 33 72 -0.966
27 24 117 -0.050
18 16 73 1.429
29 22 23 -0.497
15 34 69 0.086
42 5 15 0.126
30 23 44 -0.199
31 26 135 -0.341
40 6 11 -0.793
41 7 46 0.016
35 14 53 -1.188
35 12 118 1.100
38 10 83 0.505
38 10 54 0.134
41 10 14 0.801
12 32 103 4.130
31 21 120 -0.789
14 30 29 -0.853
10 24 67 -1.063
17 24 33 0.787
31 24 6 -0.355
36 17 10 0.082
39 13 14 0.328
9 29 109 -0.463
30 24 42 0.508
41 13 11 -0.308
27 22 39 1.764
15 24 149 -0.036
13 36 147 0.045
44 10 52 0.072
43 13 16 0.500
16 32 69 -0.117
14 28 103 0.738
35 14 9 1.375
35 10 7 -0.102
44 12 52 -1.044
24 22 76 1.536
33 14 43 0.857
14 33 103 2.092
39 10 124 -0.302
36 21 20 -0.197
15 34 0 -1.178
10 36 30 -0.961
28 23 79 0.745
10 31 108 -0.780
18 28 112 -0.921
16 29 37 1.437
28 28 115 -1.036
27 28 135 0.426
13 37 109 -1.030
16 29 141 1.850
24 24 62 -0.399
17 19 110 0.742
43 14 49 0.041
38 14 123 -0.630
37 11 91 -0.687
13 37 147 -0.979
13 27 72 -0.178
23 26 135 -0.489
27 28 39 0.984
8 35 102 -0.393
29 25 60 2.952
22 22 26 -0.455
14 25 144 1.035
21 21 26 -0.366
14 33 30 -0.979
33 11 20 -0.206
30 15 22 -0.131
32 10 119 -0.508
17 26 27 -0.432
38 14 122 0.247
40 16 46 0.737
19 28 76 -0.302
23 28 25 -0.736
26 22 5 0.590
17 18 34 0.571
40 13 123 -0.389
23 26 4 -1.086
29 14 5 0.362
37 11 123 -0.922
30 23 98 0.659
40 9 16 -0.711
11 38 145 -0.564
24 14 38 0.261
41 15 52 -0.676
19 24 111 -0.954
16 33 113 -1.009
25 34 99 -0.613
39 15 88 -0.169
10 36 35 -0.957
38 13 53 -0.827
18 31 38 0.109
39 12 91 -0.164
23 21 26 0.381
28 33 77 0.626
42 10 128 0.038
38 13 48 -0.198
29 27 60 2.533
39 13 123 -0.669
36 5 82 1.369
23 20 114 2.256
20 36 63 -0.410
16 36 75 -0.789
21 28 75 0.519
30 22 21 -0.654
17 23 65 1.949
35 14 11 -0.673
39 17 120 -0.130
13 37 102 -0.723
35 20 45 0.190
16 27 70 -0.179
26 31 23 -0.808
12 33 143 3.442
16 22 70 -0.047
31 17 96 -0.857
17 25 37 2.124
36 14 82 -0.037
38 13 93 -1.004
30 22 96 -0.887
38 10 16 -0.924
34 12 121 -1.025
8 34 108 -0.687
22 18 3 -0.340
17 20 31 0.756
42 12 14 0.291
40 10 129 -1.038
39 5 11 -0.204
20 20 73 -0.714
39 10 46 -1.101
38 10 45 0.620
15 39 140 0.020
35 19 45 0.416
39 16 8 1.219
32 23 134 0.151
40 5 14 -0.520
14 29 110 -1.272
31 25 135 -0.526
24 31 115 -0.911
15 29 67 -0.816
14 28 140 1.689
35 22 6 0.939
40 8 126 -0.803
42 14 50 1.021
15 34 34 -0.331
12 42 112 -1.007
26 22 62 0.395
18 20 31 -0.144
35 8 50 -0.624
36 16 56 -0.726
17 43 137 -0.918
38 8 51 -0.228
31 19 116 0.455
39 7 121 0.408
15 33 142 4.112
29 15 44 0.396
40 8 90 -0.345
27 26 60 -0.182
31 18 135 1.433
13 39 32 -0.822
17 31 65 2.299
7 32 65 -1.008
24 29 135 -0.528
36 14 83 -0.208
32 19 6 0.015
38 12 90 -0.371
23 22 76 -0.717
12 32 104 -1.291
33 18 80 -0.108
42 7 16 0.312
41 15 87 0.813
14 40 143 -0.625
29 28 62 -0.383
30 17 79 -0.433
29 12 40 0.673
36 21 19 -0.128
14 36 36 -0.493
27 23 135 0.005
10 21 67 -0.257
39 5 15 -0.870
38 15 121 -0.498
33 15 7 0.547
21 23 138 0.823
13 22 106 1.483
12 27 140 0.265
20 33 0 -0.566
41 15 126 -0.539
27 24 114 1.078
16 21 141 -0.260
21 21 2 0.285
23 23 25 0.680
38 16 93 -1.103
19 33 139 -0.346
40 14 122 0.108
33 14 81 0.112
27 30 24 0.393
39 11 86 -0.176
25 32 79 -0.905
25 30 77 0.159
25 27 79 1.031
12 35 104 0.018
18 32 102 -0.381
17 33 33 -0.484
24 16 114 3.194
12 31 146 -0.424
17 35 111 -0.948
20 27 111 -0.970
25 25 24 -0.065
17 23 27 -0.968
13 32 29 -0.101
39 13 51 0.344
24 38 77 0.340
13 32 69 0.752
34 15 121 -0.305
18 25 139 0.939
40 16 54 -0.160
37 13 54 -0.761
41 8 14 -0.775
38 13 10 0.595
13 30 32 2.191
18 27 27 0.380
18 24 113 0.375
33 13 119 -0.627
14 34 72 0.592
32 19 42 0.363
20 24 1 1.163
21 26 63 -0.350
42 15 49 0.207
27 21 26 0.597
35 18 6 1.203
35 16 82 -0.057
15 33 110 -0.842
16 28 70 -0.244
30 24 118 0.363
20 28 2 0.076
34 4 85 -0.400
22 27 26 -0.093
13 42 70 0.083
18 26 26 -1.190
17 29 104 0.393
27 26 39 1.527
27 22 78 0.506
41 12 125 -0.835
28 25 135 0.703
22 19 76 -0.060
29 17 117 -0.462
31 23 42 -0.250
16 33 103 -0.857
41 13 92 -0.504
19 23 113 0.932
40 16 129 -0.662
32 13 121 -0.818
33 0 82 -0.783
38 18 8 0.051
16 18 31 -0.116
28 26 134 -0.815
36 23 132 -0.253
31 24 60 3.141
19 31 73 -0.606
37 24 130 -0.991
41 13 50 0.625
29 16 77 3.533
42 2 46 1.107
16 32 103 1.076
43 19 130 -0.838
25 24 76 1.500
20 26 3 1.072
23 30 62 -0.709
12 34 72 0.637
42 12 129 0.133
32 22 57 0.095
29 30 135 -0.273
33 19 20 0.067
38 21 131 -0.946
15 31 66 -0.773
40 8 46 -0.343
14 26 2 -1.278
45 8 126 -0.113
33 9 81 -0.379
32 23 59 -0.052
36 12 10 0.642
43 15 91 0.160
34 8 45 1.683
20 20 75 -0.191
30 26 41 3.639
23 17 3 0.180
37 5 15 -0.301
30 14 77 3.083
23 29 25 1.211
31 17 44 -0.225
35 17 47 -0.908
38 14 86 0.250
39 15 47 -0.049
37 23 19 0.184
40 7 46 -0.453
40 10 88 -0.669
40 8 12 -0.344
38 16 49 -0.846
37 16 56 0.750
39 16 86 -0.376
10 38 35 -1.103
37 12 127 0.169
36 11 124 0.139
12 42 72 -0.839
15 33 105 0.431
39 13 54 -0.307
11 34 70 3.155
19 32 64 -0.678
41 17 125 -0.042
29 18 40 2.790
27 22 79 0.139
24 19 2 0.070
20 19 149 0.238
14 33 36 2.789
18 26 112 -1.060
36 23 6 1.551
20 23 112 3.329
30 19 42 0.168
23 22 113 2.817
39 13 124 -1.047
28 22 61 1.348
43 9 13 -0.338
12 40 68 1.275
41 15 46 0.602
36 9 118 1.114
38 12 83 0.223
29 18 115 -0.161
37 15 55 -1.113
25 25 38 -0.452
37 17 10 0.529
29 14 97 -0.767
18 24 28 0.153
15 17 33 2.356
35 15 95 0.202
22 33 79 -1.125
31 28 43 -0.336
13 23 74 -0.157
13 39 66 -0.361
36 14 45 0.499
22 26 2 -0.194
38 12 9 0.484
25 21 5 0.011
44 12 51 0.160
35 9 119 0.708
31 18 77 1.963
22 32 137 -0.914
10 32 32 -0.092
40 5 126 -0.879
25 27 59 -0.693
16 20 141 1.234
9 43 102 -0.883
39 11 47 -0.417
44 9 124 -0.085
29 24 96 -1.013
31 20 21 0.442
17 27 112 -0.367
33 22 58 -0.396
30 25 115 -0.856
39 3 131 -0.923
25 31 62 0.382
41 16 125 0.182
39 11 121 0.688
31 15 119 -0.583
34 18 119 -0.291
35 21 132 -0.715
42 2 15 -0.163
14 32 31 0.240
22 29 2 -0.857
37 12 15 -0.870
17 29 140 -0.349
13 35 34 -0.802
35 7 8 0.576
40 3 123 -1.048
32 23 6 -0.380
36 10 119 0.779
35 8 47 -0.894
42 16 91 0.235
17 30 70 -1.111
15 26 71 0.494
40 16 53 -0.325
29 21 117 -0.934
28 29 60 -0.786
15 38 140 0.118
26 26 44 0.428
40 5 46 0.527
13 30 105 2.542
33 17 81 0.093
13 30 35 2.695
12 25 106 1.697
40 18 18 -0.835
30 25 22 1.005
39 17 121 -0.170
35 13 56 -1.016
42 11 52 0.487
11 37 109 -0.326
39 12 10 0.879
35 22 94 -0.496
12 37 72 -0.429
37 18 56 -0.175
20 27 2 -0.408
25 35 77 0.568
11 43 146 -0.397
9 42 35 -1.198
18 33 137 -0.312
36 14 122 -0.315
32 26 43 -0.125
24 27 114 -0.206
22 31 149 -0.808
12 32 70 0.736
36 19 120 -0.116
36 21 6 1.526
43 9 16 0.019
31 24 42 0.210
35 9 85 -1.097
28 14 39 1.722
17 36 0 -1.251
15 24 111 -0.796
20 15 75 -0.722
35 20 118 0.476
13 37 104 -1.245
18 30 112 0.092
15 34 66 1.564
16 26 31 0.105
34 14 133 -0.167
16 32 102 -0.590
14 28 142 2.242
26 27 42 -0.401
38 15 90 -0.512
17 24 31 0.090
21 18 3 -0.248
28 20 115 -0.532
40 8 125 -1.156
26 16 38 1.729
7 28 108 -0.891
39 16 85 -0.885
35 8 48 -0.065
16 30 75 -0.726
16 37 103 1.583
41 15 18 -0.036
24 25 24 1.306
22 20 0 1.508
37 12 121 0.014
42 2 17 0.231
29 18 41 0.122
33 22 43 0.371
13 37 142 -0.777
42 7 127 0.688
17 32 72 -1.095
12 38 30 -0.714
13 31 71 -0.439
40 7 92 -0.268
24 23 136 -0.803
27 23 62 0.278
30 25 60 2.049
22 16 1 -0.146
8 28 108 -0.815
11 37 71 -1.206
21 30 26 -0.797
39 10 88 -0.788
20 17 138 2.628
37 11 18 -0.345
37 20 121 -0.413
13 39 106 -0.667
28 21 41 0.220
31 13 116 0.127
41 12 13 0.125
16 35 103 -0.481
15 33 141 -0.846
21 28 64 -0.825
33 18 20 0.072
40 16 10 0.944
30 26 60 2.204
27 19 61 2.631
20 25 112 3.020
35 8 10 0.665
42 6 13 0.287
10 41 72 -1.073
20 22 75 1.781
42 7 11 -0.759
20 35 65 -0.107
31 24 97 1.256
39 19 92 -0.506
32 21 116 -0.277
19 34 73 -0.493
18 25 64 1.582
37 8 50 -0.510
10 29 72 -0.365
37 22 6 1.752
39 5 14 -0.953
17 28 103 -1.115
12 34 112 -0.936
13 24 74 2.933
40 16 88 -0.330
34 21 6 0.999
40 10 45 0.745
12 32 29 -0.381
39 9 122 0.411
32 23 81 -0.565
24 32 99 -0.884
28 28 60 -0.994
39 11 122 0.646
41 7 12 0.110
38 18 131 -1.043
32 22 118 -0.187
15 34 142 -0.617
39 14 131 -0.502
39 10 49 -0.234
37 18 6 0.987
42 14 92 0.345
31 25 22 0.935
11 35 32 0.049
18 33 100 -0.589
10 30 65 -0.451
32 26 95 0.169
20 25 2 0.137
11 28 143 0.805
36 13 45 0.916
11 33 108 -0.728
20 26 64 -0.149
14 37 149 -0.919
13 34 67 0.138
13 27 106 1.260
29 22 39 1.112
20 29 75 0.483
24 29 100 -0.427
20 35 137 -0.650
41 7 16 -0.524
14 27 74 1.195
34 12 117 0.953
34 17 20 -0.287
30 22 42 0.094
14 26 36 3.059
34 13 10 0.742
12 32 108 -0.934
36 19 122 -0.383
35 15 8 0.168
36 21 133 0.900
28 27 135 -0.134
35 10 8 0.390
34 16 120 -0.567
30 23 134 -0.585
11 34 110 -1.167
31 26 59 -0.288
13 29 106 1.756
29 16 115 1.895
29 22 136 0.273
35 17 20 0.154
26 10 4 0.685
30 22 133 -0.686
16 21 73 1.306
38 13 13 -0.888
22 21 3 -0.051
41 11 13 0.129
29 23 77 0.706
21 26 1 0.604
16 34 143 -0.629
39 10 14 -0.153
28 14 4 0.467
19 29 65 0.028
15 31 142 2.040
36 17 19 -0.243
41 13 49 -0.996
43 14 125 -0.359
16 35 74 1.661
12 37 147 -0.846
13 38 145 -0.453
14 35 34 -0.314
39 11 124 -0.976
38 14 48 -0.196
41 15 53 -0.169
32 16 44 -0.051
39 17 132 -0.951
11 34 35 -0.615
33 15 43 1.026
21 29 64 -0.203
32 23 58 0.210
16 25 70 0.082
17 25 38 -0.082
40 14 88 -0.402
16 27 1 -0.651
15 35 140 0.208
19 25 38 0.175
42 6 16 -0.700
40 5 84 0.423
40 12 16 -0.629
15 31 72 -1.082
15 37 112 -0.783
33 26 133 -0.057
42 11 92 0.534
30 25 97 -0.030
32 14 81 0.002
37 10 90 -0.996
15 37 0 -0.841
34 16 93 -1.124
32 21 6 0.058
34 14 80 -0.533
41 14 88 -0.063
31 15 120 -0.546
42 11 49 -0.431
15 35 144 -0.767
32 18 56 -1.101
37 13 48 -0.255
18 22 28 -0.481
17 26 103 -1.309
36 5 18 -0.732
43 9 91 0.873
35 17 82 -0.261
41 13 88 0.302
38 20 133 0.633
38 9 9 0.538
31 21 57 -0.831
38 15 80 0.466
37 16 18 -0.687
44 5 15 -1.029
25 21 135 -0.136
17 24 149 -0.064
14 26 145 -0.234
38 18 86 -0.934
37 16 9 -0.692
34 15 8 0.268
34 22 95 0.302
25 27 5 0.480
29 21 39 -0.526
15 36 36 0.493
36 6 7 0.071
13 30 144 -1.049
38 14 84 -0.197
10 40 35 -1.244
13 36 68 -0.821
9 40 108 0.322
36 14 9 0.411
37 9 50 -0.589
19 28 111 -1.013
38 20 132 -0.363
17 33 112 -0.722
14 27 106 2.431
39 9 50 0.394
15 26 146 0.597
28 21 23 -0.346
27 16 78 -0.559
39 13 92 -0.972
22 23 27 0.185
36 20 57 0.029
28 30 23 -0.479
26 15 38 1.237
36 14 47 -0.580
33 22 81 -0.617
30 23 42 0.745
18 28 1 -0.377
29 20 115 0.049
37 17 132 -0.375
17 30 105 0.836
23 27 26 -0.263
27 11 4 0.431
17 24 147 0.333
13 29 65 -0.679
33 21 43 0.225
40 18 54 -0.425
33 23 80 -0.118
36 24 120 -0.298
25 24 99 -0.771
22 23 38 1.511
37 11 55 -0.602
17 29 141 -0.325
37 10 46 -0.129
39 13 15 -0.358
42 10 54 -0.592
11 32 70 0.850
26 23 61 -0.743
31 12 117 0.678
41 14 130 -0.950
39 8 14 0.102
37 7 9 0.927
33 12 20 0.419
22 31 100 -0.028
10 36 143 0.934
23 22 3 -1.060
29 25 22 -0.183
12 35 143 0.537
18 16 34 0.565
38 13 121 -0.658
17 29 148 -0.905
39 21 94 -1.048
32 13 42 0.250
34 21 57 -0.448
19 22 64 3.855
8 40 145 -0.974
10 34 145 -0.963
18 28 113 0.854
24 23 4 -0.821
28 22 41 0.426
32 21 98 -1.078
17 21 113 0.363
0 44 108 -0.964
42 7 46 0.031
21 20 112 2.544
12 38 67 -1.203
13 22 33 2.058
19 29 137 0.639
39 2 12 1.286
31 19 80 -0.159
38 15 45 -0.234
32 25 57 -0.098
12 20 69 0.729
37 7 16 -0.916
34 19 81 0.374
40 11 83 0.548
38 21 19 0.576
20 22 0 0.921
11 41 106 -0.141
37 3 123 -0.894
25 27 23 0.442
15 37 144 2.636
33 25 57 -0.588
31 15 118 1.277
16 33 38 -1.265
41 15 125 0.097
36 8 10 0.464
13 33 106 1.775
39 7 123 -0.653
16 33 69 -0.718
28 27 77 0.491
15 29 70 -0.874
14 35 36 -0.523
30 24 57 0.199
31 20 119 -0.634
33 19 80 -0.570
13 21 71 1.593
27 21 24 2.377
41 9 86 0.171
15 22 29 -0.621
21 29 138 -0.022
21 26 101 0.621
16 26 113 -0.844
16 30 144 1.177
17 22 34 0.398
20 24 25 0.438
39 7 15 -0.365
31 28 22 -1.052
31 16 77 1.396
14 30 71 -0.136
36 7 85 -0.944
20 25 139 0.646
30 28 98 -0.841
34 21 59 -0.823
21 24 76 -0.579
12 33 103 1.632
28 20 59 -0.357
42 5 46 -0.220
16 26 140 3.337
11 32 107 -0.903
31 23 133 -1.128
37 17 20 -0.373
38 7 16 -1.042
21 34 64 -0.749
35 10 49 -0.872
23 27 149 -1.019
13 38 30 0.506
21 29 149 -0.782
24 30 25 -0.116
26 27 23 -0.465
17 27 65 1.164
24 24 82 -0.838
25 18 39 1.329
37 12 89 -0.665
26 29 60 -1.256
26 29 39 0.299
28 29 59 -0.950
34 15 134 1.011
20 26 65 -0.103
13 39 71 -1.159
40 13 49 -0.335
13 33 105 1.713
13 38 67 -1.259
8 36 109 -0.002
23 34 137 -0.650
43 10 127 -0.338
34 19 56 0.203
38 12 53 -0.538
38 8 14 -0.874
38 12 49 -0.271
37 21 133 1.186
14 35 111 -1.114
14 37 74 -0.912
43 11 91 0.227
42 11 50 1.161
13 29 105 1.724
33 12 43 0.720
30 24 115 -0.516
40 10 16 0.092
24 38 62 -0.982
27 16 114 1.546
24 26 1 1.867
24 25 100 0.928
38 14 88 -0.401
17 29 143 -0.611
31 26 133 -1.090
15 28 110 -1.231
40 7 86 -0.797
34 16 46 0.065
37 14 48 -0.614
14 32 74 0.600
22 28 138 -0.310
21 32 26 -0.503
35 10 48 -0.234
12 30 142 3.497
11 29 102 2.095
15 18 1 -1.200
11 33 35 -0.591
13 34 69 0.795
16 35 137 -0.729
44 9 90 -0.264
36 1 82 0.713
32 14 10 -1.091
44 15 124 -0.985
28 30 40 -0.486
15 25 147 0.141
37 14 57 -1.086
30 18 42 0.825
10 35 32 -1.031
16 33 66 -0.314
15 38 0 -0.914
21 37 100 -0.524
32 27 97 -0.507
30 16 21 2.250
44 7 46 0.405
37 14 92 -0.813
39 7 13 -0.426
26 13 44 -1.021
13 23 71 1.758
28 19 41 0.095
31 17 77 2.795
41 5 84 0.529
14 30 103 -1.166
24 23 114 2.608
24 25 136 -0.908
41 19 88 -0.511
38 19 91 -0.621
30 27 22 0.628
34 12 8 0.542
30 20 40 0.168
36 24 95 0.525
21 26 28 -0.110
41 9 88 -0.425
29 21 136 0.540
35 17 132 -1.031
40 11 13 0.203
19 27 64 1.171
24 28 63 -0.479
40 11 129 -0.659
19 36 138 -0.087
8 35 32 -0.649
33 12 81 -0.127
39 14 17 0.389
27 22 63 -0.479
31 23 58 -0.514
17 26 74 -0.209
11 28 35 -0.196
41 10 129 -0.860
34 12 7 1.333
16 24 74 1.955
30 18 61 2.562
41 16 88 -0.016
16 21 33 0.570
43 5 51 -0.620
13 34 68 0.360
14 26 103 2.440
44 15 129 -0.261
19 20 2 -0.378
31 16 119 -0.312
36 8 124 -0.353
12 25 33 0.096
32 14 97 -0.605
17 28 29 -1.177
37 6 127 -1.061
41 15 11 0.640
21 37 137 -0.677
12 34 145 -0.812
37 13 121 -0.783
12 30 107 -0.166
21 26 113 -0.864
32 27 80 0.935
40 14 55 0.337
39 10 86 -0.157
12 24 70 0.020
39 19 93 -1.123
38 11 121 -0.080
32 16 5 0.075
31 14 81 0.200
41 14 83 0.576
11 27 107 -0.822
38 4 123 -0.328
5 43 108 -0.927
36 11 10 1.047
31 24 22 0.684
21 30 101 1.612
26 24 5 0.754
32 26 133 -0.808
16 27 104 1.442
14 37 106 0.238
42 12 17 -0.446
22 20 114 0.972
16 22 74 1.948
26 33 59 -0.757
16 25 64 3.597
14 34 66 -0.117
37 15 92 -0.655
42 12 91 0.547
39 11 90 -0.522
28 24 41 -0.149
18 28 104 -0.399
35 14 121 -0.958
40 15 17 0.414
37 11 13 -0.651
14 34 106 -0.782
19 32 149 -0.952
44 9 15 -0.577
24 31 24 -0.496
14 29 67 0.118
20 22 4 -0.636
18 20 27 -0.974
21 29 101 1.334
20 24 74 -0.320
32 13 96 -0.707
12 36 71 -0.972
6 45 108 -0.652
20 31 63 -0.877
31 23 43 -0.244
38 17 87 -0.832
36 10 50 -0.637
39 20 131 -0.983
13 25 141 -0.391
41 9 90 0.057
42 11 124 -0.173
15 23 148 1.531
31 24 57 -0.114
42 10 124 -0.097
18 30 1 -0.516
12 36 32 0.111
16 38 0 -1.231
12 33 106 -0.505
24 28 27 -0.810
15 32 109 -1.138
30 21 58 0.118
37 5 13 -1.062
36 15 57 0.044
33 18 81 -0.435
23 19 63 0.362
38 7 124 -0.396
41 8 127 -0.741
43 9 125 -0.312
27 19 116 1.298
26 16 39 1.085
12 32 66 -0.569
29 26 134 -0.219
12 24 31 0.222
13 30 70 1.409
13 33 72 0.190
42 18 125 0.199
32 21 120 -1.011
37 14 80 1.387
27 26 135 -0.640
33 16 9 0.504
19 23 111 -0.929
34 15 20 -0.618
24 24 139 1.110
16 32 72 0.538
25 32 24 -0.777
37 7 87 -0.940
37 19 131 -0.884
36 11 83 -0.124
24 17 0 2.549
31 18 5 -0.098
29 26 61 1.254
11 39 145 -0.510
43 13 128 -0.413
17 19 1 -0.727
35 14 54 -0.951
27 23 116 1.072
39 6 16 -0.675
44 9 52 -0.928
13 31 67 -0.339
27 21 39 1.294
13 36 139 -1.227
34 10 85 -0.745
24 28 0 -0.777
39 12 85 -0.203
26 21 78 0.097
11 36 71 -1.084
32 24 43 -0.072
32 16 118 0.558
33 28 133 -1.142
37 8 85 -1.147
30 23 40 0.993
14 29 105 2.142
40 12 13 0.187
17 24 37 0.715
37 23 132 -0.047
38 19 83 -0.850
21 36 64 -0.883
14 31 102 2.306
40 7 124 -0.300
42 15 125 0.228
19 26 64 -0.013
24 21 82 -0.843
20 30 64 1.040
21 25 38 1.032
14 34 71 0.102
10 27 105 2.400
39 17 55 -0.820
30 16 39 2.346
42 13 54 -0.630
31 18 7 -0.587
29 17 5 0.350
34 19 41 1.592
36 16 57 -0.059
14 26 146 0.536
25 29 135 -0.620
16 21 147 1.704
38 10 131 -0.893
13 29 66 -0.409
40 16 86 -0.084
39 5 131 -0.885
16 28 73 -0.929
35 18 94 -0.643
11 39 66 3.244
9 39 107 -1.113
18 38 148 -0.158
13 28 105 1.047
23 24 28 -0.618
27 22 41 0.130
23 37 62 -0.664
20 30 101 0.089
43 7 17 0.194
33 10 80 0.128
43 10 91 -0.200
33 14 10 0.638
17 24 110 -0.462
32 14 80 -0.140
36 17 49 -0.677
31 19 118 0.513
32 6 123 -0.827
38 12 13 -0.721
19 18 149 0.670
41 12 50 0.478
30 19 41 1.155
27 15 4 0.066
19 25 141 0.431
37 23 120 -0.167
39 16 94 -1.236
16 31 148 0.323
22 9 0 1.726
27 24 42 0.000
33 17 10 -0.342
37 7 131 -1.093
16 21 1 -0.816
17 25 74 -0.165
24 22 77 -0.184
42 16 47 -0.387
14 26 74 0.628
30 34 60 -1.319
39 17 94 -1.129
17 30 65 1.934
28 24 136 0.506
13 41 105 0.298
19 19 34 -0.281
41 12 47 0.016
42 6 90 -0.425
29 23 23 -0.367
16 27 72 -0.217
29 20 22 0.816
37 10 47 -0.658
16 31 142 3.731
34 17 57 -0.143
20 21 75 1.735
33 16 95 -0.056
28 24 60 -0.357
16 34 70 -1.079
22 28 38 -0.727
18 24 110 0.791
14 33 34 -0.340
7 33 32 -0.874
35 20 19 -0.562
31 21 21 0.712
10 34 32 0.383
26 31 25 -0.500
29 22 61 2.025
25 32 23 -0.226
30 18 43 0.330
24 30 24 -0.458
39 17 17 -0.130
14 27 75 0.336
31 15 7 -0.723
12 35 105 1.747
37 16 92 -0.953
41 12 123 -0.256
24 21 139 0.218
25 13 4 0.095
25 19 2 -0.029
17 33 139 -0.761
12 31 34 -1.018
41 16 55 0.439
38 16 122 0.289
15 33 103 2.250
19 28 26 1.111
4 39 108 -0.881
36 22 18 -0.736
11 38 109 -1.149
11 33 145 -0.229
36 15 6 -0.767
17 25 112 0.136
37 18 8 0.648
36 20 7 0.642
23 11 1 -0.485
22 16 76 2.139
23 35 77 -0.006
22 23 112 0.977
15 25 73 0.323
22 34 137 -1.150
32 22 21 0.386
12 36 142 0.921
25 33 23 0.788
37 15 122 -0.325
12 37 143 -0.400
13 40 68 0.973
24 18 114 2.704
9 33 32 -0.666
16 32 106 -0.624
25 20 116 -0.005
38 7 86 0.365
37 13 124 0.158
12 25 107 0.343
11 35 35 0.280
36 8 15 -0.960
36 15 132 -0.931
11 31 102 0.737
36 10 47 -1.092
22 20 24 0.628
32 19 95 -1.174
30 19 115 1.239
18 35 37 -1.302
38 16 7 0.228
40 10 51 -0.112
22 23 139 0.508
19 26 149 -0.907
12 41 102 -0.725
11 32 32 -0.317
11 39 109 -0.648
36 15 56 -0.873
34 20 58 0.100
40 20 54 -0.397
38 18 84 -0.003
35 14 132 -0.946
18 30 64 0.775
38 16 121 0.090
27 16 61 2.527
12 33 33 0.317
38 11 123 -0.494
27 18 2 -0.107
25 24 62 -0.889
13 38 147 0.074
41 14 52 -0.648
14 37 33 -0.555
19 15 75 -0.672
16 20 34 0.117
38 4 87 -0.761
29 21 115 -0.872
13 27 107 -0.203
32 13 10 -0.804
41 6 15 0.059
15 38 102 -0.745
38 16 89 -0.244
37 8 47 -1.218
9 45 102 -1.142
33 17 56 -1.071
22 35 115 -0.814
31 23 94 -1.196
36 23 121 -0.632
18 27 148 0.183
13 30 71 -0.305
29 28 22 -0.884
37 19 133 0.350
35 24 57 -0.631
42 14 126 -0.682
29 22 60 2.518
38 10 121 -0.793
14 35 112 -0.681
35 19 19 -0.524
35 21 133 0.694
26 22 79 0.607
10 27 144 5.370
28 23 136 0.002
21 30 113 -0.760
21 21 139 2.315
34 15 10 -0.329
32 19 94 -1.103
46 8 126 -0.672
41 19 91 -0.705
39 19 88 -0.359
24 23 3 0.310
20 29 63 -0.612
31 19 44 -0.195
16 35 106 -0.407
35 18 57 0.213
37 10 12 -0.008
38 14 92 -0.509
19 20 110 0.614
37 16 87 -0.335
39 17 88 -0.308
39 12 53 0.213
25 15 61 1.387
24 30 62 0.227
15 34 144 0.177
21 30 138 -0.563
27 18 5 1.213
36 20 19 -0.403
17 25 144 -1.073
29 23 41 0.696
13 30 67 -0.929
40 13 50 0.699
43 11 129 0.370
38 15 55 -0.265
38 13 49 0.374
17 22 74 -0.360
25 27 25 -0.201
39 7 131 -0.939
31 6 79 2.171
21 29 26 -0.727
26 26 79 -1.027
17 24 65 2.125
37 11 85 -0.666
19 20 31 0.414
16 39 36 -0.526
14 30 146 0.070
43 7 14 -0.307
40 14 92 -0.920
13 37 66 -0.688
9 36 102 -0.724
22 22 4 -1.137
11 30 30 1.028
41 12 15 -0.676
26 23 59 0.109
15 27 142 0.913
5 48 108 -0.912
45 3 46 -0.711
31 21 42 0.473
10 37 30 -0.594
30 20 96 -1.037
40 12 54 -0.704
14 35 32 3.430
40 17 55 0.223
8 37 102 -0.592
29 12 44 -0.357
7 30 108 -0.703
25 21 99 -0.565
24 36 23 -0.926
36 13 121 -0.369
39 14 91 -0.439
35 9 7 0.040
34 14 10 0.300
38 8 9 1.038
38 13 123 -0.333
23 26 5 -0.381
37 7 18 -0.684
16 26 148 1.868
26 21 61 1.092
33 17 80 -0.412
37 3 7 0.299
42 8 13 -0.052
36 23 7 0.583
34 14 96 0.203
15 29 103 2.926
12 36 108 -0.730
16 33 67 -0.731
26 26 77 0.466
39 10 15 -0.689
39 5 45 -0.303
41 11 86 -0.916
22 29 63 0.084
18 29 144 -0.870
38 12 18 -0.620
30 22 98 1.621
41 9 92 -0.774
40 17 88 -0.296
14 37 142 -0.714
25 21 98 -0.089
29 14 117 -0.456
41 7 14 -1.235
11 35 71 -0.843
14 39 148 1.091
14 32 71 0.437
41 7 17 0.225
37 9 87 -0.002
24 15 97 -1.087
22 28 25 0.302
23 33 99 -1.107
17 24 74 -0.017
31 22 42 0.614
18 37 67 -0.906
26 20 59 -0.114
34 24 133 -0.743
41 5 13 0.914
19 28 63 -0.434
29 14 44 0.462
28 25 59 0.125
29 23 136 -0.343
24 11 116 -0.581
24 29 139 -0.555
19 28 38 0.099
28 26 59 -0.445
27 17 39 1.713
35 14 41 1.545
12 37 109 0.168
12 37 145 -0.303
27 19 39 2.148
41 15 88 0.514
42 3 17 0.610
22 24 38 0.732
26 20 98 0.032
16 27 140 3.777
26 28 24 0.557
12 30 34 -0.982
24 24 61 0.206
17 32 138 0.681
33 15 119 0.379
39 14 83 0.771
25 25 4 -1.096
19 33 63 -0.434
20 23 31 0.010
30 17 42 -0.002
38 13 9 0.040
19 25 139 1.054
17 32 69 -0.023
29 24 80 -0.084
25 29 61 0.540
25 29 136 -0.779
27 18 61 1.920
35 8 87 -1.048
19 26 63 -0.619
17 35 68 0.965
37 8 48 -0.288
35 14 89 -0.794
23 28 24 -0.190
13 35 67 0.129
33 20 93 -1.098
35 20 80 0.894
30 22 134 0.992
41 9 124 -0.144
21 32 101 0.861
22 33 100 0.004
16 25 110 -0.032
16 29 27 -0.974
24 27 136 -0.873
41 14 129 -0.867
33 16 96 -0.378
35 14 126 -0.905
38 13 7 0.399
42 6 127 -0.159
12 32 30 -0.142
43 8 53 0.639
39 14 11 0.069
30 20 116 0.554
36 10 7 -0.503
30 8 117 0.189
40 10 92 -0.816
26 25 61 0.048
18 17 138 -0.186
1 45 108 -0.651
38 12 129 -1.062
37 17 7 0.239
36 14 54 -0.989
16 32 142 -0.543
20 30 149 -1.190
24 37 137 -1.063
35 7 44 -0.554
16 24 33 0.781
38 13 89 -0.445
22 29 37 -0.617
30 20 41 0.404
15 33 71 -0.417
20 23 25 0.082
15 27 68 0.316
37 14 47 -0.798
14 31 111 -0.749
16 24 73 -0.226
32 22 80 0.147
21 14 138 2.376
40 11 10 0.875
38 11 89 -0.523
20 31 137 -0.325
38 3 123 -0.962
38 17 94 -1.144
17 34 140 -0.208
42 15 86 -0.733
15 18 74 1.066
40 18 130 -0.995
42 11 88 -0.061
31 26 22 -0.623
32 23 44 0.032
41 7 127 -0.906
16 31 140 -0.172
16 35 36 2.010
34 21 119 -0.694
35 5 11 -0.352
26 19 4 -0.557
33 4 123 -1.080
26 23 62 -0.476
25 26 76 1.312
31 20 81 -0.581
33 9 123 -0.828
11 38 147 -0.905
38 16 57 0.542
9 38 35 -0.957
43 14 17 -0.516
14 34 33 0.022
24 17 5 0.523
13 26 36 2.924
21 28 28 0.080
30 10 117 0.861
20 26 38 0.812
41 8 88 -0.680
18 26 28 0.532
13 24 69 -0.279
37 7 48 -0.617
18 31 139 -0.365
37 15 10 0.320
36 22 94 -0.105
13 34 109 -0.613
41 18 91 -0.287
21 24 26 0.868
12 34 109 0.348
9 37 108 0.433
37 13 87 -0.436
35 9 44 -0.492
40 13 121 -0.535
24 10 0 2.136
37 11 131 -0.966
28 16 42 -0.153
17 29 26 -1.253
11 42 109 -1.018
33 5 82 0.345
11 25 105 5.824
36 13 83 -0.493
39 6 12 0.356
29 24 21 -0.706
27 18 40 2.611
40 15 46 1.608
37 9 18 -0.512
15 32 104 0.778
12 30 66 -0.841
34 24 58 0.167
16 33 109 -1.087
20 24 0 0.190
36 11 120 -0.886
40 9 125 -0.573
19 25 2 -1.168
17 28 38 -0.149
23 25 100 -0.055
40 11 49 -0.009
12 30 109 -0.664
23 32 77 0.260
18 28 74 0.340
26 19 116 0.418
12 35 66 -0.875
27 23 41 0.350
35 14 80 0.303
34 17 133 0.369
19 31 65 1.508
13 38 72 0.509
35 14 117 0.059
14 28 37 -0.560
12 33 145 -0.015
19 31 27 0.636
35 23 132 -0.814
24 25 116 -0.066
16 31 144 0.934
31 19 5 0.182
33 11 84 -0.298
18 21 27 -1.063
35 23 19 -0.481
37 17 131 -0.944
10 31 29 -0.907
41 14 125 0.132
35 11 7 0.683
33 17 6 0.478
14 41 32 -1.005
39 17 54 -0.360
13 36 71 0.128
34 21 97 2.341
9 31 108 -0.766
41 16 54 -0.181
30 22 135 0.637
41 14 18 0.056
14 24 31 0.089
26 14 116 -0.199
16 23 74 0.417
21 15 0 0.631
11 37 108 -0.934
14 35 71 -0.387
18 32 100 -0.669
41 12 49 -0.487
39 14 88 -0.314
37 4 84 -0.313
24 38 114 -1.020
23 27 101 1.511
30 24 21 -0.292
14 36 33 -0.731
26 28 79 -0.866
40 11 55 -0.090
12 33 35 -0.331
25 25 100 0.800
25 33 39 -1.102
41 9 83 0.538
36 22 6 1.665
38 9 123 -0.663
17 29 28 -0.752
14 24 107 0.658
36 6 118 1.527
21 33 137 -0.209
15 31 31 -0.595
42 19 125 -0.269
43 13 125 -0.188
17 26 75 1.498
13 29 36 3.793
9 34 108 0.501
17 31 142 1.685
16 33 140 -0.992
15 33 30 1.551
30 22 41 0.894
37 10 45 0.347
29 19 22 0.640
23 25 1 1.678
24 23 82 -0.791
12 36 109 0.492
40 11 50 0.136
31 15 81 -0.544
30 21 23 -0.221
14 32 148 -1.166
21 11 1 0.148
39 17 92 -0.943
42 12 90 -0.213
37 14 17 0.321
42 12 53 0.169
20 17 149 0.431
37 20 130 -1.054
30 17 10 -1.168
15 28 37 -0.157
24 32 62 -1.082
11 23 65 -1.024
27 20 40 1.974
11 32 30 -0.776
13 26 71 -0.365
38 15 122 0.257
22 23 2 -0.582
15 37 102 -0.823
41 6 84 1.022
15 22 70 -0.225
35 10 87 -1.100
40 13 13 -0.082
37 8 124 -0.117
37 14 45 0.610
40 8 14 -0.545
33 5 85 -0.666
14 26 66 -0.441
37 3 13 -0.890
23 27 37 -0.680
37 7 86 -0.970
40 13 128 -0.241
39 13 49 -0.221
38 14 90 -0.977
31 22 136 1.706
18 22 69 0.663
13 39 68 0.159
25 20 82 -0.780
41 11 14 -0.135
36 6 11 0.110
26 18 5 1.249
39 12 52 0.058
9 40 35 -1.178
21 24 101 -0.490
15 26 141 0.200
14 37 145 0.621
26 15 4 -0.397
10 31 30 -0.879
25 31 79 -0.903
15 30 68 0.369
38 14 10 0.730
11 37 67 -0.886
12 25 69 0.849
40 21 55 -0.273
40 15 86 1.335
27 30 39 0.962
13 30 31 0.536
43 10 53 0.376
20 24 27 1.459
39 4 15 -0.725
24 27 23 -0.265
41 10 87 0.600
22 28 79 -1.043
36 23 22 -1.320
33 19 6 1.477
32 28 22 -0.196
11 41 72 -0.409
38 22 120 -0.008
32 23 57 -0.123
13 36 109 -0.934
19 22 138 0.457
22 30 24 0.099
35 8 7 0.085
36 12 15 -1.098
34 11 124 -0.386
42 14 128 -0.320
30 21 57 -0.819
40 14 54 -0.435
17 32 148 -0.190
30 18 40 0.146
12 31 141 -0.975
16 35 68 -0.893
13 34 139 -1.210
38 5 85 -1.097
36 22 7 0.670
31 12 4 0.428
26 20 76 1.262
38 11 130 -0.338
24 17 137 0.054
30 14 40 1.778
16 28 34 -0.213
29 24 41 1.972
15 23 31 -0.133
32 11 8 -0.878
40 15 18 -0.447
30 26 58 -0.278
39 13 18 -0.968
35 14 58 -0.124
42 4 15 -0.318
15 25 1 -0.960
39 12 15 -0.408
11 27 35 -0.301
22 35 100 0.191
35 15 122 -0.591
43 13 124 -0.378
15 35 147 -0.159
22 33 99 -0.116
16 39 113 -1.128
30 16 79 -0.084
43 9 14 -0.493
33 12 46 -0.376
40 10 89 -0.337
44 12 88 -0.493
20 31 64 0.562
13 33 30 1.958
24 13 1 2.593
42 8 14 -0.400
35 15 43 0.856
24 14 2 0.449
38 3 46 -0.665
27 15 78 -0.889
16 38 68 -0.895
39 9 127 -0.648
37 24 95 -0.116
13 19 34 0.238
12 27 141 0.338
10 42 71 -1.119
22 29 113 0.002
43 5 13 0.157
10 40 105 -0.722
16 32 71 0.174
15 37 33 0.613
37 15 120 -0.109
11 40 72 -0.546
38 12 85 0.104
32 21 9 0.263
19 30 140 -0.087
15 23 141 1.051
15 36 142 -0.384
24 29 62 -0.950
14 30 105 1.695
33 25 95 0.330
15 32 143 -0.756
33 16 119 0.139
15 40 113 -1.186
25 26 4 -0.926
14 25 103 -1.162
28 15 116 0.081
34 18 42 1.061
16 32 104 -0.781
27 25 44 -0.572
37 9 123 -1.007
16 34 72 -0.807
13 29 74 2.124
31 24 94 -1.200
11 32 29 0.472
34 17 49 -0.852
39 11 51 0.616
16 35 141 -0.218
14 37 146 -0.073
34 12 54 -1.041
40 3 16 -0.500
38 19 8 -0.006
15 25 64 3.272
9 35 146 -0.811
32 21 40 -0.250
23 25 24 -0.691
42 16 129 -0.509
34 26 95 0.487
41 3 12 -0.772
19 35 148 -0.031
18 27 142 1.656
31 19 96 -1.028
13 26 147 1.309
12 29 34 -1.051
15 31 75 -0.126
16 28 29 -0.777
24 25 135 -0.585
15 36 140 0.928
41 7 92 -0.599
42 8 125 -1.028
37 15 129 -1.023
37 15 127 0.134
26 15 44 -1.059
40 13 122 0.354
20 28 26 1.234
27 12 4 0.172
34 16 119 -0.688
39 11 18 -0.459
38 16 85 -0.928
11 35 30 1.015
43 12 17 -0.276
13 28 106 2.334
26 9 0 1.658
13 37 72 -0.506
29 28 115 -1.062
31 30 97 0.237
30 21 42 0.041
41 12 18 0.042
32 30 59 -0.828
11 32 65 -0.520
25 11 116 -0.340
17 20 63 -0.818
35 19 95 0.025
39 11 93 -1.113
31 24 80 -0.075
25 32 60 -1.165
21 29 37 2.214
14 33 105 2.435
18 30 103 -0.973
30 12 44 -0.064
18 23 74 -0.078
30 21 134 -0.825
15 33 148 -0.464
37 13 89 -0.588
29 24 59 -0.411
34 9 126 -1.013
25 24 3 0.313
15 27 29 -0.824
38 11 10 1.123
14 22 73 -0.780
19 35 65 0.033
21 28 0 -0.782
37 9 49 0.470
36 19 83 -0.260
12 31 33 0.406
11 31 34 -0.911
24 19 99 -0.846
14 33 75 -0.770
39 9 92 -0.634
12 41 112 -0.784
42 17 129 -0.843
12 34 32 0.974
35 19 10 -0.945
14 30 104 -0.980
17 15 73 1.429
29 25 23 -0.425
26 27 59 -0.775
18 27 113 -0.539
38 6 15 -0.033
23 36 62 -0.721
23 33 62 -0.195
41 12 51 -0.251
13 28 142 -0.515
14 32 111 -0.803
35 15 133 0.058
29 23 135 1.870
23 34 25 0.619
37 9 47 -1.014
34 19 6 0.885
38 11 126 -0.019
42 15 17 -0.849
28 17 4 0.198
29 25 40 -0.605
20 28 1 1.558
23 16 0 2.517
23 26 24 -0.044
32 23 22 2.455
26 16 82 -1.034
23 22 24 1.573
38 16 47 -0.443
18 34 37 2.064
42 13 49 -0.817
29 16 43 -0.338
14 31 146 -0.007
28 15 115 0.657
39 14 15 -0.391
13 41 66 0.021
11 21 31 -0.188
40 7 90 -0.618
18 27 110 -0.864
34 14 83 -0.255
40 2 131 -1.000
28 30 59 -0.904
14 38 142 -0.649
9 42 109 -0.527
23 26 39 -0.042
37 5 123 -0.276
37 3 87 -1.109
12 30 27 -0.775
30 21 95 -0.486
28 15 97 -1.015
24 22 63 -0.711
26 26 136 -1.142
18 33 140 -0.961
32 13 118 0.952
34 26 60 2.891
38 3 84 -0.592
9 32 35 0.394
20 23 139 0.295
40 12 86 -0.098
40 12 131 -0.411
22 29 24 -0.440
35 22 7 0.751
20 30 28 -0.709
33 5 45 0.730
34 15 41 1.741
13 36 35 0.251
31 0 82 -0.822
23 37 78 -1.009
37 18 87 -0.431
26 31 61 -0.744
27 21 5 1.061
14 36 144 -1.131
36 9 87 0.045
34 27 95 0.297
18 28 64 1.290
16 35 72 -0.468
12 32 33 0.809
29 16 58 -0.255
34 6 119 1.025
37 6 86 0.501
14 29 142 1.798
12 39 143 -0.302
9 34 102 -0.674
13 37 140 -0.731
7 35 35 -1.045
12 37 30 1.601
35 22 95 -0.691
12 40 70 1.098
40 11 53 1.227
20 28 73 -0.784
23 16 3 0.075
43 13 52 0.509
19 33 26 -1.154
42 9 51 -0.665
25 22 99 -0.755
38 20 86 -1.024
14 32 149 -0.998
16 19 34 0.563
31 15 58 0.155
16 29 75 -0.743
28 25 77 -0.043
10 31 35 0.087
13 30 102 1.048
27 19 40 2.279
23 27 39 -0.085
13 25 147 0.358
20 24 75 0.340
43 4 88 0.195
26 30 23 -0.604
14 27 144 -0.796
40 15 125 -0.115
27 24 25 0.335
11 39 30 1.603
20 34 140 -0.389
30 29 22 1.169
42 8 88 0.095
41 13 130 -0.297
9 37 146 -0.619
34 25 119 -0.912
31 22 80 0.134
22 26 0 -0.910
36 20 133 0.328
26 26 62 1.340
31 21 41 1.060
42 9 17 -0.117
32 25 80 0.852
41 8 84 0.695
15 35 0 -0.691
39 6 50 0.231
29 12 79 0.496
15 34 148 0.205
39 11 123 -0.969
40 12 92 -0.948
34 10 81 0.112
26 15 78 -0.570
25 29 99 -0.792
31 26 97 1.402
10 40 30 -1.236
19 23 110 0.266
36 14 81 0.625
40 15 49 -0.711
20 7 0 0.946
19 26 28 0.375
20 24 64 2.329
39 13 48 0.250
40 11 47 0.385
19 17 138 0.614
39 13 10 0.869
26 31 79 -0.868
20 40 138 -0.577
12 43 72 -0.995
30 19 22 0.453
40 5 11 -0.219
18 32 37 2.031
28 32 23 -0.457
22 26 38 -0.168
19 27 3 0.699
14 30 68 0.734
37 16 83 0.495
33 21 58 -0.118
42 12 46 1.080
35 15 11 -0.703
26 23 97 -1.182
37 12 120 -0.318
11 43 147 -1.059
36 21 95 0.146
10 31 68 -0.819
36 5 85 -0.927
25 30 0 -0.858
15 23 103 2.330
29 18 134 -0.324
20 25 37 3.687
37 19 83 -0.091
13 37 32 0.174
17 22 73 0.532
19 26 111 -0.907
22 29 4 -0.889
16 29 105 -0.325
34 20 80 0.154
19 26 148 0.305
13 27 36 3.262
35 26 20 -0.035
36 21 80 0.763
20 23 149 -0.251
18 31 1 -0.257
17 28 147 -1.160
35 17 94 -0.850
14 32 143 -0.865
16 25 1 -1.026
28 26 136 1.848
10 39 30 -1.061
20 26 1 1.847
35 6 82 1.111
38 6 50 1.066
39 12 83 0.579
22 30 25 0.851
17 33 75 -0.392
32 23 133 -1.110
28 19 61 0.477
32 17 118 -0.149
31 15 117 -0.569
15 30 140 1.420
25 24 136 -0.703
38 18 17 -0.002
17 26 28 0.493
41 10 47 0.206
31 23 21 -0.416
24 22 5 0.503
13 40 67 -0.955
25 28 24 1.317
33 5 8 0.267
31 21 98 0.783
6 29 108 -0.848
18 32 112 -0.694
39 10 48 -0.430
36 22 57 -0.172
31 29 96 -0.680
35 21 81 0.403
26 21 59 -0.015
31 13 5 0.019
20 29 23 0.090
12 34 35 -0.431
31 24 136 1.745
17 29 74 -1.125
34 21 93 -1.106
37 17 17 0.366
39 15 55 -0.884
17 30 64 2.452
16 27 69 1.343
36 17 6 1.631
24 34 114 -0.859
16 27 34 0.146
24 27 26 -0.266
37 9 7 1.457
21 36 78 -0.924
12 36 30 0.422
44 0 12 -1.098
37 6 85 -0.568
21 19 139 2.143
32 20 117 -0.258
19 26 113 -0.639
19 28 64 0.609
14 29 36 4.286
14 35 141 -0.446
29 23 59 -0.327
35 14 134 0.454
11 36 146 0.060
43 13 129 -0.212
41 10 92 1.391
39 14 92 -0.641
29 24 115 -0.661
23 34 24 -0.287
22 31 137 -1.189
38 18 121 -0.186
37 11 53 -0.827
36 26 120 -0.224
35 18 132 -0.679
30 23 97 -0.868
41 15 92 1.704
43 13 91 0.130
14 34 68 -0.457
22 37 23 -0.848
42 6 12 -0.780
16 27 29 -1.185
18 34 101 -0.443
12 36 34 -0.961
14 35 33 0.937
26 22 61 1.113
34 14 6 0.397
35 10 126 -0.835
22 30 138 -0.134
19 23 1 0.879
15 33 102 -0.719
38 10 53 0.372
28 31 99 -0.443
36 17 83 -0.151
36 11 87 -1.045
34 15 53 -1.172
36 17 80 0.225
22 23 114 1.123
19 32 1 -1.141
24 21 135 -0.054
13 32 140 0.168
35 13 11 -0.641
23 12 78 -0.890
33 23 119 -0.887
30 14 117 0.939
37 12 10 0.410
15 31 67 -0.544
21 33 23 -0.489
19 33 37 -0.690
27 24 99 -0.623
35 14 131 -1.056
42 17 88 0.078
39 15 122 -0.304
12 22 105 6.277
33 14 9 -0.210
19 29 28 -0.702
38 20 120 -0.137
14 34 105 1.321
37 9 85 -0.707
13 34 35 0.090
12 29 105 0.533
25 26 79 -0.990
31 19 120 -0.806
23 19 136 0.002
12 36 146 -0.453
27 22 134 -0.438
16 24 68 1.053
29 22 80 0.068
13 35 69 -0.347
40 15 129 -0.625
28 15 22 0.376
43 10 13 -0.127
32 17 121 -0.649
22 29 38 -1.139
39 17 93 -0.997
30 18 134 -0.771
16 32 143 -0.581
40 7 54 -0.961
28 24 23 -0.451
11 31 69 0.182
38 7 9 0.760
13 34 105 1.034
12 36 69 0.533
41 11 52 -0.777
37 18 81 0.437
37 14 8 0.417
35 11 118 1.095
21 31 64 -0.098
32 20 81 -0.147
11 34 145 -0.243
12 31 32 -0.135
18 21 73 2.329
39 21 55 0.108
40 7 51 -0.652
33 24 95 0.220
15 29 109 -0.866
41 7 49 -0.193
16 29 32 -0.229
37 8 131 -0.597
45 11 126 -0.094
15 36 0 -0.866
13 33 34 -0.771
39 18 55 0.043
17 24 34 0.273
18 26 65 1.295
34 19 57 -0.296
16 37 68 -0.679
43 7 126 0.044
16 32 68 -1.055
41 16 17 -0.333
35 4 8 1.376
11 33 107 -1.035
10 33 102 1.706
39 13 87 -0.410
39 8 89 -0.779
35 19 96 -0.038
19 26 74 -0.332
20 22 74 -0.532
38 8 12 1.290
22 32 100 -0.660
38 8 49 0.139
33 7 47 -0.948
21 24 111 -0.917
0 49 108 -0.822
16 31 37 0.057
16 25 28 1.547
41 21 55 -0.668
24 28 23 0.268
28 27 62 -0.860
15 30 149 -0.284
15 28 142 3.965
10 33 30 -0.582
27 16 40 2.736
35 19 7 0.366
27 31 23 -0.681
21 17 112 2.442
32 24 59 -0.033
26 30 63 -0.379
35 18 20 0.699
27 25 98 0.664
32 19 133 -0.306
13 28 107 0.315
13 36 72 0.615
9 38 107 -1.090
34 22 58 -0.880
38 17 129 -1.043
32 21 42 -0.308
24 23 149 -0.946
17 33 37 -0.894
38 12 55 -0.102
19 24 37 -0.451
25 28 135 -0.712
17 27 28 0.136
34 9 121 -0.813
33 21 57 -1.014
16 19 73 1.926
27 31 99 -0.482
32 18 80 0.252
12 29 29 -1.023
41 14 17 -0.876
37 8 127 -1.013
28 29 136 1.087
28 27 79 0.488
17 27 139 -0.817
36 19 95 -0.016
15 22 74 1.487
13 29 71 0.234
33 25 58 0.016
15 36 106 -0.244
9 37 147 -1.131
20 28 137 -0.612
24 30 115 -1.167
20 30 2 0.019
25 22 59 -0.078
9 33 108 -0.771
19 34 26 -0.900
31 21 134 -0.010
40 14 121 -0.593
37 2 131 -0.944
30 27 97 -1.055
17 30 111 -0.818
11 33 109 -0.771
40 13 83 0.577
19 30 0 -0.757
19 28 73 -0.838
37 18 133 0.626
6 37 108 -0.214
27 29 21 -0.691
21 26 149 -0.839
15 33 70 0.136
39 16 123 -1.185
16 23 70 0.179
23 28 39 -0.034
15 30 33 1.322
41 18 129 -0.861
26 27 39 0.253
38 10 8 2.204
18 26 64 1.307
14 36 75 -1.095
33 19 134 1.297
23 29 100 1.007
40 10 91 -0.787
34 22 20 -0.323
28 24 44 -0.722
26 27 24 -0.010
40 10 13 0.149
40 13 85 0.169
37 7 83 -0.182
24 26 149 -1.043
12 40 105 0.358
20 23 2 0.398
32 16 116 -0.401
13 26 106 1.322
40 9 14 -0.250
26 25 62 0.833
12 37 106 -0.771
41 21 88 -0.295
24 26 25 0.475
26 26 39 0.380
13 38 143 -0.042
34 18 20 -0.213
17 33 65 2.029
11 36 65 -0.387
40 17 18 -0.347
32 12 45 -0.521
23 20 136 -0.424
23 13 3 0.432
23 25 114 1.168
14 40 147 -0.579
16 19 74 1.535
14 19 34 0.820
41 7 123 -0.818
22 36 100 0.229
21 16 75 -0.421
30 26 133 -0.411
19 24 72 -0.861
40 6 127 -0.777
27 27 134 -0.376
33 26 21 0.165
19 27 37 1.006
31 18 96 -0.852
16 32 100 -0.983
7 32 108 -0.640
18 34 64 0.965
30 28 135 2.013
40 16 11 0.115
25 15 4 -0.210
31 19 94 -1.182
30 22 59 -0.744
39 18 54 -0.215
33 1 82 -0.686
27 16 59 -0.926
32 5 82 -0.944
12 38 147 -0.460
15 36 72 -1.052
39 13 128 -0.844
21 22 138 0.599
39 12 92 -0.849
15 32 75 0.356
22 32 138 -0.353
13 37 71 -0.930
33 12 10 -0.027
33 18 134 0.976
39 10 9 0.101
42 8 17 -0.124
20 27 28 0.127
33 8 45 1.470
33 21 21 0.010
36 6 8 1.625
34 13 43 1.426
36 18 87 -0.687
16 33 75 0.404
18 24 112 1.158
29 22 42 -0.266
26 33 23 -0.812
48 0 12 -1.106
31 25 98 1.914
18 32 101 -0.483
36 11 130 -0.513
38 10 13 -0.563
14 29 103 -1.289
39 10 47 -0.460
36 13 87 -0.167
22 30 38 -1.016
38 21 84 -0.432
35 8 118 1.489
19 30 113 -0.774
16 15 73 1.227
41 17 128 -0.528
12 24 146 2.962
36 15 18 -1.177
16 27 31 0.030
40 12 128 -0.525
14 41 66 -0.179
17 27 144 0.478
38 9 85 -1.034
26 28 58 -0.082
36 9 10 1.426
31 17 21 1.728
32 18 44 0.307
42 3 46 -0.701
23 20 25 -0.166
26 30 137 -0.278
14 31 74 0.638
41 5 90 -0.322
37 13 92 -0.956
34 22 133 -0.171
27 28 99 -0.084
15 24 144 -0.799
15 33 27 -0.874
44 11 126 0.023
25 25 99 -0.711
18 34 149 -0.981
37 10 130 -0.266
30 24 41 1.441
25 25 114 1.161
21 24 0 0.734
40 8 54 -0.529
42 18 46 0.602
17 26 143 -0.969
18 30 76 -0.595
16 37 75 -0.852
35 14 87 -0.108
32 13 8 -0.460
13 37 36 1.186
37 15 45 0.845
39 8 125 -1.088
21 26 37 2.475
23 36 23 -1.076
18 31 112 -1.016
13 32 35 1.529
14 38 71 -1.105
10 38 108 0.572
14 20 34 0.546
8 40 108 0.633
17 29 112 -0.441
11 37 30 0.580
15 27 103 -1.186
25 16 116 -0.166
16 33 74 1.732
12 29 107 0.250
27 16 4 0.336
24 31 62 -0.148
31 16 40 -0.679
37 11 15 -0.709
13 32 149 -0.625
39 12 87 -0.627
41 11 127 -0.743
39 6 11 -0.812
20 28 27 0.871
20 18 27 0.141
36 16 45 -0.140
37 11 84 -0.735
41 4 15 0.380
20 34 101 0.245
35 13 82 -0.474
16 19 1 -0.895
30 25 120 -0.778
32 17 117 0.341
26 20 97 -1.082
18 32 139 -0.501
43 7 11 -0.675
39 17 131 -0.131
24 14 0 1.452
35 23 57 -0.100
33 21 20 0.228
17 19 73 -0.468
39 10 126 -1.120
28 27 115 -1.008
18 42 137 -1.161
32 17 20 -0.723
29 23 43 -0.638
29 9 117 0.473
34 16 19 -0.113
14 28 70 0.116
29 20 43 0.710
15 42 75 -1.086
39 12 84 0.560
12 31 72 0.269
42 9 92 -0.969
28 29 26 -0.842
42 7 15 -0.166
31 16 117 0.152
18 27 28 0.103
14 30 31 0.096
37 3 85 -1.083
43 5 46 0.210
11 40 30 1.062
14 21 31 0.484
32 18 81 -0.208
9 36 109 -0.941
33 21 119 -0.206
33 18 21 -0.277
38 15 93 -0.978
11 28 67 0.485
37 9 8 1.576
34 22 94 -0.941
18 26 75 2.053
27 30 40 -0.336
41 8 126 -1.059
32 6 119 -0.617
17 21 110 -0.322
22 29 139 -0.269
41 9 13 -0.155
37 20 57 0.197
24 30 100 1.489
16 26 73 -0.886
11 40 145 -0.378
37 12 13 -0.936
37 12 122 -0.068
42 8 15 -0.527
41 0 12 -0.937
41 9 50 0.549
19 27 31 0.089
13 41 143 -0.020
41 7 11 -0.173
20 27 63 -0.523
13 40 105 0.685
16 27 103 -1.144
39 16 93 -0.990
20 19 63 -0.744
23 15 0 2.673
42 9 54 -1.116
34 18 7 0.456
25 29 39 0.001
23 21 3 -1.145
29 16 96 -1.137
21 31 5 -0.511
29 33 60 -1.316
19 32 140 0.198
41 11 49 -1.190
37 18 121 -0.928
13 39 29 -0.767
19 36 63 -0.453
21 34 138 -0.292
20 33 101 -0.427
39 11 9 0.407
27 25 39 0.119
10 35 30 -0.104
36 10 12 0.002
28 21 77 0.122
18 24 34 -0.291
20 12 3 -0.910
20 26 139 0.512
16 21 28 -0.545
31 16 116 0.586
13 38 111 -1.166
11 37 106 -0.353
35 2 85 -1.189
14 33 144 2.501
27 15 40 2.193
38 13 55 -0.175
35 14 49 -0.597
33 19 58 -0.453
37 18 43 0.592
14 37 72 -0.927
38 12 10 0.190
36 20 20 0.047
28 27 96 -0.989
40 14 87 0.610
35 16 41 1.830
36 12 45 0.682
38 16 91 -0.573
38 14 57 0.999
19 21 26 0.457
15 30 69 -0.606
30 16 41 0.762
21 23 139 1.145
39 9 48 0.167
38 9 12 1.572
16 32 70 -1.073
22 26 101 1.204
29 23 39 0.645
33 26 58 -0.178
41 14 92 -0.838
27 32 62 -0.498
15 37 103 0.309
23 24 76 1.032
42 15 128 0.013
28 24 39 0.408
33 18 58 0.246
36 18 92 -1.126
35 16 56 -0.588
18 33 33 -0.937
39 15 11 -0.462
17 23 33 0.794
20 29 137 -0.565
34 10 7 0.780
20 29 28 -0.639
36 23 20 -0.384
15 24 74 1.751
27 22 5 0.529
38 12 121 0.772
27 22 60 0.030
26 30 62 0.855
19 24 64 0.848
36 8 118 1.117
14 32 66 -0.743
37 20 95 -0.094
36 12 50 -0.564
31 20 22 0.557
36 9 8 0.526
40 12 88 -0.250
36 23 56 -0.248
43 9 50 -0.558
30 28 22 1.462
38 19 56 0.480
29 15 22 0.648
22 15 138 2.566
31 16 22 0.186
11 41 109 -1.130
13 33 67 0.094
16 28 1 -0.749
31 16 5 -0.080
40 12 17 -1.096
30 14 4 -0.091
14 22 29 -0.926
35 11 48 -0.135
13 32 32 0.068
40 16 18 -0.291
38 16 11 -0.426
33 23 133 -0.008
16 22 75 1.201
27 29 60 -0.691
15 34 103 0.369
30 28 41 2.731
9 29 107 -1.010
16 32 75 0.081
27 28 26 -0.862
31 17 97 -0.585
22 16 112 1.951
25 20 3 1.170
35 14 10 -0.578
27 30 99 -0.441
37 17 121 -0.109
23 33 25 1.237
26 27 27 -0.131
12 35 69 0.427
30 23 43 -0.399
19 28 112 0.313
17 29 65 1.738
18 19 34 -0.329
43 9 15 -0.345
19 31 104 -0.132
13 32 147 -0.518
14 37 66 -0.890
24 21 116 -0.013
15 31 110 -1.241
25 26 25 2.473
9 41 107 -1.104
31 18 40 0.173
23 29 61 -0.627
19 29 38 0.362
39 16 128 -0.639
13 24 29 -1.142
16 26 144 -0.714
13 31 141 -0.442
32 25 43 -0.239
19 28 27 0.236
29 18 23 -0.571
34 14 9 -0.480
36 11 119 0.373
36 14 121 -0.767
29 22 115 -0.519
41 11 15 -0.616
42 10 50 1.498
16 25 73 -0.901
25 17 5 0.971
15 33 112 -0.813
25 15 78 -1.014
15 27 74 -0.090
17 28 140 3.079
27 32 23 0.152
40 16 55 -0.503
32 15 44 0.090
39 18 93 -1.069
35 8 11 -0.064
9 44 105 -0.732
27 25 78 -0.122
29 18 116 0.363
15 32 149 -1.108
26 23 100 -0.431
35 12 87 0.057
17 27 27 -0.949
16 36 68 1.065
40 12 129 -0.612
41 9 126 -0.845
23 30 39 -0.235
28 15 4 0.329
36 13 85 -0.964
32 17 134 0.395
23 21 63 -1.216
42 12 13 -0.231
21 32 38 -1.152
38 9 51 0.103
33 15 9 0.355
16 36 103 -0.576
16 29 104 -0.328
15 33 113 -0.750
13 33 35 1.289
10 37 146 -0.726
35 20 58 0.111
12 31 68 0.401
18 29 102 -0.414
33 14 47 -0.597
39 10 90 -0.611
12 31 67 -0.426
15 30 110 -0.986
30 20 42 0.146
34 9 44 -0.722
10 29 35 -0.297
32 25 59 -0.273
19 29 76 -0.357
34 16 95 -0.140
23 12 0 1.878
26 19 76 1.073
28 20 21 -0.307
15 26 70 0.328
15 25 144 1.332
16 36 143 -0.777
17 23 64 2.884
21 33 101 0.201
16 29 70 -0.709
20 18 139 2.238
34 9 80 0.364
34 17 132 -1.017
10 29 67 -0.365
26 25 98 0.146
29 23 98 1.377
40 12 130 -0.614
39 11 88 -0.350
11 36 30 0.317
23 23 5 -0.227
16 39 140 0.569
29 22 97 -1.134
36 16 8 0.404
32 21 134 0.919
13 31 105 0.918
22 24 4 -1.047
43 7 52 -0.983
15 22 28 0.654
29 19 115 0.141
20 25 149 -1.036
39 14 129 -0.906
31 21 44 0.072
37 8 18 -0.887
33 24 6 0.119
20 37 101 0.111
37 9 118 1.615
40 9 50 1.191
44 14 129 -0.148
15 28 105 1.222
21 21 3 -0.844
15 21 29 -0.922
16 34 66 -0.487
30 22 22 0.616
23 25 136 -0.032
43 7 15 -0.368
26 11 44 -1.017
19 29 26 -1.201
35 12 11 -0.723
36 13 80 0.668
30 26 23 -0.295
14 28 111 -0.372
37 18 48 -0.755
18 32 65 -0.097
36 17 56 -0.682
12 30 29 -0.276
16 34 103 0.566
25 31 23 1.473
31 13 120 -0.820
36 16 133 0.067
35 10 80 0.491
24 36 62 -0.770
40 6 16 -0.631
31 19 42 1.943
12 34 34 -0.846
15 38 72 -1.169
12 30 33 0.595
18 34 36 2.898
29 28 135 -0.220
38 16 10 0.456
40 11 124 -0.221
23 30 78 0.149
24 27 62 -0.677
27 24 61 0.690
11 36 68 -0.568
10 40 139 -1.120
29 22 59 -0.217
40 13 45 1.131
14 30 66 -0.804
42 12 124 -0.668
25 25 135 0.525
25 16 3 1.169
42 10 18 -0.612
11 24 105 5.286
30 25 23 0.085
16 25 74 1.259
33 20 43 0.638
22 37 100 -0.395
38 12 11 0.829
29 12 118 -0.300
19 21 113 1.287
12 18 34 0.361
19 17 31 0.306
21 21 38 0.678
32 22 59 -0.249
42 13 124 -0.934
34 17 47 -0.362
13 39 105 0.449
41 18 17 -0.820
16 24 110 -0.070
42 10 90 0.050
20 25 25 1.075
29 14 39 1.543
29 26 98 -0.871
35 12 54 -0.972
38 4 46 0.467
28 22 77 0.669
35 8 126 -1.005
22 22 28 -0.908
38 6 18 -0.206
10 38 110 -1.273
25 30 4 -0.967
38 15 124 -1.186
24 31 26 0.139
12 34 68 0.588
38 17 9 -0.720
29 17 40 2.495
10 35 72 -0.790
13 38 104 -0.933
20 27 65 -0.489
16 32 113 -0.986
23 24 25 0.794
19 19 138 0.352
43 11 90 0.364
18 30 27 -0.450
42 9 46 0.007
35 18 56 0.039
40 13 17 -1.018
30 25 43 -0.244
23 12 1 1.211
32 22 6 0.045
17 26 73 2.212
16 26 68 1.639
10 25 66 -0.958
29 17 39 1.872
26 21 60 -0.596
31 22 134 -0.841
41 8 49 0.665
36 4 7 0.389
40 15 50 0.264
13 28 71 0.367
34 16 54 -0.978
37 15 132 -0.793
37 11 47 -0.639
11 32 66 -0.942
27 16 77 1.546
32 19 118 0.373
13 26 31 0.420
31 29 97 0.675
35 17 10 -0.422
36 12 12 0.068
14 31 148 -0.865
23 23 24 1.493
35 13 86 -1.000
16 24 31 1.112
39 7 124 -0.239
31 27 22 2.427
22 36 63 -1.069
15 20 69 1.721
37 16 122 0.084
39 10 54 -0.565
22 32 78 -0.996
40 7 91 -0.396
13 41 109 -1.133
38 13 18 -0.589
19 23 76 0.091
40 15 126 -0.184
18 32 26 -1.133
29 23 25 0.914
33 10 123 -0.729
22 29 25 0.183
13 34 143 0.344
31 14 118 0.190
39 9 55 -0.064
16 26 27 -0.858
20 37 62 -1.244
23 24 5 -0.267
38 7 121 0.655
35 13 120 -0.444
14 44 111 -1.250
29 19 40 2.653
19 25 148 0.128
42 11 56 0.017
17 39 68 -1.048
33 8 117 0.182
34 5 8 0.866
36 7 7 0.172
42 16 88 0.306
13 35 109 -0.788
27 27 116 1.751
26 16 3 1.368
40 11 16 -0.032
11 31 105 2.602
14 32 69 -0.174
17 33 113 -0.748
13 35 146 -0.264
25 30 136 -0.773
16 34 140 0.353
19 21 3 0.529
16 30 111 -0.686
37 11 122 1.005
19 23 27 0.121
16 28 27 -0.949
38 9 15 -0.178
26 28 62 0.971
26 31 60 -0.917
37 8 15 -1.021
40 6 124 -0.374
32 14 58 -0.060
22 31 26 -0.403
24 17 2 0.253
27 19 97 -0.815
33 19 19 -0.868
37 22 56 0.183
38 10 9 0.530
43 7 51 -0.893
32 4 82 -0.795
42 12 127 -0.908
40 9 84 1.051
16 29 1 0.214
14 36 149 -0.963
25 14 38 0.565
13 34 30 0.542
13 39 112 -0.897
16 26 110 -0.325
29 27 39 -0.655
10 38 72 -0.956
39 10 56 0.577
25 17 38 1.099
38 11 85 -0.170
16 31 34 -0.113
30 25 42 0.518
16 27 28 3.554
15 33 67 0.806
35 6 44 -0.037
12 41 30 -0.491
12 28 65 -0.901
18 30 101 -0.275
15 29 75 -0.947
42 5 13 -0.269
27 21 78 0.781
27 17 79 -0.177
42 9 50 0.623
31 17 117 -0.190
40 13 14 -0.181
8 36 146 -1.057
18 31 64 2.934
17 25 27 -1.001
18 25 141 -0.150
36 21 56 -0.335
28 23 60 0.170
26 19 78 -0.926
16 28 145 -0.437
41 10 124 -0.289
18 25 65 2.354
26 12 44 -1.076
12 40 35 0.968
5 44 108 -0.746
11 37 72 0.039
9 33 107 -1.140
38 16 83 0.247
26 15 5 0.934
14 34 0 -0.838
41 6 90 -0.463
28 21 44 -0.255
7 33 108 0.276
20 31 73 -0.859
24 16 1 2.311
9 31 106 -1.064
25 23 61 -0.518
40 11 54 -0.680
15 30 144 1.918
39 15 84 -0.510
16 33 147 -1.048
31 17 94 -1.157
40 11 128 -0.892
13 36 33 -0.633
21 18 31 -0.228
20 19 138 1.268
13 30 30 0.835
15 24 29 -0.787
39 12 13 0.213
17 33 67 0.290
22 21 26 0.206
35 9 45 0.281
37 13 80 0.669
10 42 102 -0.935
8 26 107 -0.933
17 36 36 2.302
12 38 143 0.403
18 25 110 -0.712
9 28 102 0.709
39 15 51 0.363
20 24 26 0.745
21 33 26 -0.794
29 21 61 1.613
40 6 131 -0.894
18 32 27 0.180
28 21 26 0.833
31 10 4 0.356
7 33 102 -0.770
31 16 133 0.708
41 7 52 1.111
45 3 88 -0.570
35 26 94 -0.622
36 23 83 -0.923
19 21 34 -0.094
23 25 61 0.033
35 16 131 -1.020
34 9 119 -0.076
12 28 105 2.024
17 41 137 -1.157
27 29 39 -0.738
36 20 132 -0.280
14 29 66 0.646
27 25 116 0.755
11 40 32 -0.670
12 38 35 1.078
21 18 75 -0.243
29 13 118 0.071
37 7 7 -0.288
38 17 128 -0.806
19 19 2 0.413
28 15 117 -0.387
25 26 62 -0.338
36 18 83 -0.480
18 25 38 0.364
37 11 89 -0.677
31 19 77 1.549
34 7 121 -1.008
21 23 2 -0.404
21 30 28 -0.591
17 31 112 0.184
27 22 117 -0.237
13 33 143 -0.722
18 32 38 0.112
36 18 120 0.017
19 26 75 1.904
38 17 93 -1.056
39 15 83 0.472
32 19 117 0.339
29 18 117 -0.171
36 6 84 -0.354
40 16 84 -0.436
35 13 83 -0.198
28 25 116 -0.514
38 6 87 -0.613
34 10 45 0.568
30 16 116 0.755
29 19 23 0.176
19 22 2 -0.308
15 25 28 -0.632
23 26 3 -0.800
35 12 49 -0.533
25 23 38 -0.236
35 24 119 -0.814
28 25 44 -0.805
39 10 91 -0.924
16 29 74 1.417
6 32 108 -0.747
36 9 84 -0.800
16 26 142 1.770
27 30 59 -0.684
21 35 99 -0.777
13 32 109 -1.105
35 11 82 -0.553
34 15 54 -0.922
22 22 101 2.264
36 13 48 -0.747
41 4 11 -0.207
21 31 149 -0.818
28 28 77 0.458
32 25 95 -0.036
33 17 9 0.338
40 14 50 1.366
13 25 142 0.235
35 15 10 -0.463
23 25 37 -0.276
43 9 17 -0.407
28 28 25 -1.135
17 30 26 -0.434
36 13 10 0.073
35 16 81 0.293
21 28 25 0.595
20 29 2 -0.103
37 8 44 -0.417
11 32 145 -0.186
13 39 35 0.069
37 5 7 0.043
30 12 40 0.445
16 34 65 2.714
34 23 7 -0.046
14 34 104 -0.941
19 21 38 0.393
26 24 97 -1.171
34 14 8 0.139
36 7 50 -0.763
29 24 22 -0.068
35 23 95 -0.589
39 13 88 -0.354
40 8 51 0.095
15 31 112 -0.821
12 35 106 2.973
42 14 49 -0.571
39 9 56 -0.674
18 28 110 -0.747
28 24 98 -0.092
22 26 149 -1.067
41 7 51 -1.024
11 37 32 -0.097
13 29 34 -0.625
20 36 101 0.805
31 11 4 0.120
36 16 120 -0.695
15 27 72 -0.106
19 24 26 2.314
28 18 42 0.209
41 7 15 -0.189
28 27 60 -0.119
32 19 79 1.705
41 10 11 -0.112
13 36 102 0.296
28 27 59 -0.603
31 22 117 -0.195
34 12 119 -0.378
43 9 126 -0.807
35 22 57 -0.356
15 27 70 -0.249
22 34 138 -0.818
43 10 125 0.029
35 27 94 -0.905
35 13 46 0.311
37 17 6 1.723
40 15 55 0.201
26 29 23 -0.739
13 32 141 -0.237
22 19 112 1.506
23 23 26 0.034
18 31 100 -1.010
42 11 13 -0.178
37 13 46 -0.105
12 33 142 -0.990
38 10 129 -0.553
14 34 30 -1.039
38 13 129 -0.366
33 13 84 -0.124
22 31 63 -1.078
41 4 16 0.393
38 12 45 1.076
36 22 20 -0.445
36 5 8 -0.107
27 22 44 -0.467
41 11 46 0.576
35 24 20 -0.017
18 29 76 -0.530
13 27 103 0.377
28 19 118 0.263
20 26 2 -1.037
37 6 13 -0.964
18 24 37 0.336
16 20 68 1.468
20 27 27 1.440
39 10 85 -0.051
17 27 3 -1.320
20 33 64 -0.575
23 31 63 -1.066
15 36 149 -0.968
39 10 92 -0.980
43 4 46 0.911
40 5 15 -0.215
34 23 133 -1.209
43 7 53 0.538
30 18 116 1.827
25 22 62 -1.285
29 22 41 0.513
32 26 135 -0.092
21 27 37 3.093
38 8 15 -0.129
42 18 128 -0.289
13 33 70 1.420
34 14 43 0.622
45 10 17 -0.593
23 25 78 0.211
43 11 49 0.671
40 17 11 -0.147
37 18 57 0.675
41 15 47 -0.608
26 32 23 -0.759
38 20 94 -1.190
31 12 7 -0.379
35 7 127 -1.056
17 30 74 -1.080
38 10 48 -0.486
16 33 144 3.025
24 25 139 0.750
33 17 119 0.545
30 21 40 0.769
15 25 31 1.094
39 8 86 -0.284
17 23 34 0.335
17 24 73 2.575
37 13 45 0.598
11 35 143 2.597
14 32 147 -0.496
23 37 114 -0.975
16 30 142 1.763
25 24 135 -0.557
18 33 38 -0.354
13 28 33 0.685
38 7 54 -0.803
34 16 10 0.297
37 8 129 -0.598
38 13 56 0.015
35 12 132 -1.025
40 8 13 -0.118
29 21 21 -0.857
27 31 24 -0.945
16 30 1 -0.882
27 25 136 0.266
36 12 132 -0.923
29 15 115 1.789
39 10 122 0.411
34 19 18 -0.994
25 16 76 2.769
34 15 56 -1.130
37 17 133 1.106
24 22 38 0.810
34 15 7 0.760
13 36 30 -0.799
32 11 132 -0.976
30 16 120 -0.870
28 20 60 0.223
12 30 144 -1.187
23 34 115 -0.980
30 16 40 -0.086
32 18 116 0.026
16 24 148 1.880
33 27 133 -0.987
37 11 127 -0.482
20 30 63 -0.324
28 23 44 -0.605
15 26 31 -0.997
15 28 103 0.715
40 9 83 0.655
36 11 54 -0.943
13 37 29 -0.376
14 40 111 -1.152
41 5 14 -1.202
16 30 148 0.541
20 21 73 0.186
17 26 69 0.619
28 27 134 -0.453
20 26 73 -0.630
29 20 21 -0.498
12 39 30 -0.092
17 27 111 -0.710
26 19 61 1.846
35 16 8 0.658
14 32 70 -0.399
13 28 29 -0.840
38 15 86 -1.007
14 26 144 1.916
14 36 66 -0.716
21 28 63 -0.358
38 11 12 1.544
17 20 34 0.224
25 19 38 0.838
40 9 129 -0.754
40 5 127 -0.680
17 30 143 -0.318
20 29 0 -0.391
39 11 54 0.496
33 15 20 -0.000
14 36 143 -0.092
39 21 19 0.203
41 6 127 -0.630
37 14 55 -0.291
37 12 45 0.667
29 36 96 -0.800
28 23 116 -0.751
36 12 49 -0.630
34 14 57 -0.495
42 11 17 -0.160
19 21 73 0.549
38 12 86 -0.213
15 29 33 1.465
36 17 92 -0.880
16 36 72 -0.918
31 19 40 0.271
18 21 110 0.462
9 34 107 -0.922
29 26 60 2.964
37 17 120 0.084
20 21 76 0.055
34 21 19 -0.547
18 35 113 -1.164
36 11 9 1.058
12 26 107 -0.063
12 40 71 -0.851
26 22 137 0.487
22 25 24 1.029
36 9 18 -0.801
31 28 97 0.327
25 28 4 -0.956
19 28 100 -0.506
17 35 140 0.455
36 9 45 0.079
35 9 9 1.351
36 19 20 1.058
11 27 144 3.868
31 23 40 1.092
41 11 48 -0.478
36 8 45 0.374
29 16 40 1.548
27 30 25 0.907
19 25 0 0.343
41 11 47 -0.487
10 34 65 -0.590
13 32 148 -1.041
14 30 142 1.653
26 22 135 -0.966
14 31 34 -0.614
36 6 45 0.386
31 18 80 0.094
38 17 132 -0.792
28 15 114 0.856
40 5 16 -0.551
28 11 82 -1.146
24 26 99 -0.881
42 8 52 0.736
33 17 96 0.250
35 17 18 -0.906
16 37 33 -0.004
13 26 66 -0.535
21 34 63 -0.846
12 30 106 1.253
30 12 77 3.059
22 14 1 0.040
36 10 118 1.851
35 6 85 -0.082
41 14 53 0.007
13 40 142 -1.071
24 27 25 2.189
35 12 9 1.169
9 35 107 -0.854
27 14 82 -1.017
11 44 102 -1.151
32 17 77 2.225
32 16 79 1.293
16 20 69 1.221
29 19 43 0.064
26 15 114 0.749
40 15 130 -0.771
14 27 31 0.979
41 17 17 -0.473
32 22 97 0.197
31 13 81 0.198
27 29 41 -0.283
32 17 120 -0.382
33 11 9 -0.313
36 17 8 -0.024
35 15 82 -0.381
32 18 10 -0.660
20 29 113 -0.305
39 9 129 -0.981
18 35 140 -0.028
34 15 83 -0.525
17 27 149 -0.442
41 14 13 0.086
30 20 44 -0.109
27 31 25 -0.566
38 12 56 -0.166
27 25 120 -0.788
11 30 144 5.473
11 33 104 -0.739
31 20 40 0.085
14 24 37 1.217
12 24 33 2.397
38 6 91 -0.850
18 19 31 0.582
25 29 26 -0.673
17 29 37 2.120
41 13 127 -0.614
13 37 35 0.031
14 30 37 0.711
39 7 90 -0.827
11 35 109 0.111
35 16 93 -1.176
6 41 108 -0.772
30 30 22 1.156
44 7 88 -0.536
36 19 56 -0.218
26 29 136 -1.134
35 7 118 0.796
39 13 17 -0.364
9 32 70 -0.856
40 11 91 0.022
39 12 17 -0.342
19 34 63 -0.376
37 13 56 -0.660
15 39 66 -0.850
23 33 78 -0.734
28 16 117 -1.050
12 42 147 -0.924
37 19 19 -0.202
10 33 32 -0.817
31 12 118 0.397
33 20 118 -0.207
34 11 47 -0.406
34 18 86 -0.934
43 10 46 0.251
18 33 104 0.023
19 25 27 1.558
18 29 27 -0.563
18 33 101 -0.462
17 33 29 -0.973
35 24 19 -0.033
39 10 11 -0.763
13 32 34 -0.547
35 19 20 -0.155
18 23 34 0.004
28 18 78 0.742
14 31 105 2.679
29 22 22 0.178
21 27 2 -0.112
38 10 49 0.394
41 13 128 -0.581
37 19 56 0.697
14 34 103 0.674
18 19 63 -0.564
17 24 103 -1.272
24 30 99 -0.775
14 33 33 -0.241
15 32 145 -0.634
15 35 149 -0.968
20 39 138 -0.736
40 11 51 0.436
11 33 32 -0.128
13 40 30 -0.825
33 22 95 -0.030
35 20 57 0.505
26 25 135 0.324
35 12 10 -0.590
34 23 20 0.109
19 21 28 0.468
42 14 88 0.281
35 17 43 0.460
30 24 61 1.386
24 28 1 2.040
26 20 5 0.886
23 21 101 2.811
24 20 114 2.206
36 21 91 -0.490
14 27 71 0.278
16 23 34 1.198
29 24 23 -0.333
16 32 140 0.422
33 7 121 -1.000
40 13 18 -0.266
16 38 147 -1.126
13 42 102 -0.640
37 17 92 -0.989
29 22 96 -1.057
39 13 12 0.834
39 9 15 -0.486
35 19 47 -0.820
24 26 61 -0.854
28 31 135 -0.089
13 34 34 -1.061
35 16 87 -0.572
13 39 72 0.942
17 22 33 0.808
27 20 61 0.954
18 22 31 0.013
19 30 100 -0.667
41 2 12 -0.482
15 34 102 -0.529
15 29 102 -0.530
36 16 94 -1.020
22 16 0 2.181
26 16 117 -0.928
14 25 67 -0.599
38 13 132 -1.116
39 18 88 -0.242
44 12 16 0.436
22 16 63 -1.206
11 34 65 -0.518
29 22 77 2.359
19 31 101 -0.099
35 11 119 0.602
19 31 137 0.568
34 15 119 -0.367
15 28 71 0.436
19 28 37 -0.610
36 15 48 -0.684
18 20 141 0.641
30 19 5 -0.699
26 16 5 1.279
14 31 142 2.794
25 27 62 1.071
25 33 77 0.967
14 32 36 3.432
17 28 27 -0.719
36 19 8 0.889
41 15 128 -0.320
15 37 149 -0.942
36 8 82 1.142
24 20 38 -0.340
43 10 15 -0.387
39 11 52 -0.211
16 29 102 -0.620
19 29 147 -1.182
44 6 52 0.115
42 7 52 -0.220
19 30 111 -1.056
39 10 123 -0.227
9 42 107 -1.130
34 9 47 -0.737
18 37 137 -0.333
45 2 88 -0.231
10 30 35 -0.693
17 35 103 0.493
29 14 21 2.048
36 19 94 -0.487
15 39 0 -0.874
14 31 70 -0.393
42 14 129 -0.842
11 43 139 -1.142
40 4 12 -0.691
22 32 99 -1.002
40 9 55 -0.362
30 23 22 1.203
24 22 136 -0.918
42 12 88 -0.164
39 16 92 -0.656
25 29 115 -1.126
38 16 55 -0.562
19 30 149 -0.870
25 30 25 1.259
36 21 132 -0.246
22 32 79 -1.064
30 17 118 -0.670
15 22 73 0.442
43 11 126 -0.937
24 28 100 0.266
27 24 44 -0.678
16 29 111 -0.230
34 18 41 1.890
17 36 38 -0.746
34 13 119 -0.653
36 14 87 0.092
34 25 95 0.279
30 15 21 1.225
14 37 111 -1.119
38 14 93 -1.057
36 22 80 0.751
17 34 141 -0.631
23 25 25 1.308
33 21 81 -0.075
37 25 132 -0.061
11 32 142 -0.742
11 33 29 -0.869
11 38 30 0.395
19 36 140 -0.661
18 27 143 -1.012
36 12 133 0.427
12 33 146 0.624
16 39 69 -0.700
36 18 122 -0.509
23 29 113 0.169
24 21 24 0.748
13 28 31 1.076
12 28 107 -0.228
37 8 14 0.447
18 33 27 -0.166
31 16 118 0.365
24 25 63 0.313
17 23 28 0.462
39 11 13 -0.401
12 31 109 -0.116
30 24 136 1.675
34 18 96 0.206
38 15 91 -0.337
14 30 141 0.304
42 9 128 0.107
10 32 106 -1.071
40 10 126 -0.728
14 25 149 -0.332
42 15 11 -0.620
42 1 12 -0.410
35 12 43 0.744
26 27 100 1.964
14 34 147 -0.070
44 6 15 -0.699
26 23 76 1.438
20 16 31 0.854
29 32 60 -1.328
20 35 138 -0.789
9 40 109 -0.491
35 19 94 -0.861
39 17 130 -1.102
35 13 9 -0.009
34 13 54 -0.915
18 21 147 0.667
14 38 143 -0.450
18 30 73 -0.911
15 34 33 -1.049
11 23 107 -0.724
34 20 20 -0.287
37 15 48 -0.655
22 21 112 2.582
19 21 138 1.835
38 11 54 -0.736
14 33 0 -0.824
41 10 49 0.301
38 5 15 -0.401
11 32 143 1.380
36 22 120 0.091
38 16 127 -0.284
19 23 69 0.733
24 29 99 -1.031
37 7 123 -0.730
34 20 6 0.192
19 31 113 -0.294
41 8 47 -0.550
38 12 125 -0.573
20 27 5 -0.279
33 9 119 -0.587
33 20 119 -0.659
15 40 148 1.263
27 9 119 0.277
39 13 125 0.033
38 12 92 -0.838
39 15 123 -0.973
25 24 5 0.394
38 11 56 0.292
38 10 14 0.239
24 21 98 -0.259
28 17 80 -0.011
15 33 144 0.994
24 36 114 -0.693
41 14 16 0.347
22 17 0 2.333
23 24 4 -0.702
28 20 23 0.042
43 14 129 -0.426
17 27 104 1.285
24 29 26 -0.192
16 35 112 -0.794
23 25 28 -0.466
40 9 54 -0.967
9 37 107 -1.075
40 18 53 -0.344
13 34 33 -0.480
21 22 139 2.244
41 18 125 -0.050
32 22 134 1.121
23 31 78 0.288
30 29 94 -1.209
18 25 69 0.698
13 29 144 0.856
22 24 2 0.560
12 42 102 -0.893
13 33 139 -1.203
27 25 114 1.587
26 18 3 1.039
35 21 57 0.403
27 25 59 0.108
35 24 95 -0.316
12 27 111 -0.985
39 11 125 -1.007
35 16 122 -0.296
20 24 38 -0.640
22 20 136 -0.270
28 18 41 0.351
12 29 67 -0.477
37 10 122 -0.015
22 21 27 0.640
29 20 61 2.684
17 29 103 -0.667
37 11 90 -0.468
35 20 41 1.858
15 37 109 -1.087
37 5 18 -0.404
24 26 4 -0.816
29 24 42 -0.435
40 10 54 -0.783
11 31 106 0.996
31 22 120 -0.788
13 41 70 0.366
39 18 92 -0.353
34 20 10 -0.963
32 18 133 -0.284
33 18 56 -1.075
16 24 140 3.675
25 33 62 -0.445
21 30 77 -0.079
19 22 148 0.016
19 21 63 -1.095
21 20 0 0.219
38 8 11 -0.219
13 28 32 0.296
29 21 42 -0.357
14 34 112 -0.797
29 27 136 0.310
12 31 70 0.103
39 10 45 0.266
20 30 139 0.815
34 7 45 0.989
39 11 11 -0.766
21 30 63 -0.047
37 22 83 -0.840
14 34 32 4.318
20 40 64 -0.571
29 23 61 1.345
37 9 45 0.599
11 38 32 -0.025
30 21 96 0.221
18 21 31 0.753
24 33 114 -1.060
42 15 91 0.239
15 35 137 -0.579
23 26 2 0.249
41 12 52 -0.200
23 24 101 2.145
18 25 113 0.407
26 30 135 -0.990
40 8 17 0.120
30 28 94 -1.220
33 20 95 -1.169
13 33 102 1.792
34 20 93 -1.093
32 29 22 -0.131
37 10 121 -0.587
12 37 68 0.087
12 28 143 1.540
22 33 137 -1.043
27 23 44 -0.701
36 12 82 -0.504
13 27 33 0.175
26 30 25 -0.989
35 16 95 0.939
37 14 53 -1.100
26 23 60 -0.247
11 44 139 -1.090
40 14 91 -0.722
42 18 91 -0.694
19 18 138 -0.262
19 27 74 -0.271
17 28 104 0.824
23 29 37 -0.823
39 14 123 -0.297
31 4 79 1.452
19 23 31 -0.342
33 1 7 -0.571
17 38 68 -0.798
36 23 94 -0.417
22 28 26 -0.011
38 15 48 -0.069
28 22 96 -1.041
38 16 129 -0.967
30 19 44 -1.046
34 16 117 -0.536
35 12 80 0.455
29 17 118 -0.006
32 13 117 -0.825
30 28 60 2.406
38 20 84 -0.092
12 32 72 0.295
34 21 80 0.818
40 13 87 0.598
20 24 3 1.300
16 34 75 -0.815
11 32 109 -0.982
35 18 58 0.382
19 30 65 0.697
27 27 39 1.476
29 28 116 -0.818
12 30 140 -0.236
10 41 102 -0.642
40 11 130 -0.595
42 13 17 -0.412
15 29 144 0.359
11 20 33 1.240
39 9 47 -1.093
38 17 85 -1.015
42 17 52 0.487
19 30 73 -0.979
18 29 1 0.131
12 24 66 -1.279
22 20 3 -0.129
18 30 26 -0.650
20 26 111 -1.013
16 28 67 -0.895
12 37 71 -1.037
14 38 36 -0.250
15 31 103 -0.369
42 13 129 -0.523
42 10 11 0.070
33 26 95 0.448
33 10 124 -0.793
43 10 129 -0.139
41 15 17 -0.332
29 17 42 -0.127
19 19 64 0.344
40 7 11 -0.563
16 33 68 -1.050
20 32 148 -0.643
40 17 91 -0.376
21 19 2 1.647
35 8 82 0.683
18 29 64 -0.429
19 26 31 -0.009
43 12 53 0.170
11 30 35 -0.352
26 30 136 -1.198
22 28 2 -0.719
35 13 87 -0.614
42 10 127 -0.050
32 16 20 -0.261
35 10 46 -0.020
38 11 91 -0.437
37 12 49 -1.013
31 25 21 0.970
34 19 10 -0.914
14 29 144 3.591
16 36 147 -1.077
15 31 149 -0.379
19 25 113 0.321
29 16 118 -0.031
29 15 39 2.154
26 29 135 -1.117
32 19 58 0.068
12 25 67 -0.333
36 3 7 0.126
30 21 98 1.656
15 30 147 -0.680
38 15 56 0.732
24 20 62 -1.035
31 19 136 1.518
16 31 32 0.682
31 12 45 -0.388
15 33 66 -0.762
41 12 46 1.811
32 18 134 0.896
28 20 118 -0.274
33 12 119 -0.745
20 23 1 1.231
15 27 110 -0.852
21 24 1 0.934
19 20 34 -0.180
37 17 19 -1.051
17 21 1 -0.705
25 26 24 0.962
18 27 31 0.085
30 17 80 -0.442
40 6 15 -0.612
40 8 45 -0.426
38 14 49 -0.854
32 15 96 -1.097
32 4 123 -1.021
37 4 131 -0.942
23 26 137 -0.644
38 18 88 -0.372
14 31 71 -0.759
27 24 135 0.368
19 24 76 -0.405
9 39 108 0.355
42 7 14 -0.601
34 16 79 1.267
17 37 36 1.703
15 26 145 -1.060
13 27 66 0.953
31 22 133 -0.549
11 34 107 -1.008
38 12 131 -0.455
30 11 44 1.067
34 19 119 0.262
33 15 42 0.972
36 21 121 -0.129
36 12 13 -0.930
14 32 110 -0.980
37 22 19 0.304
18 30 139 -0.654
32 19 40 0.051
37 10 87 -0.032
38 14 55 -0.091
39 16 17 0.178
16 22 34 0.173
41 16 130 -0.342
29 19 79 0.885
35 16 45 0.044
17 35 69 -0.502
12 36 67 -1.171
16 28 37 3.221
21 22 2 0.861
12 42 109 -1.176
11 36 140 -1.177
19 31 149 -0.850
11 29 109 -0.555
39 10 84 -0.032
33 26 22 -0.139
29 17 21 2.187
29 23 60 1.859
36 25 132 -0.127
14 33 147 -0.713
28 14 116 1.127
42 13 123 -0.171
36 7 18 -1.060
42 7 53 0.204
40 12 91 -0.029
13 20 68 -0.692
39 7 50 0.462
12 36 70 1.017
39 4 12 0.416
29 27 96 -0.914
15 41 75 -1.023
20 18 63 -0.786
36 17 87 -0.535
18 16 2 0.029
13 37 30 -1.095
13 23 146 4.821
39 11 10 0.659
36 22 19 -0.177
28 21 117 -1.022
12 29 35 0.915
16 36 104 -0.831
41 11 124 -0.290
13 34 140 -0.709
31 27 43 -0.230
32 8 123 -0.895
31 13 7 -0.659
26 25 136 -1.143
12 35 35 -0.060
17 25 76 -0.806
15 41 68 -0.766
13 42 32 -0.993
12 40 102 -0.936
32 21 21 0.073
42 19 130 -0.598
26 28 39 -1.128
38 15 8 0.810
30 24 135 -0.597
45 13 91 -0.571
36 11 15 -0.851
17 40 137 -0.466
30 21 135 -0.690
31 15 5 0.395
12 19 33 1.375
40 13 126 -0.561
8 38 35 -1.134
22 27 2 -0.849
14 32 146 0.949
36 10 10 0.871
19 31 33 -0.808
36 7 130 -0.366
30 14 5 -0.173
12 36 72 -0.522
30 23 41 1.327
35 17 41 1.296
33 9 84 -0.247
34 17 96 -0.463
11 21 107 -0.191
34 18 21 -0.091
17 29 100 -0.917
15 29 69 -0.642
35 17 85 -1.130
28 21 97 -1.140
29 19 42 -0.772
35 14 46 0.054
36 12 89 -0.756
31 16 42 -0.354
6 35 108 -1.042
35 0 82 0.122
24 18 82 -0.922
20 20 26 0.513
20 25 1 1.087
27 27 25 -1.176
40 4 14 -0.314
39 10 51 0.106
25 29 25 -0.570
11 31 35 0.165
33 18 19 -0.204
43 6 50 0.399
33 20 19 -0.681
38 9 86 0.643
39 18 131 -0.854
12 40 72 -0.642
14 31 103 0.375
29 35 60 -1.293
24 14 1 2.671
26 30 99 -0.264
38 2 12 0.177
17 31 145 0.334
33 14 5 0.052
28 29 21 -1.057
35 21 95 0.054
26 23 42 -0.455
24 21 76 1.087
40 12 125 -0.269
39 17 10 0.765
15 28 148 1.062
16 32 32 0.032
40 11 15 -0.684
22 31 78 -1.059
35 3 84 -0.507
40 7 87 -1.218
24 25 25 0.607
34 4 82 0.782
10 36 146 -1.082
22 27 4 -1.063
13 30 34 -0.275
11 36 72 -1.057
33 16 42 -0.108
26 19 5 1.064
30 24 60 2.392
14 33 104 1.334
22 28 113 0.001
33 12 117 0.828
27 20 82 -0.734
12 39 68 -0.430
17 31 69 -0.256
20 24 113 1.295
41 20 88 -0.236
41 9 129 -0.577
24 24 99 -0.831
18 26 113 -0.340
12 37 107 -0.865
35 9 80 0.203
30 11 79 -0.543
39 16 129 -0.935
37 13 132 -0.734
36 15 7 0.217
16 25 27 -0.556
7 36 109 -0.695
16 21 31 0.335
30 21 5 -0.935
20 28 28 0.313
36 15 46 -0.732
22 34 25 0.790
13 27 140 0.526
39 15 10 0.749
29 27 115 -1.071
17 21 75 1.359
38 11 86 -0.593
27 12 115 1.282
28 18 114 1.474
38 14 56 0.726
21 30 64 -0.715
13 27 144 0.612
15 33 147 -1.080
23 26 26 -0.012
31 22 6 -0.316
29 16 44 0.501
15 33 104 -0.714
19 20 73 0.429
28 21 114 0.589
14 32 68 -0.509
13 31 68 -0.690
38 10 12 2.078
32 15 9 -0.148
18 33 102 -0.100
40 14 86 -0.765
35 22 58 0.228
29 13 116 1.858
35 13 49 -0.859
32 14 5 0.008
33 21 134 -0.147
30 18 5 0.006
20 32 63 -0.469
24 34 25 -0.678
34 12 124 -0.465
27 21 99 -0.804
32 21 118 0.027
36 16 9 -0.843
19 28 0 -0.128
34 12 47 -0.293
13 35 29 -0.539
19 23 28 0.436
29 22 98 -0.943
35 17 81 0.540
21 10 0 1.240
38 3 131 -0.850
28 13 116 0.916
29 13 39 1.891
34 9 9 1.502
30 11 117 0.369
25 22 135 0.233
35 16 57 -0.291
13 24 107 0.769
34 22 57 -0.290
23 27 139 -0.420
39 11 49 -0.479
37 20 132 0.092
38 7 48 -0.233
28 21 61 1.031
17 33 149 -1.041
14 26 29 -0.791
17 23 141 2.512
38 11 11 0.018
40 14 45 1.449
42 8 53 0.365
41 11 18 0.003
41 8 91 0.782
15 34 70 -0.521
18 29 111 -0.800
42 14 18 -0.362
12 31 144 5.538
13 36 29 -1.156
23 27 63 -0.494
37 9 53 -0.983
40 9 124 -0.399
20 27 26 -0.552
18 23 73 3.089
29 25 97 -1.075
29 20 41 0.526
20 27 139 0.414
14 28 106 2.868
34 10 121 -1.024
33 13 121 -0.150
13 36 69 -0.651
33 20 131 -0.988
36 15 10 -0.537
12 32 35 -0.412
27 26 77 0.050
18 22 64 2.983
17 30 141 1.080
38 3 87 -1.060
30 12 79 0.093
40 7 14 -0.402
36 16 118 1.112
34 12 46 -0.552
41 11 50 0.806
37 16 46 -0.529
38 4 85 -1.237
13 33 32 0.788
41 4 12 -0.309
28 29 23 -0.914
13 36 143 -0.081
27 21 115 -0.861
34 20 57 -0.661
26 27 41 -0.237
31 16 79 0.972
37 13 129 -0.934
33 20 97 2.805
32 16 97 -0.323
11 41 30 -1.100
17 28 72 0.553
37 13 13 -0.771
42 7 51 -0.795
13 24 146 2.535
14 31 36 4.003
28 19 42 0.462
39 7 49 0.115
18 22 27 -1.061
16 35 149 -1.104
40 11 89 -0.434
8 38 102 -0.848
33 18 42 0.431
17 25 33 0.535
36 11 48 -1.079
24 35 77 -0.194
44 4 50 -0.703
14 26 33 0.681
16 29 31 -0.058
35 18 18 -1.050
17 30 27 -1.039
35 17 133 0.362
25 23 3 0.176
36 16 19 -0.759
37 14 122 0.046
39 13 53 -0.435
39 8 90 -0.208
42 10 13 0.094
24 26 76 1.884
16 33 37 1.197
13 34 29 -0.483
28 11 115 1.904
39 12 54 -0.250
45 8 17 -0.616
9 44 102 -0.905
18 29 37 1.424
18 25 63 -0.455
18 32 104 0.053
43 9 49 -1.035
32 20 58 0.320
38 18 57 -0.978
12 41 143 -0.567
41 14 49 -0.919
31 25 41 1.473
36 19 132 0.083
22 32 24 0.126
17 35 38 -0.472
39 7 85 -1.184
16 24 28 1.375
12 37 35 1.215
23 23 114 2.156
23 34 114 -1.103
32 20 116 0.067
42 13 128 -0.317
29 21 41 0.388
25 31 24 -0.768
17 36 69 -0.733
30 20 61 2.875
40 11 14 -0.084
36 12 20 -0.890
15 32 34 -0.374
16 35 148 -0.876
31 15 116 0.308
31 13 79 1.230
25 30 100 -0.099
13 25 66 -0.897
39 13 126 -0.293
17 34 37 -1.024
37 7 84 -0.696
27 24 41 -0.910
25 24 24 0.022
15 34 105 -0.441
36 17 89 -0.710
41 14 15 -0.282
17 32 65 0.825
17 35 112 -0.713
15 34 104 0.003
25 21 3 0.534
43 15 124 -1.097
23 19 27 -0.271
12 27 145 -1.115
34 20 81 0.369
15 25 141 0.526
14 23 69 1.382
15 30 27 -0.895
22 31 138 -0.959
42 4 17 0.645
18 22 148 0.034
36 18 20 -0.940
27 19 42 -0.534
35 15 18 -1.135
10 32 145 -0.884
26 18 60 -0.729
23 37 63 -1.066
29 26 115 -0.951
12 24 107 0.333
41 13 17 -0.520
43 8 90 -0.094
11 38 72 -0.125
21 17 138 2.061
41 12 14 0.007
10 40 107 -1.121
21 27 113 -0.760
19 23 73 0.594
16 37 148 -0.995
33 10 121 -1.096
39 12 89 -0.016
33 11 117 0.172
41 10 84 0.583
36 15 45 0.615
16 25 68 0.247
34 17 6 -0.316
13 26 107 0.268
31 5 82 -0.587
22 26 25 0.616
15 31 148 -0.106
14 28 74 1.384
11 27 105 4.720
39 14 86 0.165
40 17 17 -0.176
13 41 71 -1.094
32 20 9 0.245
22 25 25 -0.573
18 28 76 0.018
40 12 122 0.293
38 20 91 -0.317
32 23 40 -0.625
41 14 128 -0.016
16 37 142 -0.668
22 37 99 -0.766
36 16 83 -0.629
13 33 36 -0.117
16 35 104 -0.776
20 22 3 1.228
17 25 141 2.070
39 14 54 -0.116
24 29 77 -0.272
41 7 90 -0.168
41 7 50 0.643
14 24 74 2.141
17 33 36 2.095
39 10 52 -0.185
21 30 37 3.888
12 38 145 -0.066
20 28 139 0.296
28 17 42 0.627
31 9 79 1.702
24 33 77 0.114
28 31 96 -0.958
32 14 121 -1.210
32 16 81 -0.130
36 10 121 -0.170
34 12 44 0.133
19 21 74 0.389
23 22 114 2.159
25 25 62 0.545
38 18 122 -0.374
30 27 21 -0.879
27 23 77 0.646
33 26 43 -0.317
14 40 67 0.197
36 14 127 -0.144
25 27 114 -0.055
28 23 98 -0.849
12 34 106 -0.465
16 22 29 -1.108
12 28 33 0.777
34 18 19 -1.081
16 31 141 0.534
40 10 86 -1.181
14 31 69 -0.760
18 21 64 2.754
13 20 31 0.257
28 22 39 -0.779
38 14 89 -0.122
11 35 105 -0.661
4 43 108 -0.895
15 37 142 -0.712
18 30 38 0.884
13 31 33 -1.175
40 9 49 0.204
15 27 144 1.088
31 26 58 -0.311
28 12 118 -0.230
33 21 42 0.421
25 26 98 -0.185
9 36 108 0.803
27 24 136 0.293
42 10 52 0.417
36 8 84 -0.383
26 27 114 1.238
39 14 51 0.584
24 30 4 -0.870
21 27 1 0.537
16 26 72 -0.124
37 16 121 -0.918
43 3 12 -0.994
13 37 139 -1.166
26 19 117 -0.126
15 28 67 0.517
31 27 97 -0.543
16 31 103 -0.951
25 21 38 -0.135
10 41 146 -0.853
24 30 77 -0.709
33 16 118 0.869
38 8 48 0.427
43 4 126 -0.027
27 27 60 0.935
39 13 86 -0.980
13 37 67 0.330
12 38 71 -0.922
22 19 114 2.156
42 17 91 -0.373
26 28 61 -0.391
8 36 72 -1.085
32 27 133 -1.071
29 22 135 -0.070
12 29 31 0.333
40 13 92 -0.764
32 21 41 1.520
28 20 42 0.198
15 37 148 1.178
17 26 68 -0.301
37 10 127 -1.151
19 23 65 0.652
34 16 56 -1.061
28 33 134 -1.173
34 20 82 -0.747
24 24 24 1.257
11 30 69 -0.674
38 18 93 -1.151
22 21 114 1.577
15 31 38 -0.689
17 31 143 -0.548
17 30 31 -0.215
25 34 25 -0.546
23 30 24 -0.297
9 38 32 -0.768
39 12 55 0.450
35 18 82 -0.566
37 11 132 -0.048
15 35 141 -0.931
15 32 142 3.553
35 16 58 0.494
28 21 42 0.237
13 30 36 -0.411
19 21 1 0.396
40 14 130 -0.485
15 36 148 -1.240
32 19 5 0.247
43 13 126 -1.029
22 29 64 -0.376
27 19 23 -0.546
42 9 16 -0.374
37 16 17 0.442
14 33 71 -0.251
22 23 3 -0.311
28 6 44 -0.989
18 19 73 1.812
40 12 124 -0.280
31 14 7 -0.034
14 33 31 0.698
25 36 77 0.695
16 29 71 -0.132
42 16 51 0.741
34 9 85 -0.294
38 9 84 -0.104
40 7 15 -0.415
28 22 44 -0.617
42 11 121 0.412
19 20 112 3.354
30 20 43 0.176
26 26 99 -1.017
30 28 96 -0.756
35 12 47 -0.764
23 19 101 1.681
13 28 74 1.689
23 18 3 -0.165
15 32 68 0.170
34 24 132 -0.853
26 29 61 -0.688
14 29 111 -0.148
36 21 18 -0.215
23 34 23 -0.775
31 20 41 1.535
35 8 127 -0.934
35 13 80 0.388
42 14 46 1.350
23 28 5 -0.418
13 19 69 0.727
12 22 69 1.527
35 19 122 -0.371
26 24 60 -0.203
33 26 120 -0.465
32 12 8 -0.460
18 31 37 -0.807
24 21 4 -0.965
15 35 68 -0.514
29 29 98 -0.650
25 18 76 3.010
26 9 4 0.624
32 27 98 -0.914
29 24 98 2.775
10 32 109 0.104
42 10 53 0.346
40 11 125 0.534
10 29 108 -0.699
15 31 71 0.207
42 7 92 -0.511
14 24 70 -0.070
17 28 102 -0.183
27 31 62 -0.268
28 24 97 -0.652
12 43 147 -0.971
34 8 8 0.902
23 25 135 -0.683
37 20 6 1.159
12 32 109 0.279
11 29 67 -0.341
37 13 53 -0.834
28 17 116 0.752
22 25 26 -0.632
34 14 7 0.573
42 13 51 0.455
11 26 67 -1.213
34 16 9 0.822
24 23 26 -0.492
25 29 62 1.088
34 26 57 -0.922
16 33 27 -1.059
32 22 58 -0.013
28 24 77 -0.025
36 16 49 -0.512
30 24 94 -1.235
16 38 112 -0.828
38 13 124 -0.330
14 33 74 -0.369
40 11 48 0.733
24 27 1 1.781
13 37 105 0.602
32 27 134 -0.886
32 11 53 -1.267
12 39 145 -0.698
31 17 5 -0.319
39 16 126 -0.036
14 22 110 -0.607
12 35 102 2.471
14 25 142 0.348
41 16 129 -0.667
36 23 120 0.071
35 3 7 0.359
31 15 115 0.683
26 30 39 -0.855
29 18 59 -0.626
20 29 64 -0.304
37 17 96 -0.646
15 26 29 -0.998
20 23 101 -0.362
33 27 80 0.812
44 13 51 0.703
24 24 78 -0.267
17 29 64 2.911
18 25 111 -0.716
32 20 44 0.055
31 19 41 2.090
25 23 116 -0.161
21 35 64 0.556
17 33 111 -0.620
33 13 96 -0.232
37 12 9 -0.788
40 15 85 0.241
28 31 59 -0.988
37 15 17 -0.239
36 19 55 0.375
37 18 120 -0.032
42 13 127 -0.997
31 20 94 -1.118
41 14 124 -1.021
12 24 105 5.128
40 11 86 0.995
32 26 58 -0.135
12 35 30 -0.430
17 20 73 0.521
13 25 31 0.226
31 26 43 0.083
19 34 101 0.324
14 35 142 -0.461
40 15 122 0.081
36 11 123 -1.065
31 22 21 1.681
23 25 63 -0.149
36 7 11 0.192
27 28 23 -0.708
33 10 9 -0.464
14 39 32 -0.858
39 11 16 -0.952
36 14 57 -0.569
29 22 43 -0.736
29 26 100 1.596
23 30 1 1.404
41 5 11 -0.345
22 12 3 0.022
17 33 103 -1.023
11 37 107 -1.145
15 25 70 0.102
38 10 87 -0.069
37 10 9 0.572
37 13 7 -0.214
28 29 135 -0.234
27 20 114 1.300
39 6 89 -0.754
33 18 43 0.628
13 35 30 -0.239
30 18 21 1.523
38 8 13 -0.851
12 30 147 -0.443
17 30 113 -0.630
14 33 70 0.088
26 27 135 -1.030
17 21 69 0.504
29 23 115 -0.429
23 28 100 0.734
38 9 48 -0.321
38 7 91 -0.435
34 17 83 -0.327
13 36 104 -1.273
37 10 83 -0.058
29 21 97 -1.062
41 15 50 1.147
29 21 76 1.460
15 36 75 -1.080
39 8 15 -0.512
13 35 32 0.666
11 39 102 -1.110
33 16 121 -0.506
22 20 139 0.310
38 8 84 0.505
38 17 8 0.814
32 24 80 -0.044
18 20 65 1.482
16 38 72 -1.051
15 36 109 -1.114
37 13 17 0.354
13 38 106 -0.550
21 13 138 1.953
9 31 143 0.194
40 9 130 -0.333
22 23 101 -0.521
17 25 28 -0.277
23 13 0 2.636
27 27 41 -0.103
21 27 25 0.885
27 29 115 -0.814
23 33 115 -0.720
12 33 69 0.440
31 15 21 0.413
11 42 102 -1.049
37 13 20 -0.785
34 19 93 -1.208
33 16 134 -0.472
28 33 96 -0.866
42 11 54 -0.812
15 29 71 0.361
35 16 19 -0.492
39 8 123 -0.816
12 34 27 -0.890
15 30 67 -0.087
17 28 141 0.747
31 17 118 -0.366
35 21 7 0.132
10 41 71 -1.042
11 20 68 -0.074
39 10 53 -0.112
24 30 23 -0.006
36 11 47 -1.000
25 28 62 0.869
14 37 110 -0.978
17 31 36 1.950
38 14 7 0.066
31 23 97 -0.625
33 13 20 -0.138
34 15 18 -1.039
25 30 24 -0.608
12 27 66 0.885
21 20 114 0.783
14 35 147 -0.413
22 20 62 -0.955
20 20 3 -0.874
28 14 40 2.355
39 12 86 0.202
20 29 5 -0.378
12 36 140 -1.099
14 37 67 0.041
38 16 56 0.540
18 24 65 1.621
25 19 99 -0.946
36 18 56 -0.104
38 13 47 -0.314
36 1 131 -1.041
27 26 42 -0.267
31 24 59 -0.325
19 28 33 -1.072
27 27 62 0.683
34 7 11 -1.210
33 17 42 0.708
18 21 33 1.145
23 28 0 -0.884
40 4 16 -0.651
26 26 60 -1.166
23 31 0 -0.959
34 17 5 0.345
29 23 22 -0.880
14 24 71 1.436
15 35 33 0.616
20 27 76 -0.108
32 14 44 0.422
42 0 12 -0.850
14 38 70 0.897
33 13 9 -0.321
21 25 75 0.600
44 13 127 0.055
12 38 70 1.023
40 12 90 -0.847
36 20 120 0.028
38 13 90 -0.696
28 23 39 0.263
42 7 9 0.850
37 18 17 0.282
35 25 95 -0.403
35 7 7 0.143
12 31 107 -0.476
37 19 92 -0.628
34 22 80 0.835
34 16 20 -0.117
25 24 26 -0.489
18 27 64 1.939
26 17 39 1.596
34 14 91 -1.233
41 12 48 -0.614
31 18 134 -0.013
35 15 20 0.432
15 36 66 1.743
16 31 29 -1.305
16 34 105 -0.690
12 30 105 2.987
37 18 83 -1.036
14 31 33 0.072
42 9 52 0.370
41 13 46 0.119
43 7 90 -0.381
30 20 117 0.010
41 15 55 0.866
19 18 1 0.315
18 25 73 0.522
29 12 115 2.252
33 25 133 -0.075
41 13 54 -0.925
31 17 81 -0.123
26 17 2 -0.484
32 15 117 -0.201
39 9 84 0.076
23 24 24 1.033
15 32 140 1.523
27 30 79 -0.923
40 6 91 -0.933
29 21 134 -0.499
36 15 93 -1.042
14 31 106 -1.230
25 31 77 0.325
37 15 131 -0.935
31 13 117 0.492
18 30 28 -0.284
30 21 41 1.561
39 9 16 -0.849
37 9 56 -0.472
23 19 114 2.072
26 32 61 -0.777
29 20 98 1.442
14 33 142 1.568
13 32 36 1.091
38 18 80 0.951
39 4 14 0.034
35 20 18 -1.127
28 20 97 -0.990
36 21 94 -0.915
14 29 31 0.484
19 19 31 0.055
35 21 94 -0.759
25 32 26 -0.564
26 11 4 0.704
15 32 144 2.035
36 17 57 -0.181
41 15 129 -0.898
26 20 116 1.641
37 12 126 -0.790
29 25 59 -0.275
16 19 31 -0.183
23 21 138 1.178
39 13 45 0.917
36 9 47 -0.885
34 22 19 -0.453
34 17 9 1.080
16 24 65 2.135
19 29 2 -1.131
13 36 70 1.069
32 22 40 -0.316
20 30 26 -1.139
36 20 56 0.182
38 11 48 -0.493
13 31 30 1.547
44 8 126 0.033
34 14 119 -0.095
31 25 43 -0.200
18 29 31 -0.028
38 9 53 -1.040
41 14 48 -0.564
19 24 113 0.569
39 11 14 0.260
38 6 12 1.112
45 16 51 -0.333
19 21 110 1.675
15 30 71 0.257
18 25 37 1.223
45 6 16 0.414
17 29 149 0.296
18 34 73 -0.563
18 37 73 -0.677
13 40 102 -0.782
27 27 78 -0.433
30 22 44 -0.112
11 40 71 -1.119
11 26 31 -0.548
13 31 106 2.953
40 10 18 -0.282
41 11 53 1.164
44 13 128 0.388
42 13 92 -0.392
40 13 55 0.225
18 20 34 -0.133
15 35 148 -0.712
25 28 99 -0.165
33 8 123 -0.968
21 19 31 0.779
35 13 85 -1.039
37 15 18 -1.071
15 28 141 0.223
23 26 99 -0.964
19 39 138 -0.598
40 16 13 -0.307
41 15 48 -0.698
37 16 48 -0.750
39 10 127 -0.462
33 24 43 0.771
43 7 12 -0.872
30 17 96 -0.746
26 10 44 -1.067
21 28 149 -0.047
20 30 65 0.092
32 7 7 -0.842
27 18 39 2.377
37 17 122 -0.083
30 20 118 -0.958
43 10 17 0.507
40 6 84 0.334
32 27 58 -0.535
24 34 60 -1.239
34 10 119 -0.427
33 22 134 -0.605
22 24 139 -0.565
29 26 23 -0.528
40 6 12 0.453
31 17 79 0.916
25 24 114 0.202
16 24 111 -0.987
27 26 99 -0.586
15 33 36 0.942
20 31 149 -0.800
16 27 75 0.593
15 33 72 -0.994
39 12 12 0.820
40 7 123 -0.732
38 13 17 -0.310
34 12 123 -0.648
44 5 14 -0.957
30 15 5 0.195
44 5 16 0.820
29 26 96 -1.007
40 10 130 -0.368
23 27 0 -0.446
30 13 77 3.009
16 23 31 0.717
38 14 131 -0.139
38 13 128 -0.968
11 26 66 1.254
27 28 42 -0.435
41 12 53 0.502
12 31 35 0.070
40 11 126 -0.389
31 22 118 -0.723
23 29 24 -0.553
29 19 39 1.593
33 10 8 0.301
25 20 114 2.397
14 33 69 -0.746
41 9 46 -0.011
43 18 128 -0.470
18 25 76 0.103
16 18 1 -0.981
41 16 91 0.291
27 23 82 -0.752
39 12 93 -0.900
16 35 67 -0.886
41 11 16 -0.560
35 11 120 -0.975
36 11 89 -0.935
28 20 77 -0.359
35 10 127 -0.863
19 18 2 0.278
35 23 58 0.223
30 17 43 1.408
22 27 37 -0.614
21 24 139 -0.598
37 5 87 -0.175
25 24 98 -0.388
26 19 22 0.457
38 14 53 0.317
26 19 3 1.301
42 12 49 -0.338
9 39 35 -0.924
17 29 72 -0.206
24 18 137 -0.013
28 24 120 -0.755
38 23 130 -1.135
12 40 30 -0.883
37 17 56 0.496
16 35 100 -1.138
19 23 0 -0.296
12 36 107 -1.143
35 25 94 -0.709
37 21 19 0.839
35 18 95 0.445
12 33 66 -0.819
34 22 97 2.250
11 36 106 -0.825
29 30 96 -0.811
41 8 52 -0.995
23 24 114 1.351
37 14 56 -0.045
23 21 112 0.801
22 24 37 -0.920
13 36 106 -0.381
34 15 47 -0.383
43 11 46 1.463
32 21 97 0.939
34 10 9 -0.052
33 12 123 -0.802
31 18 119 -0.827
31 24 98 -0.996
37 10 53 -0.821
16 24 64 4.590
40 7 89 -0.423
29 16 22 1.264
40 14 53 -0.090
39 14 128 -0.583
15 31 36 1.003
16 37 113 -1.055
37 19 94 -1.180
18 31 102 -0.444
38 24 132 0.080
34 24 7 -0.026
24 28 99 -0.986
18 33 37 -1.187
39 8 52 -0.553
24 15 114 2.540
7 33 107 -1.098
41 6 12 0.098
35 22 82 -0.734
17 29 147 -1.155
38 17 121 -0.139
18 18 31 0.620
29 16 117 -0.621
30 23 61 2.139
38 11 9 0.398
25 31 26 -0.173
25 28 39 -1.223
44 14 51 -0.249
38 15 54 -0.329
28 28 135 0.197
14 36 111 -1.164
37 7 13 -1.042
42 11 90 0.068
12 21 69 0.938
27 27 79 0.729
39 13 89 0.414
13 34 66 0.289
21 29 63 -0.538
36 12 47 -0.903
41 15 49 -0.963
30 13 116 1.886
15 35 103 2.058
28 22 59 -0.420
39 8 87 -1.117
15 33 149 -0.862
33 23 59 -0.746
21 24 113 -0.056
35 18 19 -0.037
17 28 137 0.209
42 14 13 -0.271
14 36 110 -1.084
33 22 80 0.084
15 31 111 -0.882
27 30 60 -0.932
29 23 21 -0.662
20 32 65 0.050
18 35 138 0.973
34 12 85 -1.103
22 25 1 1.591
16 33 112 -0.667
37 9 119 -0.425
19 22 1 0.297
32 5 119 -0.722
19 31 0 -0.462
35 11 127 -0.888
23 22 4 -1.133
12 39 71 -0.870
30 25 21 -0.647
14 40 113 -0.876
35 15 47 -0.620
26 18 61 1.907
27 31 60 -1.120
34 12 10 -0.459
43 16 52 0.382
38 9 45 0.233
37 16 132 -0.776
15 28 75 0.233
12 34 107 -0.826
29 15 21 2.168
25 22 61 1.068
34 24 19 -0.506
13 21 33 2.826
30 25 94 -1.155
44 7 17 -0.570
30 27 60 2.335
27 31 115 -1.017
40 13 53 -0.255
31 13 115 0.953
39 12 129 -0.378
33 21 95 -0.045
35 12 83 -0.763
39 16 84 -0.338
29 28 59 -0.944
41 10 90 -0.220
12 24 29 -1.158
17 32 75 0.438
19 22 26 -0.028
28 25 136 1.119
25 29 101 0.962
15 30 66 0.085
10 33 145 -0.611
17 31 38 -1.020
33 22 59 -0.702
36 20 6 1.997
43 17 128 -0.261
23 25 113 2.706
39 3 12 0.560
29 25 136 0.779
24 19 59 -0.554
14 32 67 0.194
37 7 45 0.183
11 30 109 0.203
39 17 128 -0.545
34 13 47 -0.279
36 20 83 -0.488
13 32 66 -0.220
34 13 81 -0.069
38 7 46 -0.328
22 22 2 1.054
16 39 0 -1.258
26 22 39 -0.646
41 15 130 -0.374
13 32 27 -1.126
16 26 1 -0.545
11 36 110 -1.229
26 25 78 -0.072
34 7 48 -0.571
35 4 82 0.624
38 8 16 -0.719
24 19 63 -0.258
13 32 143 0.823
15 31 146 1.187
11 32 144 4.799
10 33 110 -1.193
26 18 4 -0.264
13 33 33 -0.800
19 27 28 0.611
32 7 123 -0.864
29 15 117 -0.208
33 18 6 0.179
30 22 23 0.053
21 23 25 -0.242
21 20 2 -0.013
14 23 145 -0.895
32 16 6 0.420
31 20 98 -0.570
42 13 125 0.156
36 7 118 0.770
36 16 20 -0.581
28 17 78 1.438
43 10 16 -0.024
43 12 16 0.352
35 18 121 -0.222
34 7 8 0.394
14 26 142 1.119
12 34 69 0.115
36 22 130 -1.074
12 32 145 0.036
34 7 131 -1.059
16 38 137 -1.140
31 20 116 -0.217
39 11 85 0.299
37 12 123 -0.387
15 32 36 2.410
16 24 37 1.928
30 21 136 2.147
24 27 78 -0.526
43 7 50 -0.234
19 28 139 0.610
40 16 17 -0.350
30 25 135 -0.545
34 18 9 0.579
29 27 97 -1.133
23 35 23 -1.053
16 37 147 -1.107
14 32 34 -0.745
13 35 143 0.265
29 25 98 1.074
13 22 107 0.229
23 29 139 -0.136
16 34 100 -1.198
18 26 140 -0.066
43 11 16 -0.283
28 15 118 -0.330
25 29 114 0.366
28 22 118 0.015
25 31 39 -0.961
16 31 36 1.749
27 25 99 -0.648
42 1 46 -0.003
30 23 60 3.084
14 25 106 1.715
37 10 131 -0.908
28 18 61 3.317
14 22 107 -0.784
33 27 22 0.004
20 22 76 -0.082
40 20 55 -0.486
32 22 95 -0.047
12 30 67 -1.012
11 34 109 0.048
31 13 4 0.240
19 38 63 -0.326
21 27 138 0.180
39 15 9 0.188
25 25 3 0.080
34 23 57 -0.247
35 16 121 -0.384
13 27 71 1.335
34 24 6 1.641
24 24 114 -0.237
39 7 91 -0.596
29 16 5 -0.532
21 24 75 1.913
40 3 15 -0.117
29 27 59 -0.885
32 24 42 2.145
35 9 11 -0.041
32 23 42 1.847
38 10 86 0.349
14 39 35 -0.058
27 27 23 -0.953
13 41 112 -0.655
16 28 142 2.230
14 35 66 -0.038
39 10 129 -1.039
17 32 140 -0.447
39 11 48 0.432
23 21 2 1.238
16 25 141 1.460
22 25 63 -0.299
38 16 87 -0.565
25 19 97 -1.195
19 39 63 -0.250
25 29 24 -0.775
37 10 13 -1.118
33 20 134 1.296
32 19 10 -0.988
16 31 104 0.038
29 24 135 2.258
41 12 127 -0.397
26 17 4 -0.151
39 8 49 -0.795
23 27 113 2.705
40 6 14 -0.360
38 11 14 -0.090
32 16 134 0.869
40 12 49 0.206
36 15 83 -0.467
12 32 143 0.252
16 32 141 -0.577
39 15 17 -0.178
13 28 68 1.506
30 12 115 -0.123
18 32 1 0.089
39 18 94 -1.023
31 27 58 -0.396
20 23 0 -0.431
19 23 26 0.411
12 29 68 -0.133
21 18 138 0.839
42 12 50 -0.348
43 5 12 -0.676
37 16 54 -0.904
49 5 88 -0.635
37 11 48 0.114
35 15 49 -0.695
18 29 101 -0.095
25 10 44 -1.058
10 32 143 1.652
16 34 111 -0.220
35 19 93 -0.943
34 16 96 0.175
25 22 39 0.982
25 32 77 0.688
13 33 68 0.428
14 26 31 -0.178
12 35 34 -0.811
15 31 104 0.102
43 16 128 -0.503
28 17 39 2.045
38 21 120 0.029
33 17 58 0.384
27 21 120 -0.660
40 12 85 0.566
13 38 66 -0.552
18 31 27 -0.101
13 31 36 0.949
17 22 145 -0.222
16 37 143 -0.666
11 25 33 0.922
13 30 141 -0.002
14 38 32 -0.635
31 22 44 0.080
10 32 35 0.095
27 19 120 -0.626
13 35 66 0.003
28 25 41 -0.002
34 15 118 0.605
8 35 108 0.472
36 14 134 0.187
40 15 53 0.267
35 12 85 -0.983
12 34 140 -0.072
40 8 127 -0.345
39 5 84 -0.122
10 35 71 -0.755
42 17 128 -0.512
45 6 15 -0.770
10 38 107 -1.155
22 20 27 0.473
14 30 147 1.189
25 22 79 0.704
35 7 87 -1.166
10 34 69 -0.437
38 9 13 -0.347
17 30 1 -1.168
31 24 21 0.662
30 14 116 1.032
38 17 92 -0.592
33 28 120 -0.743
23 29 63 0.537
13 17 34 0.544
35 11 47 -0.169
18 22 141 0.656
29 20 116 0.392
37 14 13 -1.026
14 23 71 1.240
36 21 120 -0.249
31 27 60 0.654
39 20 94 -1.064
29 26 136 -0.059
37 16 131 -1.105
24 15 2 0.465
34 19 97 2.235
32 20 43 1.105
40 15 11 0.563
42 2 12 -0.978
12 30 102 1.168
15 35 36 1.100
28 20 76 1.288
13 36 149 -0.338
23 33 137 -0.648
11 34 106 -0.760
39 12 125 -0.836
31 18 81 -0.352
35 14 120 -0.857
19 19 1 0.469
24 25 0 -0.996
16 32 37 4.466
38 19 131 -0.808
17 27 75 -0.803
5 46 108 -0.970
12 35 71 -0.699
27 15 115 0.491
22 24 0 1.138
26 26 114 -0.054
36 15 89 -0.787
11 34 69 -0.431
30 27 135 2.014
12 34 143 1.829
29 19 5 -0.245
27 27 136 0.058
24 25 4 -1.175
23 37 77 0.231
32 24 58 0.166
34 17 93 -1.107
19 26 73 0.453
20 24 2 -0.402
38 13 83 0.948
11 21 105 3.952
38 12 87 -0.519
44 9 126 -0.134
22 34 26 -0.702
21 29 38 -0.747
37 8 89 -0.597
21 24 63 -0.183
15 36 144 1.791
36 19 130 -1.113
19 37 63 -0.176
17 30 28 -0.499
19 38 138 -0.500
12 34 67 -0.915
40 11 11 -0.466
27 23 42 -0.327
13 35 149 -0.547
14 32 140 0.837
36 10 9 1.705
25 15 5 0.898
29 24 133 -1.135
18 39 140 -1.033
42 7 90 -0.006
17 34 33 -0.978
20 19 2 -0.297
16 25 31 -0.202
40 10 84 -0.055
39 11 83 1.368
21 26 26 0.252
39 15 85 -0.113
41 11 51 -0.334
26 30 77 0.666
38 15 57 -0.747
31 27 133 -0.783
38 9 11 0.008
42 8 127 0.610
26 29 77 0.582
21 38 64 -0.832
34 17 117 -0.235
34 9 81 -0.221
15 23 74 1.358
33 11 48 -0.747
32 3 82 -0.858
33 19 41 1.792
35 15 85 -0.889
8 33 102 -1.154
33 21 19 -0.180
13 20 33 1.483
38 17 56 0.665
25 33 60 -1.076
28 19 60 -0.316
8 33 30 -0.900
38 14 13 -0.828
11 26 105 5.962
38 7 123 -0.646
26 13 4 -0.002
9 36 146 -0.844
34 17 43 0.943
35 9 84 0.397
32 20 6 0.354
16 21 74 0.946
20 36 64 1.071
40 13 54 -0.281
13 34 106 -0.705
11 34 30 0.054
18 18 2 -0.436
42 8 92 -0.004
35 17 6 -0.029
13 32 67 0.308
16 23 148 1.738
31 25 6 -0.434
35 6 118 0.594
14 29 68 -0.581
13 32 70 1.806
42 12 52 0.401
9 41 35 -1.109
20 33 26 -1.052
19 29 37 -0.609
36 17 20 -0.560
24 20 3 0.108
18 24 73 -0.607
37 4 8 1.270
19 23 2 -0.620
40 8 49 -0.282
12 39 65 -0.670
31 23 6 -0.261
26 26 25 2.328
14 24 69 0.934
30 27 98 -0.480
43 6 17 -0.790
13 25 106 2.379
38 10 47 -0.125
32 24 133 -1.172
20 22 1 0.717
29 21 135 0.439
36 10 87 0.414
21 12 0 1.831
39 15 126 -0.026
32 16 41 1.471
12 32 107 -0.517
35 11 126 -0.849
41 13 90 -0.190
17 28 144 -0.881
37 16 80 1.160
38 9 129 -0.929
22 23 4 -0.974
19 23 34 0.043
38 11 93 -1.019
30 19 134 -0.828
14 32 145 -0.362
41 17 88 -0.277
16 31 74 -0.157
14 31 67 0.121
41 12 91 -0.187
11 40 106 0.205
39 9 125 -0.713
32 15 94 -1.208
20 30 27 0.500
30 25 136 0.112
37 24 121 -0.283
12 37 70 0.419
22 36 138 -0.706
39 16 10 0.683
31 24 118 0.415
16 28 74 0.371
12 29 146 -0.346
20 17 0 1.258
42 9 49 -0.894
25 23 39 1.562
16 28 141 2.102
34 18 8 0.074
32 23 98 -0.959
13 27 35 1.628
10 29 70 2.463
31 19 6 -0.058
14 40 29 -0.704
40 14 13 -0.124
20 28 37 -0.956
20 23 138 0.461
40 13 125 -1.103
28 21 39 1.587
23 35 24 -0.408
35 22 96 -0.263
41 13 14 -0.326
40 12 53 -0.214
18 26 141 1.005
1 47 108 -0.977
14 36 112 -0.845
13 33 104 -0.870
30 17 77 2.925
11 35 106 -0.688
25 19 117 -0.166
15 29 141 -0.128
14 39 112 -0.870
32 19 96 -0.898
31 18 22 0.589
22 25 139 0.705
39 19 131 -0.828
17 29 144 0.663
23 20 38 -0.446
16 25 143 0.355
27 16 82 -0.932
30 22 40 0.793
28 35 77 0.669
41 14 50 1.065
42 9 90 0.229
29 31 98 -0.337
31 20 44 0.246
15 37 66 -0.929
43 12 52 0.472
29 26 39 0.107
12 33 67 -0.599
39 9 11 -0.715
16 27 65 3.279
19 30 26 -1.222
40 9 92 -0.968
19 34 64 -0.222
11 31 109 -0.041
18 22 110 0.563
43 9 52 -0.297
17 37 72 -0.932
12 29 27 -0.995
34 25 57 -0.770
19 21 2 0.980
20 18 110 0.176
31 17 40 0.090
32 18 9 0.157
15 32 33 0.385
17 29 110 -0.811
41 13 16 0.019
36 21 57 0.108
23 17 118 -0.190
15 24 73 0.598
23 14 0 2.067
34 19 59 -1.098
37 8 12 1.330
15 36 29 -0.079
34 25 58 0.226
41 11 92 -0.610
36 12 120 -0.181
24 26 24 0.026
12 31 106 -0.469
43 1 12 -0.819
13 31 143 -0.909
36 15 131 -1.035
29 17 22 1.025
31 18 118 0.462
39 12 48 -0.360
42 15 93 -0.913
35 15 93 -0.935
39 9 83 0.373
14 37 68 1.170
36 18 57 -0.133
43 10 126 0.384
28 28 116 -0.774
20 34 26 -0.487
34 20 7 0.236
33 19 119 0.492
36 14 49 -0.824
38 12 84 0.068
33 10 44 -0.495
35 16 47 -0.675
24 21 62 -0.596
27 20 98 -0.339
28 16 61 2.927
42 15 51 0.436
14 24 106 1.532
35 16 83 -0.322
23 25 26 -0.224
38 22 132 -0.156
22 17 138 0.891
13 31 111 -1.043
37 19 95 -0.712
40 4 46 0.564
16 29 69 0.550
24 32 23 -0.313
17 30 104 0.917
30 28 43 -0.200
15 27 28 2.543
18 33 68 0.119
18 27 69 0.508
41 3 15 0.315
37 10 15 -0.931
22 20 112 2.454
38 24 130 -1.055
38 16 132 -0.878
14 20 107 0.017
28 22 134 -0.736
16 27 144 0.581
13 40 29 -0.939
15 29 66 -0.430
11 24 67 -1.086
28 28 136 0.123
25 19 3 -0.030
15 27 34 0.638
31 27 120 -0.527
16 27 142 3.899
31 26 42 0.076
36 14 6 -0.563
38 10 11 -0.195
14 31 68 -0.818
19 30 38 0.393
40 13 46 0.955
40 10 14 0.024
30 17 61 2.890
16 28 32 -0.005
12 34 66 -0.700
25 28 23 0.731
27 20 59 -0.772
13 38 102 -0.602
16 29 29 -1.213
25 20 4 -0.445
25 30 62 0.887
41 13 18 -0.321
24 34 62 -1.095
32 24 21 0.761
39 3 123 -0.982
40 12 52 -0.554
39 13 11 -0.658
28 26 41 0.008
22 26 4 -0.973
25 34 62 -0.929
25 16 2 0.013
12 37 32 -0.246
32 18 5 0.320
13 32 105 2.313
30 20 98 0.441
30 21 61 2.086
17 35 36 1.678
23 14 3 0.059
32 18 42 0.036
37 19 130 -1.152
18 34 1 -0.049
18 25 28 0.040
28 24 135 0.020
42 13 52 1.009
16 22 27 -0.930
23 25 3 -0.673
16 34 148 -0.002
33 18 96 -0.271
26 34 23 -0.938
11 22 105 4.432
25 26 99 -0.639
13 41 72 -0.778
21 17 68 0.507
35 18 47 -0.331
12 35 107 -0.498
36 14 89 -0.712
32 22 116 -0.490
19 23 64 -0.840
25 33 24 -0.801
40 17 130 -0.767
38 14 121 -0.336
26 29 114 1.227
29 14 79 0.229
39 19 55 -0.525
17 33 100 -1.114
31 25 58 -0.313
12 33 147 -0.185
35 7 47 -1.055
43 15 49 -0.459
27 28 25 -1.004
33 14 44 0.189
24 26 139 -0.458
37 6 7 0.231
22 23 149 -0.494
31 19 81 -0.313
22 16 3 0.001
28 21 22 -0.398
28 11 4 0.322
28 16 59 -0.907
16 27 110 -0.472
15 28 104 -0.261
38 7 85 -0.916
31 21 6 -0.181
36 18 133 0.536
40 14 125 -0.099
36 18 80 0.534
22 32 0 -0.415
25 30 114 0.074
23 32 24 -0.484
28 31 115 -1.009
19 32 137 0.502
16 32 74 2.263
27 23 61 0.703
26 24 63 -0.487
15 33 69 -0.803
42 10 92 -0.306
17 37 67 -0.447
21 34 101 0.533
17 22 31 0.311
14 25 71 1.937
25 32 99 -0.698
23 19 3 -0.137
12 32 27 -0.824
41 10 53 0.752
29 9 4 0.617
37 6 123 -1.103
27 25 135 -0.228
38 10 52 -0.719
14 38 145 -0.621
10 43 109 -1.122
14 25 66 -0.539
26 17 3 1.238
34 20 21 -0.047
17 31 138 0.645
29 19 41 0.368
25 27 24 1.461
15 32 32 4.373
22 24 3 -0.853
37 16 57 -0.943
39 7 14 0.911
16 28 75 0.508
16 34 102 -0.601
24 34 77 0.059
43 14 91 0.311
39 16 87 -0.424
33 19 43 0.560
20 31 1 -0.861
36 19 57 -0.131
23 32 100 0.365
37 19 18 0.145
12 29 70 1.252
12 31 149 -0.289
20 25 38 1.328
39 12 11 -0.623
34 13 132 -1.122
33 21 80 0.301
37 13 131 -0.353
15 38 103 1.100
41 9 16 0.003
20 32 137 -0.412
18 29 113 -0.838
41 17 130 -0.505
13 24 31 -0.198
39 11 84 0.415
30 13 40 0.833
17 24 27 -0.866
27 20 76 1.131
27 17 118 -0.074
9 37 35 -1.240
15 34 113 -1.063
13 39 111 -1.045
15 25 34 0.178
38 11 84 -0.524
15 28 145 -0.616
39 9 89 0.167
28 21 135 -0.564
17 30 38 -0.343
18 38 112 -0.848
17 21 34 0.609
22 32 25 1.023
34 16 43 1.044
27 30 62 -0.372
16 38 69 -0.764
13 37 112 -0.876
41 15 13 -0.067
12 29 66 1.530
18 24 141 0.167
31 8 117 0.012
34 6 83 -0.360
43 12 125 -0.273
24 16 4 -0.064
36 4 8 0.932
19 29 104 -0.033
13 33 69 -0.262
11 36 32 -0.217
12 39 35 1.096
20 27 149 -0.764
17 28 26 -1.224
27 21 116 1.334
37 14 131 -1.017
14 23 107 -0.441
21 28 37 2.325
25 21 116 0.104
45 4 88 -0.105
35 14 133 -0.285
15 23 140 2.414
36 23 19 -0.327
37 8 87 0.057
37 13 9 0.470
28 26 116 -0.427
18 22 68 -0.749
23 34 99 -1.159
17 24 63 -0.848
16 26 29 -1.065
11 39 139 -1.243
14 32 75 -0.847
34 15 43 0.871
35 16 20 0.118
25 22 3 0.175
11 37 146 -0.629
38 17 131 -0.739
27 25 42 -0.277
18 36 138 0.828
26 17 44 0.128
38 15 131 -0.958
18 23 69 0.731
26 24 6 0.546
16 37 72 -0.289
13 30 110 -1.012
26 24 39 0.179
29 26 42 0.331
17 27 102 -0.627
26 24 44 -0.652
38 11 131 -0.803
40 9 52 -0.388
15 26 74 0.348
25 21 61 1.206
13 40 143 -0.308
37 15 84 -0.203
42 16 128 -0.266
31 20 58 -0.933
26 20 82 -0.812
32 16 115 0.336
