38 7 12 1.136
40 5 16 -0.551
34 20 57 -0.661
17 20 31 0.756
19 26 113 -0.639
22 20 24 0.628
31 18 7 -0.587
37 22 56 0.183
37 17 6 1.723
34 10 45 0.568
36 19 130 -1.113
15 32 110 -1.212
28 28 115 -1.036
11 41 30 -1.100
30 20 116 0.554
25 29 61 0.540
16 23 73 0.434
39 15 54 -0.346
20 16 31 0.854
14 22 106 1.649
38 12 84 0.068
36 11 121 -0.370
34 20 58 0.100
29 26 61 1.254
42 11 47 -0.305
11 27 105 4.720
21 27 1 0.537
22 32 78 -0.996
18 39 140 -1.033
29 9 4 0.617
40 13 126 -0.561
41 9 127 -0.515
30 23 43 -0.399
22 27 2 -0.849
42 14 50 1.021
8 37 102 -0.592
26 9 0 1.658
40 11 125 0.534
39 12 85 -0.203
28 20 77 -0.359
42 10 11 0.070
38 9 86 0.643
25 30 24 -0.608
25 21 39 1.203
27 23 82 -0.752
19 22 26 -0.028
24 19 59 -0.554
11 34 32 -0.440
17 33 111 -0.620
22 34 24 0.127
25 33 23 0.788
14 36 141 -0.840
30 21 135 -0.690
37 13 17 0.354
42 14 129 -0.842
15 38 140 0.118
29 28 134 -1.168
42 12 46 1.080
29 16 22 1.264
24 29 77 -0.272
22 32 79 -1.064
13 29 65 -0.679
31 23 40 1.092
17 26 27 -0.432
13 38 147 0.074
22 28 26 -0.011
25 30 23 0.558
19 30 140 -0.087
28 18 61 3.317
13 33 33 -0.800
33 12 123 -0.802
10 40 72 -1.258
29 27 60 2.533
11 28 144 6.145
12 32 27 -0.824
15 27 103 -1.186
11 33 29 -0.869
15 34 105 -0.441
27 32 134 -0.790
13 37 66 -0.688
30 23 40 0.993
30 9 4 -0.398
14 37 33 -0.555
25 28 39 -1.223
9 29 107 -1.010
40 15 125 -0.115
16 26 68 1.639
12 38 146 1.007
34 13 132 -1.122
32 19 6 0.015
12 33 106 -0.505
16 26 113 -0.844
18 27 110 -0.864
41 12 13 0.125
13 27 71 1.335
44 9 90 -0.264
34 10 81 0.112
31 26 97 1.402
33 20 93 -1.098
39 2 12 1.286
33 9 84 -0.247
34 10 121 -1.024
23 18 3 -0.165
17 28 140 3.079
24 31 24 -0.496
17 29 38 -0.341
27 20 39 1.752
24 34 77 0.059
10 36 30 -0.961
28 22 79 0.132
40 9 55 -0.362
28 20 59 -0.357
21 33 101 0.201
27 19 42 -0.534
26 20 78 -0.496
16 23 141 0.561
41 13 129 -0.942
15 33 147 -1.080
33 15 42 0.972
29 15 117 -0.208
27 23 41 0.350
13 39 140 -1.028
31 20 40 0.085
22 21 112 2.582
35 8 82 0.683
34 19 9 1.575
36 13 48 -0.747
25 21 99 -0.565
20 28 1 1.558
27 22 60 0.030
10 35 108 -0.823
44 14 51 -0.249
40 13 85 0.169
20 36 63 -0.410
38 8 16 -0.719
15 34 66 1.564
41 12 127 -0.397
36 24 19 -0.475
15 37 149 -0.942
15 33 110 -0.842
44 9 124 -0.085
36 20 121 -0.178
39 17 88 -0.308
38 21 91 -0.912
16 30 102 -0.475
23 27 113 2.705
36 23 19 -0.327
14 40 147 -0.579
14 22 29 -0.926
28 15 117 -0.387
11 31 146 -0.637
18 36 1 -1.147
13 36 147 0.045
35 15 8 0.168
22 16 63 -1.206
39 13 53 -0.435
22 37 100 -0.395
25 30 77 0.159
33 17 80 -0.412
21 27 37 3.093
27 10 45 -0.473
35 9 85 -1.097
32 21 97 0.939
17 34 141 -0.631
12 29 29 -1.023
22 26 0 -0.910
24 29 62 -0.950
10 32 143 1.652
13 24 146 2.535
26 16 117 -0.928
14 37 32 -0.788
27 16 61 2.527
37 14 83 0.400
32 19 94 -1.103
43 12 17 -0.276
18 28 1 -0.377
18 28 104 -0.399
41 15 46 0.602
37 17 10 0.529
20 15 75 -0.722
17 22 34 0.398
31 20 98 -0.570
15 38 143 -0.693
41 14 83 0.576
14 28 142 2.242
12 29 27 -0.995
41 17 128 -0.528
18 18 2 -0.436
18 28 139 -0.597
17 33 112 -0.722
37 13 85 -0.988
31 21 6 -0.181
31 11 4 0.120
19 34 64 -0.222
21 18 138 0.839
29 27 23 -0.581
14 24 68 -1.093
29 27 136 0.310
20 28 113 -0.118
26 23 24 2.017
10 36 35 -0.957
27 22 63 -0.479
37 16 133 0.131
41 10 84 0.583
15 35 34 -0.414
12 37 143 -0.400
1 45 108 -0.651
29 17 39 1.872
39 15 92 -0.493
11 41 72 -0.409
11 37 107 -1.145
16 27 110 -0.472
32 19 5 0.247
27 25 42 -0.277
23 19 136 0.002
21 13 138 1.953
16 28 75 0.508
14 34 147 -0.070
36 19 132 0.083
11 36 146 0.060
25 16 3 1.169
30 18 116 1.827
19 25 64 -0.225
17 31 143 -0.548
12 29 72 -0.199
43 5 46 0.210
25 15 3 0.018
32 19 79 1.705
41 13 46 0.119
8 33 102 -1.154
18 30 37 -0.288
33 18 43 0.628
39 14 17 0.389
42 9 49 -0.894
21 18 3 -0.248
35 12 85 -0.983
15 36 29 -0.079
12 31 109 -0.116
33 10 121 -1.096
15 24 74 1.751
41 10 87 0.600
36 25 132 -0.127
16 24 74 1.955
44 12 16 0.436
20 32 64 0.216
19 24 2 -0.291
36 9 47 -0.885
15 28 33 0.979
31 20 21 0.442
39 1 12 -0.717
29 17 42 -0.127
31 14 96 -1.103
15 20 69 1.721
14 34 112 -0.797
34 20 95 0.657
22 33 114 -1.158
11 37 109 -0.326
10 35 146 -0.811
14 33 34 -0.340
33 12 43 0.720
15 39 66 -0.850
12 32 32 0.567
19 28 37 -0.610
28 29 21 -1.057
35 8 127 -0.934
15 26 70 0.328
37 25 132 -0.061
44 15 129 -0.261
13 26 66 -0.535
39 11 83 1.368
21 34 137 -0.232
18 21 147 0.667
14 28 111 -0.372
37 6 127 -1.061
10 25 66 -0.958
40 7 15 -0.415
37 17 96 -0.646
33 13 96 -0.232
28 17 80 -0.011
35 20 80 0.894
16 27 75 0.593
36 15 56 -0.873
41 7 17 0.225
43 13 16 0.500
38 10 15 -0.480
19 29 33 -0.830
37 15 46 0.476
36 8 15 -0.960
40 12 55 0.268
16 28 37 3.221
30 19 44 -1.046
33 23 119 -0.887
19 26 73 0.453
42 17 91 -0.373
23 19 3 -0.137
25 26 136 -0.779
28 25 136 1.119
37 12 123 -0.387
21 28 75 0.519
39 9 47 -1.093
28 15 97 -1.015
42 11 51 -0.493
24 29 60 -1.304
18 29 37 1.424
13 37 109 -1.030
14 25 71 1.937
34 24 95 -0.819
22 24 37 -0.920
38 14 126 0.215
16 29 105 -0.325
38 7 121 0.655
31 25 98 1.914
36 12 120 -0.181
31 12 45 -0.388
13 39 29 -0.767
29 31 98 -0.337
28 30 136 0.545
29 31 135 -0.225
36 16 120 -0.695
30 27 22 0.628
31 17 118 -0.366
35 16 47 -0.675
16 25 1 -1.026
37 8 129 -0.598
24 17 2 0.253
38 8 89 -0.891
41 12 123 -0.256
12 30 69 -0.051
14 36 110 -1.084
35 14 82 -0.515
37 18 17 0.282
23 23 24 1.493
11 38 72 -0.125
35 17 132 -1.031
40 13 49 -0.335
16 35 74 1.661
17 25 74 -0.165
17 30 70 -1.111
11 43 139 -1.142
32 27 80 0.935
23 25 76 1.071
14 38 36 -0.250
32 23 58 0.210
17 25 73 1.401
44 13 51 0.703
42 15 91 0.239
8 36 109 -0.002
41 13 18 -0.321
27 29 26 -0.869
38 18 8 0.051
9 39 35 -0.924
20 24 2 -0.402
43 7 51 -0.893
35 24 57 -0.631
13 35 30 -0.239
41 3 12 -0.772
20 27 65 -0.489
33 14 45 -0.447
13 41 70 0.366
29 28 22 -0.884
35 13 121 -0.658
17 33 75 -0.392
13 32 148 -1.041
19 25 139 1.054
27 30 62 -0.372
26 19 117 -0.126
25 30 62 0.887
12 39 35 1.096
35 12 54 -0.972
42 14 46 1.350
38 14 48 -0.196
24 19 76 0.603
20 17 149 0.431
14 23 107 -0.441
30 24 135 -0.597
37 14 47 -0.798
39 7 15 -0.365
23 36 62 -0.721
36 22 132 0.433
40 8 127 -0.345
35 16 85 -1.031
27 30 60 -0.932
28 21 59 -0.583
36 7 84 -0.475
18 31 64 2.934
38 18 131 -1.043
31 20 57 -0.918
28 11 4 0.322
17 30 74 -1.080
39 5 14 -0.953
34 20 21 -0.047
29 22 77 2.359
23 20 25 -0.166
27 18 61 1.920
11 33 109 -0.771
34 8 44 -0.360
28 22 136 0.226
40 17 91 -0.376
16 31 32 0.682
33 10 9 -0.464
13 39 106 -0.667
17 19 1 -0.727
15 42 75 -1.086
27 21 116 1.334
10 32 146 -0.869
40 12 14 -0.167
30 28 135 2.013
24 32 62 -1.082
27 27 79 0.729
39 7 14 0.911
30 22 59 -0.744
20 27 149 -0.764
10 40 107 -1.121
24 30 24 -0.458
36 10 121 -0.170
15 40 113 -1.186
14 35 32 3.430
39 22 94 -1.061
18 21 73 2.329
22 20 139 0.310
39 12 54 -0.250
32 16 6 0.420
37 14 93 -1.048
23 34 62 -0.117
23 27 100 0.149
11 26 31 -0.548
30 20 117 0.010
14 24 107 0.658
32 22 95 -0.047
18 29 111 -0.800
25 30 100 -0.099
31 24 21 0.662
12 29 66 1.530
20 29 2 -0.103
36 19 19 -0.537
38 2 12 0.177
41 13 88 0.302
43 11 16 -0.283
16 33 109 -1.087
14 27 103 5.295
40 15 54 -0.230
33 14 47 -0.597
16 33 75 0.404
38 7 91 -0.435
31 26 42 0.076
31 16 96 -1.005
16 28 33 -0.734
16 30 149 -0.362
34 5 8 0.866
43 12 125 -0.273
17 24 33 0.787
42 14 92 0.345
39 17 17 -0.130
37 12 10 0.410
23 31 100 0.078
15 31 67 -0.544
32 23 61 2.419
27 15 40 2.193
32 13 8 -0.460
39 9 127 -0.648
44 4 126 0.032
36 10 87 0.414
12 37 68 0.087
19 25 113 0.321
13 33 139 -1.203
38 7 46 -0.328
21 34 64 -0.749
18 31 65 1.534
37 13 132 -0.734
39 10 52 -0.185
34 26 95 0.487
9 38 35 -0.957
14 35 144 0.431
16 34 66 -0.487
30 27 136 -0.292
19 25 2 -1.168
22 32 23 -0.954
34 16 10 0.297
30 22 42 0.094
24 30 0 -0.915
31 17 96 -0.857
38 14 49 -0.854
22 22 4 -1.137
33 16 121 -0.506
12 30 148 -1.214
12 37 32 -0.246
42 10 124 -0.097
15 29 71 0.361
12 39 30 -0.092
12 24 70 0.020
39 14 51 0.584
33 14 81 0.112
23 33 114 -1.196
15 31 111 -0.882
38 14 47 -0.465
15 35 32 -0.396
28 12 4 0.261
16 19 1 -0.895
40 7 123 -0.732
29 27 96 -0.914
11 27 35 -0.301
27 21 78 0.781
35 9 126 -1.000
39 12 91 -0.164
23 23 76 -0.369
30 25 60 2.049
14 31 70 -0.393
37 16 56 0.750
20 26 1 1.847
17 33 103 -1.023
38 15 45 -0.234
19 21 26 0.457
38 10 48 -0.486
18 24 28 0.153
13 38 104 -0.933
42 18 46 0.602
42 11 17 -0.160
13 32 141 -0.237
41 7 11 -0.173
25 29 25 -0.570
39 18 54 -0.215
37 10 132 -0.686
32 14 5 0.008
25 27 99 -0.571
15 22 74 1.487
10 29 67 -0.365
23 14 0 2.067
16 31 37 0.057
41 14 16 0.347
39 13 122 0.037
29 24 41 1.972
17 28 147 -1.160
15 33 113 -0.750
32 20 44 0.055
12 32 67 -0.211
15 28 145 -0.616
40 5 14 -0.520
33 14 9 -0.210
38 15 54 -0.329
35 10 48 -0.234
35 18 132 -0.679
40 10 45 0.745
25 17 38 1.099
14 31 33 0.072
38 18 86 -0.934
36 11 89 -0.935
14 32 146 0.949
39 15 55 -0.884
34 15 47 -0.383
39 19 131 -0.828
35 15 20 0.432
32 24 59 -0.033
20 22 74 -0.532
13 34 143 0.344
20 29 64 -0.304
40 7 14 -0.402
31 29 97 0.675
35 17 134 0.672
27 23 61 0.703
16 28 148 1.171
37 18 133 0.626
39 4 15 -0.725
31 19 120 -0.806
15 18 74 1.066
39 15 122 -0.304
21 25 28 -0.873
33 11 20 -0.206
16 36 137 -0.167
39 13 85 -0.198
16 24 65 2.135
16 34 102 -0.601
42 5 13 -0.269
28 30 40 -0.486
24 27 27 -1.115
38 9 48 -0.321
25 24 63 0.121
25 26 4 -0.926
33 21 134 -0.147
39 11 54 0.496
25 29 23 2.225
25 13 4 0.095
13 35 33 -0.527
13 34 34 -1.061
25 31 77 0.325
39 16 84 -0.338
36 22 19 -0.177
14 29 105 2.142
11 36 140 -1.177
36 9 84 -0.800
12 22 69 1.527
27 20 61 0.954
41 7 51 -1.024
29 12 79 0.496
35 22 19 -0.210
8 36 72 -1.085
27 24 44 -0.678
17 29 148 -0.905
32 21 96 -0.674
12 22 105 6.277
36 19 7 0.608
24 36 23 -0.926
12 24 66 -1.279
24 30 100 1.489
13 35 69 -0.347
31 17 10 -0.638
27 30 99 -0.441
37 3 123 -0.894
27 24 99 -0.623
38 7 16 -1.042
17 32 64 0.572
13 35 142 3.991
16 32 36 2.170
41 13 50 0.625
11 41 106 -0.141
31 28 22 -1.052
18 23 0 0.089
14 36 66 -0.716
34 18 42 1.061
34 16 46 0.065
19 34 63 -0.376
39 11 85 0.299
12 39 32 -0.432
13 29 31 -0.908
32 14 42 0.573
31 26 58 -0.311
19 39 138 -0.598
41 15 48 -0.698
38 12 129 -1.062
29 22 136 0.273
14 37 146 -0.073
18 27 143 -1.012
40 12 53 -0.214
28 20 115 -0.532
14 31 140 -0.509
15 30 149 -0.284
27 16 4 0.336
26 25 100 -0.537
24 32 99 -0.884
37 17 92 -0.989
28 22 39 -0.779
43 7 17 0.194
13 41 143 -0.020
16 24 111 -0.987
20 27 2 -0.408
39 10 11 -0.763
43 12 53 0.170
40 6 11 -0.793
29 26 100 1.596
34 20 10 -0.963
39 12 90 -0.644
28 24 77 -0.025
31 15 115 0.683
15 42 137 -0.724
36 23 58 -0.184
39 19 93 -1.123
17 33 29 -0.973
32 16 118 0.558
35 22 95 -0.691
25 27 24 1.461
22 22 113 1.616
37 10 48 -0.110
31 27 43 -0.230
15 37 112 -0.783
40 7 86 -0.797
36 23 22 -1.320
36 21 56 -0.335
29 15 39 2.154
30 23 94 -1.208
35 20 45 0.190
12 29 35 0.915
31 23 94 -1.196
36 20 7 0.642
38 19 8 -0.006
19 31 63 -0.642
10 40 30 -1.236
39 12 11 -0.623
36 9 126 -0.644
21 26 5 -0.249
17 22 74 -0.360
32 15 9 -0.148
13 37 112 -0.876
41 4 15 0.380
15 30 144 1.918
26 23 80 0.357
29 16 96 -1.137
22 24 101 2.274
20 32 101 -0.186
41 13 128 -0.581
17 29 37 2.120
27 27 78 -0.433
13 32 143 0.823
30 21 57 -0.819
30 26 41 3.639
41 14 53 0.007
16 29 66 -0.289
13 36 69 -0.651
13 34 106 -0.705
33 20 131 -0.988
12 28 105 2.024
34 20 96 -0.309
21 28 25 0.595
15 25 147 0.141
26 27 42 -0.401
16 23 103 -1.140
13 40 105 0.685
17 37 36 1.703
18 25 33 0.593
30 18 41 1.018
15 23 31 -0.133
11 37 106 -0.353
32 16 97 -0.323
37 8 48 -0.288
33 19 97 1.222
26 17 4 -0.151
9 42 109 -0.527
36 23 7 0.583
41 13 130 -0.297
30 25 96 -0.893
19 28 38 0.099
42 13 49 -0.817
35 8 48 -0.065
17 25 27 -1.001
18 26 65 1.295
4 42 108 -0.985
27 19 40 2.279
35 13 86 -1.000
34 10 119 -0.427
39 7 90 -0.827
35 16 120 -0.496
27 29 39 -0.738
25 26 61 -0.506
41 17 18 -0.293
41 9 123 -0.570
12 29 146 -0.346
40 11 53 1.227
37 14 17 0.321
32 5 82 -0.944
32 9 45 -0.828
25 15 78 -1.014
17 33 113 -0.748
31 15 58 0.155
12 36 72 -0.522
38 13 132 -1.116
13 37 72 -0.506
15 28 74 -0.143
34 11 120 -0.771
42 2 12 -0.978
37 15 17 -0.239
14 28 70 0.116
37 4 84 -0.313
19 24 76 -0.405
31 24 134 -1.060
17 21 2 -0.287
18 29 101 -0.095
32 25 80 0.852
14 37 109 -1.131
30 16 79 -0.084
36 12 132 -0.923
32 21 41 1.520
40 17 17 -0.176
18 30 28 -0.284
10 33 102 1.706
34 15 56 -1.130
28 26 136 1.848
42 10 54 -0.592
13 33 105 1.713
29 27 77 0.655
42 14 13 -0.271
39 10 127 -0.462
35 11 7 0.683
34 24 7 -0.026
16 35 137 -0.729
18 23 69 0.731
22 23 2 -0.582
37 4 14 -1.204
37 18 57 0.675
6 35 108 -1.042
13 32 109 -1.105
18 19 34 -0.329
29 17 77 2.430
16 31 104 0.038
12 39 145 -0.698
11 34 109 0.048
25 24 114 0.202
37 13 9 0.470
37 14 87 -0.376
40 14 46 1.705
42 8 52 0.736
29 17 22 1.025
12 38 33 -0.818
15 22 69 1.468
37 16 132 -0.776
17 23 73 0.888
33 20 119 -0.659
38 9 11 0.008
40 13 129 -0.679
29 18 41 0.122
14 25 149 -0.332
40 14 121 -0.593
41 7 12 0.110
16 35 109 -1.173
12 28 143 1.540
37 17 121 -0.109
15 31 112 -0.821
26 31 61 -0.744
37 24 95 -0.116
25 28 135 -0.712
13 24 107 0.769
12 34 72 0.637
41 17 17 -0.473
35 9 7 0.040
41 3 15 0.315
43 12 90 0.304
38 13 13 -0.888
29 21 59 0.006
23 28 0 -0.884
37 10 9 0.572
17 27 111 -0.710
31 22 94 -1.171
16 32 27 -0.955
16 34 148 -0.002
23 28 24 -0.190
18 30 112 0.092
19 33 63 -0.434
35 23 95 -0.589
36 9 85 -0.615
13 29 67 0.035
21 27 38 -0.702
37 20 121 -0.413
38 12 45 1.076
10 29 108 -0.699
20 37 101 0.111
13 22 33 2.058
19 37 140 -0.733
35 21 57 0.403
38 18 121 -0.186
36 19 120 -0.116
14 34 32 4.318
17 30 149 -0.785
32 10 119 -0.508
16 38 68 -0.895
31 13 5 0.019
21 31 78 -1.106
22 16 1 -0.146
43 7 126 0.044
33 16 42 -0.108
33 18 21 -0.277
15 33 32 -0.175
15 25 34 0.178
20 26 3 1.072
36 12 133 0.427
32 26 95 0.169
40 18 54 -0.425
13 35 65 -0.543
32 3 82 -0.858
32 21 21 0.073
13 30 148 -1.050
38 13 87 -0.136
41 20 88 -0.236
11 41 109 -1.130
13 33 102 1.792
25 26 100 0.444
35 14 117 0.059
30 17 96 -0.746
15 27 70 -0.249
13 32 66 -0.220
17 23 141 2.512
11 29 69 -0.945
33 15 20 -0.000
37 9 56 -0.472
22 9 0 1.726
19 28 76 -0.302
33 13 121 -0.150
38 9 45 0.233
27 30 59 -0.684
35 16 57 -0.291
30 27 98 -0.480
40 4 12 -0.691
21 29 26 -0.727
33 20 58 0.027
13 28 141 1.237
40 11 87 -1.127
41 12 125 -0.835
29 14 117 -0.456
32 7 7 -0.842
16 24 33 0.781
19 17 31 0.306
24 31 62 -0.148
13 27 145 -0.920
40 5 127 -0.680
38 10 13 -0.563
31 27 59 -0.599
43 14 17 -0.516
11 36 32 -0.217
31 25 95 0.675
23 26 78 -0.134
16 32 110 -0.789
39 9 56 -0.674
15 38 102 -0.745
36 8 124 -0.353
23 25 63 -0.149
15 27 34 0.638
36 21 91 -0.490
34 17 57 -0.143
9 34 108 0.501
11 36 65 -0.387
35 17 95 0.394
22 22 26 -0.455
17 18 34 0.571
11 31 106 0.996
30 16 39 2.346
18 27 27 0.380
13 39 142 -0.897
30 25 43 -0.244
40 5 13 -0.358
29 18 117 -0.171
38 5 85 -1.097
35 8 7 0.085
44 11 124 -1.004
34 13 81 -0.069
24 13 1 2.593
13 32 70 1.806
11 24 69 1.548
40 7 11 -0.563
44 17 128 -0.306
24 21 62 -0.596
44 9 126 -0.134
38 6 131 -0.993
19 21 138 1.835
42 10 127 -0.050
19 20 138 0.169
12 36 71 -0.972
27 30 24 0.393
20 27 38 1.256
19 31 113 -0.294
38 20 84 -0.092
29 22 23 -0.497
29 26 22 -0.465
37 9 53 -0.983
20 20 26 0.513
23 19 114 2.072
29 23 21 -0.662
35 10 132 -0.985
30 21 77 1.148
39 10 129 -1.039
38 13 56 0.015
12 31 144 5.538
16 20 69 1.221
41 10 124 -0.289
30 22 135 0.637
19 30 100 -0.667
15 31 140 -0.549
14 41 32 -1.005
36 8 82 1.142
12 37 107 -0.865
39 14 128 -0.583
14 32 111 -0.803
43 6 16 -0.885
32 23 40 -0.625
15 33 70 0.136
37 17 56 0.496
12 34 145 -0.812
17 20 63 -0.818
12 35 66 -0.875
41 13 55 1.013
40 12 83 0.483
24 33 114 -1.060
41 10 90 -0.220
35 8 47 -0.894
39 17 121 -0.170
30 21 23 -0.221
34 15 7 0.760
35 22 20 0.045
15 30 68 0.369
11 31 69 0.182
27 20 116 1.332
12 40 102 -0.936
35 13 10 -0.281
39 9 89 0.167
38 14 13 -0.828
12 30 68 -1.127
34 14 119 -0.095
5 44 108 -0.746
36 14 49 -0.824
41 12 53 0.502
12 27 145 -1.115
13 25 66 -0.897
36 11 10 1.047
30 20 22 0.203
23 28 100 0.734
31 9 119 -0.718
28 24 41 -0.149
38 17 87 -0.832
20 29 101 -0.229
21 22 4 -1.104
41 8 88 -0.680
15 34 103 0.369
7 32 102 -0.973
30 17 61 2.890
37 7 45 0.183
39 5 11 -0.204
28 21 135 -0.564
28 31 99 -0.443
36 24 132 -0.849
31 27 97 -0.543
11 30 143 3.327
42 9 52 0.370
29 16 44 0.501
34 16 120 -0.567
31 18 135 1.433
40 14 53 -0.090
28 21 22 -0.398
36 15 83 -0.467
12 29 31 0.333
24 34 114 -0.859
36 23 6 1.551
13 32 149 -0.625
33 17 96 0.250
38 15 86 -1.007
30 26 60 2.204
26 12 4 0.389
37 16 89 -0.590
25 27 25 -0.201
39 17 93 -0.997
37 9 15 -0.846
37 8 14 0.447
43 16 128 -0.503
21 18 2 1.940
30 17 42 -0.002
17 35 37 -0.917
27 21 82 -0.747
19 28 149 -0.684
24 28 23 0.268
18 20 73 1.854
32 21 120 -1.011
41 9 13 -0.155
5 29 108 -0.996
27 11 4 0.431
0 49 108 -0.822
36 15 18 -1.177
32 24 6 0.048
36 13 80 0.668
40 12 49 0.206
40 13 92 -0.764
35 11 87 -1.108
39 15 10 0.749
40 10 87 0.435
33 10 80 0.128
13 36 139 -1.227
15 20 74 2.024
40 11 83 0.548
17 24 65 2.125
29 9 117 0.473
32 11 8 -0.878
42 7 50 -0.445
21 26 101 0.621
38 13 51 0.357
41 12 50 0.478
38 7 13 -0.311
40 11 11 -0.466
23 27 26 -0.263
18 31 112 -1.016
27 22 44 -0.467
16 21 28 -0.545
15 32 149 -1.108
11 35 109 0.111
15 29 103 2.926
30 27 135 2.014
30 20 115 0.128
40 9 85 0.778
10 39 30 -1.061
26 29 135 -1.117
15 27 29 -0.824
23 33 62 -0.195
37 6 7 0.231
38 21 84 -0.432
13 23 71 1.758
32 13 81 -0.439
38 18 132 -0.755
24 20 38 -0.340
6 34 108 -0.763
33 22 134 -0.605
16 21 33 0.570
17 35 69 -0.502
42 16 53 -0.575
30 28 41 2.731
18 22 69 0.663
22 22 101 2.264
31 19 80 -0.159
42 5 17 0.603
41 14 130 -0.950
20 28 101 -0.390
20 24 0 0.190
32 14 44 0.422
31 28 43 -0.336
32 30 22 -0.306
40 16 18 -0.291
22 7 78 -0.926
24 28 99 -0.986
24 26 62 -0.595
23 18 61 0.992
32 21 9 0.263
40 13 54 -0.281
21 26 63 -0.350
41 17 88 -0.277
37 16 54 -0.904
42 3 46 -0.701
9 41 109 -0.636
30 15 5 0.195
20 30 26 -1.139
39 6 50 0.231
36 7 85 -0.944
34 21 119 -0.694
13 37 30 -1.095
21 23 63 0.104
23 22 3 -1.060
19 30 0 -0.757
42 6 53 0.061
28 15 115 0.657
23 26 5 -0.381
40 8 12 -0.344
25 33 62 -0.445
26 25 62 0.833
18 30 139 -0.654
42 12 53 0.169
35 16 41 1.830
35 26 20 -0.035
38 11 130 -0.338
30 15 21 1.225
25 24 116 -0.304
38 13 9 0.040
34 19 21 -0.186
40 9 129 -0.754
23 24 25 0.794
39 12 48 -0.360
21 28 149 -0.047
16 38 69 -0.764
21 34 101 0.533
25 30 114 0.074
12 41 147 -0.966
42 5 12 -1.077
34 22 95 0.302
16 29 32 -0.229
32 11 53 -1.267
24 22 5 0.503
32 18 9 0.157
30 21 41 1.561
29 11 4 -0.066
12 25 67 -0.333
13 31 67 -0.339
17 22 28 -0.262
20 29 75 0.483
20 33 137 -0.373
16 29 104 -0.328
16 31 142 3.731
18 21 33 1.145
42 13 124 -0.934
39 10 123 -0.227
14 25 103 -1.162
41 21 55 -0.668
23 22 138 1.200
30 18 5 0.006
36 7 130 -0.366
18 32 104 0.053
14 36 149 -0.963
37 14 48 -0.614
19 23 64 -0.840
37 17 133 1.106
38 16 57 0.542
15 32 144 2.035
37 19 56 0.697
23 28 25 -0.736
12 36 142 0.921
13 28 142 -0.515
34 25 95 0.279
34 22 7 0.209
15 31 36 1.003
24 27 78 -0.526
17 33 149 -1.041
35 13 56 -1.016
38 13 53 -0.827
29 13 116 1.858
35 23 132 -0.814
22 31 149 -0.808
39 13 131 -0.504
16 15 73 1.227
9 45 102 -1.142
27 31 60 -1.120
25 29 99 -0.792
40 13 16 -0.042
36 22 56 0.458
34 14 10 0.300
40 18 11 0.242
14 31 27 -0.880
11 30 30 1.028
28 26 41 0.008
42 12 129 0.133
15 34 113 -1.063
19 28 73 -0.838
32 21 118 0.027
24 15 97 -1.087
38 14 18 -0.234
36 24 95 0.525
16 40 36 -0.319
39 14 129 -0.906
35 18 58 0.382
19 30 26 -1.222
38 9 15 -0.178
20 29 137 -0.565
40 9 84 1.051
25 22 3 0.175
24 23 136 -0.803
42 6 12 -0.780
42 4 17 0.645
34 10 7 0.780
17 27 112 -0.367
42 14 83 1.733
28 31 115 -1.009
37 21 56 -0.155
19 13 138 2.184
36 23 83 -0.923
18 22 27 -1.061
29 19 115 0.141
29 9 79 1.145
35 12 121 -0.953
16 33 74 1.732
7 32 65 -1.008
31 20 94 -1.118
19 24 26 2.314
20 23 26 0.356
42 14 18 -0.362
34 9 126 -1.013
40 11 49 -0.009
12 40 35 0.968
24 31 115 -0.911
37 14 54 -0.754
37 13 56 -0.660
31 23 58 -0.514
29 23 23 -0.367
38 7 9 0.760
14 35 33 0.937
19 31 65 1.508
37 13 93 -1.162
36 19 56 -0.218
20 18 138 1.192
24 24 139 1.110
42 13 129 -0.523
13 29 74 2.124
10 30 65 -0.451
38 6 87 -0.613
20 26 0 0.249
28 27 60 -0.119
11 39 102 -1.110
43 5 51 -0.620
28 13 116 0.916
35 16 56 -0.588
26 13 4 -0.002
29 20 4 -0.026
11 40 30 1.062
26 21 99 -0.542
29 23 136 -0.343
30 27 41 3.902
29 18 40 2.790
34 17 20 -0.287
34 16 43 1.044
30 25 21 -0.647
23 24 24 1.033
23 30 24 -0.297
20 22 75 1.781
41 11 46 0.576
35 21 81 0.403
13 39 66 -0.361
17 30 113 -0.630
37 11 91 -0.687
30 23 44 -0.199
12 41 112 -0.784
15 25 141 0.526
42 4 50 -0.637
12 43 147 -0.971
19 27 74 -0.271
34 7 48 -0.571
32 9 81 -0.267
41 18 125 -0.050
16 23 74 0.417
38 13 57 1.303
31 23 134 0.232
37 15 55 -1.113
35 14 120 -0.857
23 24 114 1.351
16 24 140 3.675
41 8 52 -0.995
26 24 135 -1.060
35 19 19 -0.524
19 31 140 0.438
34 18 21 -0.091
15 22 34 0.813
28 22 60 0.210
27 29 59 -0.395
31 15 94 -1.208
24 24 82 -0.838
30 23 98 0.659
15 36 149 -0.968
33 14 44 0.189
42 9 92 -0.969
18 24 75 1.870
31 22 80 0.134
14 42 111 -1.228
28 20 60 0.223
40 17 84 -0.585
12 39 143 -0.302
32 15 79 2.161
29 28 59 -0.944
30 26 22 0.583
27 27 60 0.935
38 13 128 -0.968
42 11 121 0.412
31 19 42 1.943
11 44 102 -1.151
22 24 38 0.732
39 10 85 -0.051
21 25 2 0.122
29 22 43 -0.736
9 33 108 -0.771
25 23 38 -0.236
35 11 127 -0.888
17 15 73 1.429
15 35 74 -0.942
28 27 135 -0.134
21 16 0 1.420
37 15 81 0.751
33 20 95 -1.169
29 28 136 -0.467
11 29 67 -0.341
29 24 96 -1.013
13 27 140 0.526
14 22 73 -0.780
11 42 146 0.053
31 17 40 0.090
15 35 36 1.100
41 15 50 1.147
25 26 98 -0.185
27 29 21 -0.691
39 9 83 0.373
41 12 51 -0.251
40 13 125 -1.103
15 28 104 -0.261
38 11 126 -0.019
38 3 46 -0.665
20 19 138 1.268
28 23 44 -0.605
22 29 62 -0.175
38 11 54 -0.736
17 35 113 -0.890
38 11 45 0.530
28 21 26 0.833
24 26 139 -0.458
16 21 147 1.704
37 7 16 -0.916
29 20 41 0.526
36 17 18 -0.763
17 30 111 -0.818
24 21 76 1.087
32 19 95 -1.174
13 32 36 1.091
41 8 15 -0.603
5 48 108 -0.912
21 26 113 -0.864
32 26 135 -0.092
19 29 2 -1.131
14 35 111 -1.114
40 13 13 -0.082
32 25 58 0.046
29 21 5 -1.029
1 47 108 -0.977
8 41 108 -0.042
39 7 131 -0.939
40 12 17 -1.096
32 24 43 -0.072
35 21 120 -0.519
21 30 113 -0.760
37 16 131 -1.105
25 26 5 0.366
14 20 73 0.007
17 27 139 -0.817
34 15 43 0.871
28 37 60 -1.315
28 16 42 -0.153
13 21 33 2.826
16 19 74 1.535
18 33 68 0.119
21 30 63 -0.047
19 22 2 -0.308
15 24 73 0.598
33 16 95 -0.056
41 15 47 -0.608
22 24 2 0.560
28 24 98 -0.092
10 40 139 -1.120
31 19 59 -0.816
45 16 51 -0.333
36 16 20 -0.581
17 22 110 -0.543
45 3 46 -0.711
31 14 118 0.190
35 15 10 -0.463
33 25 133 -0.075
16 32 32 0.032
19 21 113 1.287
12 30 34 -0.982
10 38 108 0.572
15 36 103 1.369
31 23 43 -0.244
34 17 54 -0.957
37 15 18 -1.071
25 27 62 1.071
39 9 45 0.792
26 11 44 -1.017
18 16 73 1.429
43 6 88 0.913
30 28 94 -1.220
18 19 63 -0.564
33 18 42 0.431
20 25 28 0.207
31 27 58 -0.396
18 24 69 -0.341
15 38 72 -1.169
31 26 57 -0.055
36 15 20 -0.722
34 13 54 -0.915
37 16 121 -0.918
9 34 65 -0.541
31 24 136 1.745
36 17 92 -0.880
19 20 113 1.012
39 12 12 0.820
16 33 102 -0.733
16 29 72 -0.492
18 30 26 -0.650
42 10 50 1.498
32 14 9 -0.165
24 23 5 -0.396
27 29 115 -0.814
39 15 120 -0.800
16 32 71 0.174
42 13 92 -0.392
15 40 0 -1.282
38 8 15 -0.129
40 11 10 0.875
16 27 69 1.343
37 5 87 -0.175
41 18 17 -0.820
31 13 120 -0.820
20 37 62 -1.244
40 10 89 -0.337
11 34 70 3.155
17 28 141 0.747
29 22 118 -0.018
38 11 18 -0.850
36 21 120 -0.249
19 21 3 0.529
24 30 61 0.386
29 25 136 0.779
22 17 138 0.891
38 10 54 0.134
18 17 138 -0.186
21 26 38 0.982
40 13 86 0.611
36 11 124 0.139
29 32 134 -1.027
36 11 48 -1.079
34 15 9 0.140
30 27 21 -0.879
12 24 105 5.128
43 1 12 -0.819
40 10 121 -0.166
21 29 37 2.214
16 32 100 -0.983
26 29 136 -1.134
36 15 6 -0.767
37 9 118 1.615
15 19 73 0.106
15 36 142 -0.384
29 16 115 1.895
13 37 32 0.174
9 34 107 -0.922
42 16 91 0.235
44 9 52 -0.928
21 30 138 -0.563
41 15 125 0.097
11 31 109 -0.041
34 14 6 0.397
11 36 71 -1.084
23 22 24 1.573
35 14 87 -0.108
39 15 84 -0.510
18 25 64 1.582
38 19 131 -0.808
14 26 145 -0.234
35 18 94 -0.643
16 35 148 -0.876
28 25 60 0.946
42 1 46 -0.003
39 20 55 -0.714
15 32 104 0.778
17 31 37 4.078
34 17 47 -0.362
34 8 8 0.902
41 6 12 0.098
38 11 93 -1.019
27 30 25 0.907
40 13 56 -0.045
25 28 24 1.317
19 23 34 0.043
25 35 77 0.568
36 21 95 0.146
34 25 119 -0.912
12 35 105 1.747
39 18 88 -0.242
35 8 11 -0.064
39 11 49 -0.479
9 36 143 -0.865
40 10 91 -0.787
42 10 53 0.346
38 10 16 -0.924
29 25 59 -0.275
37 17 132 -0.375
41 10 11 -0.112
14 32 74 0.600
34 17 9 1.080
31 16 77 1.396
40 13 122 0.354
19 29 137 0.639
16 29 31 -0.058
31 0 82 -0.822
44 7 46 0.405
24 24 136 0.218
27 23 42 -0.327
42 13 125 0.156
36 21 80 0.763
43 11 17 0.402
34 15 10 -0.329
37 16 84 -0.435
13 36 109 -0.934
36 14 43 0.648
11 34 30 0.054
16 39 140 0.569
11 38 109 -1.149
16 24 64 4.590
38 10 8 2.204
27 27 62 0.683
40 6 84 0.334
24 34 24 -0.623
29 23 98 1.377
32 20 58 0.320
9 41 146 -0.965
33 13 84 -0.124
12 34 32 0.974
14 37 36 -0.394
31 22 134 -0.841
15 26 141 0.200
21 29 149 -0.782
20 7 0 0.946
26 19 5 1.064
31 23 97 -0.625
38 8 125 -1.093
41 11 86 -0.916
42 2 17 0.231
28 20 97 -0.990
35 20 118 0.476
33 26 21 0.165
35 17 20 0.154
26 20 44 -0.556
11 43 102 -1.016
17 28 72 0.553
19 21 63 -1.095
12 32 35 -0.412
39 21 94 -1.048
34 18 19 -1.081
13 29 105 1.724
41 5 90 -0.322
12 31 106 -0.469
14 32 34 -0.745
42 15 125 0.228
16 33 105 1.433
29 25 22 -0.183
22 26 2 -0.194
37 6 86 0.501
16 32 72 0.538
38 19 91 -0.621
14 40 111 -1.152
7 35 145 -1.096
36 24 130 -1.055
31 32 96 -0.528
13 30 102 1.048
36 16 118 1.112
32 20 119 -0.583
23 25 3 -0.673
13 19 34 0.238
41 8 14 -0.775
17 29 147 -1.155
35 18 56 0.039
34 8 45 1.683
12 31 32 -0.135
38 14 87 -0.380
12 33 142 -0.990
20 26 111 -1.013
37 14 13 -1.026
35 13 82 -0.474
37 8 15 -1.021
42 12 50 -0.348
33 9 81 -0.379
40 6 15 -0.612
15 33 72 -0.994
40 11 55 -0.090
14 22 28 -0.441
15 38 103 1.100
35 23 20 0.021
38 11 91 -0.437
11 30 107 -0.143
28 33 134 -1.173
19 20 112 3.354
19 30 149 -0.870
30 25 41 2.454
15 37 74 -0.817
35 0 82 0.122
17 35 38 -0.472
40 9 125 -0.573
24 17 137 0.054
34 14 83 -0.255
26 26 99 -1.017
37 13 131 -0.353
23 34 99 -1.159
34 16 117 -0.536
18 22 28 -0.481
27 22 5 0.529
21 20 0 0.219
14 26 146 0.536
41 16 130 -0.342
38 12 9 0.484
18 30 103 -0.973
34 15 96 0.005
42 13 127 -0.997
11 40 145 -0.378
32 23 98 -0.959
26 31 23 -0.808
38 13 10 0.595
15 23 140 2.414
35 14 10 -0.578
13 41 66 0.021
34 10 9 -0.052
29 19 39 1.593
16 33 140 -0.992
11 37 30 0.580
40 8 45 -0.426
33 12 10 -0.027
37 14 122 0.046
39 10 49 -0.234
29 20 117 0.021
24 24 61 0.206
19 28 112 0.313
30 21 40 0.769
29 22 80 0.068
34 20 19 -0.425
39 13 9 0.456
12 31 70 0.103
28 27 62 -0.860
33 21 20 0.228
34 17 49 -0.852
19 19 31 0.055
24 36 62 -0.770
19 36 140 -0.661
16 31 34 -0.113
20 31 26 -1.062
35 13 49 -0.859
35 17 81 0.540
18 25 111 -0.716
24 16 114 3.194
25 25 61 0.714
22 29 64 -0.376
34 13 119 -0.653
39 7 49 0.115
14 30 103 -1.166
35 22 96 -0.263
16 29 69 0.550
36 21 7 0.506
39 16 8 1.219
35 22 58 0.228
13 42 102 -0.640
13 19 69 0.727
39 9 48 0.167
27 22 78 0.506
39 18 122 -0.539
39 13 54 -0.307
25 26 149 -1.014
29 26 42 0.331
16 26 110 -0.325
37 16 48 -0.750
35 17 10 -0.422
12 34 143 1.829
10 34 66 -0.444
17 22 31 0.311
35 22 7 0.751
12 38 30 -0.714
16 33 37 1.197
35 19 55 -0.011
19 23 0 -0.296
19 20 34 -0.180
31 17 5 -0.319
16 28 70 -0.244
24 30 25 -0.116
23 24 4 -0.702
31 23 42 -0.250
12 34 34 -0.846
16 22 1 -0.914
39 14 9 0.462
16 32 104 -0.781
17 29 104 0.393
23 23 62 -0.732
36 15 46 -0.732
36 15 93 -1.042
40 11 50 0.136
31 20 119 -0.634
25 24 60 -0.281
42 13 91 -0.093
22 16 112 1.951
28 25 41 -0.002
16 39 0 -1.258
42 11 11 -0.278
35 17 41 1.296
13 27 72 -0.178
22 12 78 -0.861
12 36 140 -1.099
28 21 117 -1.022
17 30 38 -0.343
39 9 50 0.394
14 30 66 -0.804
40 18 17 -0.818
37 13 80 0.669
24 23 114 2.608
23 27 37 -0.680
15 25 31 1.094
31 11 44 -0.404
23 17 118 -0.190
34 16 96 0.175
39 19 54 -0.389
26 25 135 0.324
30 23 41 1.327
36 19 134 0.314
29 31 96 -0.933
33 16 96 -0.378
38 13 7 0.399
37 14 46 -0.639
40 6 12 0.453
31 15 117 -0.569
38 16 47 -0.443
13 34 109 -0.613
41 8 90 -0.109
33 17 10 -0.342
43 9 13 -0.338
33 21 19 -0.180
42 2 15 -0.163
34 20 119 -0.145
34 24 6 1.641
29 19 44 -0.827
16 23 145 -0.876
19 22 73 -0.283
13 32 31 -0.752
18 22 110 0.563
40 13 121 -0.535
38 11 51 0.135
17 36 0 -1.251
36 10 12 0.002
34 21 93 -1.106
11 20 68 -0.074
39 12 92 -0.849
19 27 37 1.006
33 14 56 -1.154
37 15 84 -0.203
40 7 87 -1.218
37 12 89 -0.665
14 26 33 0.681
19 22 138 0.457
41 13 17 -0.520
35 10 7 -0.102
43 9 125 -0.312
39 14 10 0.531
15 33 104 -0.714
16 26 34 -0.341
28 28 136 0.123
42 10 91 0.081
43 4 88 0.195
33 27 97 -0.554
39 8 125 -1.088
28 26 79 0.944
14 35 112 -0.681
31 24 98 -0.996
21 25 37 1.150
14 30 31 0.096
33 17 9 0.338
15 36 112 -0.734
33 19 58 -0.453
15 39 140 0.020
39 7 123 -0.653
43 10 126 0.384
22 37 23 -0.848
23 34 114 -1.103
14 31 111 -0.749
18 33 140 -0.961
18 27 100 -0.558
24 25 63 0.313
20 26 139 0.512
28 17 40 2.481
35 7 87 -1.166
28 14 39 1.722
41 9 50 0.549
15 30 67 -0.087
18 35 113 -1.164
42 5 46 -0.220
40 12 122 0.293
23 26 139 0.274
42 10 92 -0.306
20 25 73 -0.823
26 28 24 0.557
40 19 55 0.041
14 29 31 0.484
19 14 149 0.265
31 16 115 0.432
38 14 132 -0.683
42 14 49 -0.571
12 33 143 3.442
32 27 98 -0.914
38 17 92 -0.592
22 33 138 -0.443
37 20 8 0.993
30 13 117 0.653
29 17 40 2.495
45 6 15 -0.770
41 7 52 1.111
34 17 5 0.345
18 33 104 0.023
19 22 64 3.855
25 28 99 -0.165
38 9 129 -0.929
24 26 25 0.475
42 13 128 -0.317
13 28 106 2.334
16 35 100 -1.138
41 14 124 -1.021
44 7 126 -0.069
23 33 78 -0.734
38 9 89 -0.181
23 26 24 -0.044
34 12 9 -0.456
39 15 90 -0.940
33 16 118 0.869
11 35 30 1.015
32 21 98 -1.078
12 29 68 -0.133
32 21 43 -0.120
26 24 6 0.546
27 26 42 -0.267
15 35 33 0.616
18 35 138 0.973
36 4 8 0.932
20 22 4 -0.636
24 26 76 1.884
19 22 148 0.016
42 8 13 -0.052
11 32 109 -0.982
40 6 127 -0.777
19 30 1 -1.164
10 32 102 1.807
38 7 90 -0.754
16 27 34 0.146
40 15 18 -0.447
12 31 35 0.070
34 15 118 0.605
38 15 91 -0.337
10 33 32 -0.817
40 8 124 0.031
31 13 4 0.240
40 14 54 -0.435
38 14 53 0.317
37 22 83 -0.840
19 29 147 -1.182
41 4 11 -0.207
27 28 25 -1.004
37 9 121 -0.124
17 33 67 0.290
42 7 127 0.688
34 16 93 -1.124
44 11 52 -0.617
39 10 16 -1.067
15 32 74 -0.767
31 20 58 -0.933
40 9 11 -0.182
30 17 44 0.384
43 2 12 -0.370
22 37 114 -0.678
36 7 11 0.192
41 13 127 -0.614
17 25 104 -0.099
38 14 131 -0.139
24 28 63 -0.479
13 31 111 -1.043
27 30 39 0.962
33 28 120 -0.743
42 14 125 -0.043
13 30 71 -0.305
20 19 149 0.238
17 21 69 0.504
19 27 2 -1.185
39 7 85 -1.184
30 25 97 -0.030
26 26 79 -1.027
44 7 16 0.951
30 16 21 2.250
40 17 18 -0.347
40 3 15 -0.117
20 27 28 0.127
8 32 32 -0.503
34 7 131 -1.059
19 33 1 -0.823
33 19 41 1.792
27 15 82 -1.007
12 35 71 -0.699
26 29 77 0.582
30 18 40 0.146
38 14 89 -0.122
28 19 61 0.477
23 20 114 2.256
39 17 128 -0.545
38 15 92 -0.513
17 26 28 0.493
22 23 139 0.508
37 23 120 -0.167
20 26 75 1.741
32 17 5 0.002
29 20 43 0.710
29 24 24 3.273
39 12 53 0.213
30 20 98 0.441
38 16 132 -0.878
18 27 37 0.823
36 8 84 -0.383
42 6 127 -0.159
39 11 52 -0.211
11 34 107 -1.008
19 25 148 0.128
44 10 52 0.072
27 28 135 0.426
17 29 74 -1.125
20 19 63 -0.744
31 22 117 -0.195
34 4 45 0.590
16 23 34 1.198
20 33 26 -1.052
21 35 100 -0.459
15 39 75 -0.945
26 20 3 0.846
32 17 120 -0.382
15 28 148 1.062
25 26 60 -0.535
15 31 149 -0.379
18 22 68 -0.749
29 21 135 0.439
29 30 96 -0.811
26 19 116 0.418
12 35 104 0.018
14 27 71 0.278
14 31 69 -0.760
43 8 90 -0.094
28 20 114 1.400
21 25 138 0.307
36 13 12 -0.255
17 24 64 0.856
19 31 28 -0.951
19 20 73 0.429
17 35 103 0.493
34 21 80 0.818
24 27 26 -0.266
40 16 17 -0.350
34 22 80 0.835
21 22 138 0.599
16 25 74 1.259
14 30 147 1.189
23 24 5 -0.267
31 20 42 0.185
39 11 47 -0.417
29 16 43 -0.338
23 28 39 -0.034
37 7 48 -0.617
23 32 26 -0.639
17 26 141 0.473
16 29 1 0.214
34 16 95 -0.140
13 34 30 0.542
39 11 123 -0.969
25 24 59 -0.324
37 20 6 1.159
41 16 17 -0.333
45 8 126 -0.113
19 23 113 0.932
37 14 45 0.610
34 18 20 -0.213
13 28 111 -0.201
38 12 57 0.671
7 38 108 -0.604
26 26 61 -0.024
38 13 18 -0.589
43 15 53 -0.721
19 27 31 0.089
34 12 47 -0.293
34 13 43 1.426
18 25 147 1.185
35 13 47 -0.480
13 30 106 2.462
12 33 145 -0.015
41 6 127 -0.630
41 11 13 0.129
11 41 139 -1.136
16 34 70 -1.079
36 13 45 0.916
18 32 102 -0.381
37 19 95 -0.712
17 26 144 0.635
41 14 49 -0.919
15 27 28 2.543
41 10 53 0.752
31 15 5 0.395
25 26 62 -0.338
13 34 140 -0.709
13 41 72 -0.778
42 10 90 0.050
12 34 29 -0.253
28 14 4 0.467
37 18 56 -0.175
20 25 38 1.328
17 23 65 1.949
6 41 108 -0.772
9 37 35 -1.240
27 24 117 -0.050
34 19 20 -0.206
38 15 48 -0.069
15 36 75 -1.080
13 27 144 0.612
38 8 48 0.427
12 26 107 -0.063
38 20 120 -0.137
15 35 137 -0.579
25 33 24 -0.801
39 7 11 -0.270
40 11 48 0.733
15 32 145 -0.634
14 34 104 -0.941
40 10 126 -0.728
34 20 20 -0.287
40 15 126 -0.184
19 22 1 0.297
16 30 142 1.763
16 22 29 -1.108
18 29 144 -0.870
16 39 69 -0.700
39 10 88 -0.788
31 23 21 -0.416
38 16 55 -0.562
31 16 120 -1.081
38 11 85 -0.170
20 34 140 -0.389
34 21 133 -0.819
9 37 108 0.433
7 32 108 -0.640
34 16 81 0.445
30 22 44 -0.112
18 34 36 2.898
34 16 19 -0.113
13 32 29 -0.101
39 11 9 0.407
31 22 44 0.080
14 19 34 0.820
14 37 74 -0.912
26 21 60 -0.596
31 22 21 1.681
37 11 45 0.866
19 20 63 -0.768
28 28 77 0.458
12 25 106 1.697
11 32 107 -0.903
9 44 102 -0.905
35 22 57 -0.356
37 7 83 -0.182
26 23 100 -0.431
33 27 133 -0.987
15 33 141 -0.846
33 21 42 0.421
17 31 138 0.645
20 21 138 0.856
21 24 75 1.913
38 13 48 -0.198
33 17 97 1.891
42 8 12 -1.054
16 35 103 -0.481
12 38 35 1.078
17 29 141 -0.325
39 20 94 -1.064
24 11 116 -0.581
13 35 149 -0.547
19 26 26 -1.023
16 25 110 -0.032
38 10 90 -0.335
37 13 53 -0.834
37 9 45 0.599
38 19 83 -0.850
31 20 22 0.557
13 36 102 0.296
14 39 67 0.702
34 18 96 0.206
27 30 40 -0.336
43 12 126 -0.985
11 31 102 0.737
29 32 96 -0.772
29 22 60 2.518
13 37 140 -0.731
41 5 12 0.148
11 37 72 0.039
32 15 44 0.090
38 16 56 0.540
25 26 76 1.312
37 21 83 -0.920
23 25 135 -0.683
11 36 112 -0.971
37 6 85 -0.568
23 35 25 -0.716
44 9 15 -0.577
43 11 129 0.370
14 32 141 1.480
26 15 114 0.749
32 19 97 -0.173
41 13 91 -0.741
32 17 81 0.094
39 12 87 -0.627
33 17 56 -1.071
22 19 27 0.356
31 4 79 1.452
18 37 148 0.225
37 12 54 -0.634
14 40 113 -0.876
40 15 55 0.201
19 27 3 0.699
28 23 76 1.392
33 21 81 -0.075
15 31 72 -1.082
39 14 49 -0.871
22 37 78 -0.847
24 37 137 -1.063
29 26 21 -0.814
12 27 35 1.692
18 33 27 -0.166
14 26 142 1.119
15 30 141 -1.045
34 9 47 -0.737
39 14 88 -0.314
20 23 139 0.295
15 19 69 1.235
26 23 60 -0.247
26 12 44 -1.076
22 27 26 -0.093
34 12 121 -1.025
12 33 33 0.317
14 35 34 -0.314
36 7 48 -0.670
12 27 140 0.265
20 29 5 -0.378
11 34 67 0.278
26 22 5 0.590
37 15 122 -0.325
31 19 6 -0.058
13 35 146 -0.264
23 28 5 -0.418
32 14 97 -0.605
21 30 27 0.179
29 21 21 -0.857
41 16 91 0.291
10 32 106 -1.071
25 16 76 2.769
39 17 130 -1.102
17 27 65 1.164
39 11 84 0.415
33 26 58 -0.178
34 16 119 -0.688
31 27 22 2.427
21 29 101 1.334
40 17 11 -0.147
33 11 84 -0.298
12 32 104 -1.291
19 25 31 -0.510
28 31 77 0.757
26 21 76 0.781
35 12 47 -0.764
21 35 64 0.556
10 32 32 -0.092
23 21 138 1.178
42 15 51 0.436
43 16 52 0.382
19 32 101 -0.268
42 20 125 -0.120
29 21 136 0.540
19 38 63 -0.326
24 15 114 2.540
29 25 98 1.074
18 20 27 -0.974
36 22 18 -0.736
12 34 107 -0.826
35 15 82 -0.381
11 42 102 -1.049
12 19 33 1.375
22 23 27 0.185
26 30 63 -0.379
10 36 143 0.934
26 27 100 1.964
35 13 83 -0.198
23 25 114 1.168
12 27 141 0.338
39 6 48 -0.264
31 19 77 1.549
38 12 48 -0.655
20 35 101 0.405
11 28 65 -0.549
11 32 147 -0.613
39 10 45 0.266
33 15 10 0.534
15 28 67 0.517
27 29 41 -0.283
33 24 59 -0.318
19 24 37 -0.451
26 22 61 1.113
18 25 63 -0.455
34 18 119 -0.291
27 27 61 -0.150
41 7 46 0.016
35 15 85 -0.889
35 6 44 -0.037
39 11 15 -0.412
20 34 101 0.245
14 31 148 -0.865
28 24 76 1.260
14 27 145 -0.801
17 21 31 -0.082
43 14 129 -0.426
37 17 122 -0.083
23 22 4 -1.133
35 24 19 -0.033
24 27 25 2.189
33 14 80 -0.595
29 21 39 -0.526
33 7 121 -1.000
33 24 80 1.032
14 25 106 1.715
25 26 79 -0.990
31 13 81 0.198
39 11 48 0.432
37 21 133 1.186
38 13 89 -0.445
22 27 37 -0.614
36 21 18 -0.215
36 7 18 -1.060
43 4 46 0.911
17 32 148 -0.190
15 31 38 -0.689
18 24 113 0.375
24 22 25 0.138
15 28 110 -1.231
35 16 20 0.118
25 32 24 -0.777
19 36 63 -0.453
16 25 27 -0.556
18 33 106 -0.526
37 5 127 -1.181
34 4 82 0.782
26 22 98 0.223
11 33 145 -0.229
36 11 54 -0.943
37 12 9 -0.788
23 25 28 -0.466
38 14 123 -0.630
32 15 5 0.133
37 11 53 -0.827
16 37 100 -1.178
32 13 96 -0.707
12 33 103 1.632
19 30 2 -0.485
38 16 84 -0.246
42 15 88 0.274
13 28 29 -0.840
20 23 31 0.010
30 10 117 0.861
44 5 16 0.820
29 22 61 2.025
36 1 82 0.713
17 27 104 1.285
35 13 120 -0.444
12 33 70 0.503
30 12 77 3.059
21 37 137 -0.677
12 31 68 0.401
17 26 73 2.212
22 34 100 0.171
13 38 145 -0.453
36 14 48 -0.813
17 29 149 0.296
35 14 11 -0.673
24 34 60 -1.239
9 30 35 -0.181
13 24 31 -0.198
37 13 46 -0.105
25 19 97 -1.195
39 9 9 0.468
18 30 101 -0.275
37 11 127 -0.482
31 17 44 -0.225
20 19 2 -0.297
36 10 47 -1.092
18 16 2 0.029
16 32 69 -0.117
37 5 123 -0.276
17 25 37 2.124
11 29 105 1.323
24 20 3 0.108
42 7 92 -0.511
25 19 62 -0.288
37 7 85 -1.002
29 21 41 0.388
42 6 15 -0.269
12 39 65 -0.670
26 26 136 -1.142
19 27 65 0.507
39 10 84 -0.032
10 38 110 -1.273
40 15 88 -0.248
26 25 136 -1.143
33 11 44 -0.603
25 23 116 -0.161
36 14 81 0.625
40 6 124 -0.374
23 17 138 1.157
34 20 93 -1.093
38 16 129 -0.967
35 14 49 -0.597
35 15 47 -0.620
19 39 63 -0.250
17 26 112 -0.180
26 29 62 0.949
28 11 115 1.904
27 22 39 1.764
21 33 23 -0.489
39 10 54 -0.565
14 29 67 0.118
30 25 23 0.085
21 10 0 1.240
41 12 46 1.811
42 9 90 0.229
42 10 129 -0.697
36 16 19 -0.759
34 16 118 1.015
32 20 43 1.105
15 31 103 -0.369
20 25 76 -0.239
25 19 99 -0.946
35 19 6 0.278
19 31 33 -0.808
31 21 77 1.575
42 6 90 -0.425
14 33 33 -0.241
39 13 86 -0.980
39 7 50 0.462
33 15 81 -0.007
33 15 80 0.806
17 33 37 -0.894
15 32 142 3.553
38 6 91 -0.850
38 16 10 0.456
24 38 114 -1.020
40 7 16 -0.779
23 21 3 -1.145
22 21 27 0.640
12 32 70 0.736
30 14 5 -0.173
20 26 64 -0.149
20 32 65 0.050
19 27 0 0.330
37 6 13 -0.964
18 30 1 -0.516
36 12 57 0.878
11 32 70 0.850
22 23 149 -0.494
16 31 74 -0.157
43 9 126 -0.807
40 15 11 0.563
20 24 75 0.340
36 5 45 -0.143
26 18 61 1.907
22 33 100 0.004
23 35 77 -0.006
11 38 32 -0.025
42 6 16 -0.700
25 31 24 -0.768
17 34 100 -1.209
12 36 146 -0.453
29 24 23 -0.333
19 19 1 0.469
35 13 80 0.388
37 10 121 -0.587
17 23 28 0.462
20 32 63 -0.469
35 7 84 -0.895
10 41 109 -0.322
40 13 55 0.225
35 18 118 -0.110
16 29 142 4.872
33 8 117 0.182
25 24 3 0.313
15 32 109 -1.138
37 13 48 -0.255
17 35 140 0.455
14 37 142 -0.714
16 22 74 1.948
12 35 69 0.427
14 33 74 -0.369
20 24 138 1.621
18 24 37 0.336
36 7 127 -0.823
28 9 4 -0.274
14 32 67 0.194
16 33 67 -0.731
12 32 103 4.130
29 16 40 1.548
38 15 56 0.732
16 18 1 -0.981
14 29 110 -1.272
23 24 112 0.759
33 22 59 -0.702
40 11 129 -0.659
13 30 32 2.191
13 33 68 0.428
35 20 132 -0.925
36 13 83 -0.493
42 12 17 -0.446
12 36 32 0.111
29 14 21 2.048
30 28 96 -0.756
31 21 134 -0.010
26 32 114 -0.033
29 24 60 1.768
13 37 29 -0.376
16 37 143 -0.666
35 20 93 -1.017
41 7 14 -1.235
30 23 61 2.139
31 22 118 -0.723
40 7 51 -0.652
14 34 109 -0.890
15 32 72 -0.503
40 21 55 -0.273
22 32 100 -0.660
14 37 66 -0.890
17 29 112 -0.441
20 20 73 -0.714
12 37 71 -1.037
13 26 33 0.270
13 29 107 -1.066
32 17 77 2.225
26 29 39 0.299
26 30 62 0.855
42 15 49 0.207
17 26 75 1.498
25 23 39 1.562
25 22 61 1.068
18 34 38 -0.688
30 28 22 1.462
26 32 23 -0.759
41 7 123 -0.818
25 27 23 0.442
27 28 99 -0.084
10 42 102 -0.935
41 12 18 0.042
36 10 9 1.705
28 17 42 0.627
18 16 34 0.565
19 30 38 0.393
41 14 50 1.065
13 36 32 -1.021
14 32 145 -0.362
12 38 71 -0.922
39 13 48 0.250
39 17 10 0.765
35 17 19 -0.325
39 6 89 -0.754
16 25 143 0.355
33 18 58 0.246
34 9 81 -0.221
42 11 54 -0.812
31 21 98 0.783
13 28 105 1.047
16 25 64 3.597
16 32 68 -1.055
39 19 92 -0.506
25 29 27 -0.725
13 32 72 -0.817
33 18 117 0.562
43 6 17 -0.790
23 19 138 1.172
29 21 115 -0.872
26 26 39 0.380
27 15 4 0.066
39 12 121 0.193
38 8 123 -0.856
17 31 142 1.685
31 26 43 0.083
19 24 64 0.848
7 36 109 -0.695
37 13 13 -0.771
9 33 32 -0.666
32 18 116 0.026
16 29 75 -0.743
12 35 30 -0.430
35 16 94 -0.945
36 18 133 0.536
36 25 19 -0.762
39 13 17 -0.364
36 17 83 -0.151
27 16 114 1.546
13 20 33 1.483
17 39 68 -1.048
37 13 90 -0.705
31 23 6 -0.261
33 16 9 0.504
37 21 6 1.493
32 21 133 0.195
39 16 10 0.683
23 23 113 3.232
41 7 92 -0.599
11 32 143 1.380
16 29 140 -0.320
36 5 85 -0.927
15 22 103 2.536
17 32 138 0.681
27 16 82 -0.932
30 24 57 0.199
32 4 82 -0.795
10 34 145 -0.963
39 4 14 0.034
36 3 84 -0.840
33 5 85 -0.666
38 3 12 -0.346
14 31 103 0.375
15 35 147 -0.159
16 21 74 0.946
11 32 65 -0.520
34 11 47 -0.406
38 10 12 2.078
17 37 68 -0.771
30 20 44 -0.109
35 12 43 0.744
31 9 45 -0.870
25 29 24 -0.775
40 8 14 -0.545
17 31 36 1.950
43 8 17 0.586
19 19 2 0.413
40 6 91 -0.933
25 20 114 2.397
13 32 110 -1.205
33 21 57 -1.014
38 14 7 0.066
28 28 60 -0.994
23 23 25 0.680
32 16 9 0.097
21 20 114 0.783
28 22 115 -1.056
31 18 79 2.185
20 29 113 -0.305
16 36 143 -0.777
30 13 79 -0.068
16 25 34 0.701
18 28 112 -0.921
8 28 108 -0.815
39 14 54 -0.116
28 20 98 -0.331
16 38 137 -1.140
17 36 148 -0.852
34 6 83 -0.360
36 23 56 -0.248
35 16 6 0.066
27 30 79 -0.923
32 24 58 0.166
13 26 107 0.268
30 20 43 0.176
22 28 149 0.015
42 15 86 -0.733
16 33 69 -0.718
31 17 79 0.916
37 9 48 -0.245
28 12 118 -0.230
26 19 61 1.846
22 19 114 2.156
16 28 145 -0.437
25 28 23 0.731
42 4 12 -0.553
36 19 6 1.734
34 18 86 -0.934
39 8 121 0.874
27 23 116 1.072
42 12 127 -0.908
35 7 44 -0.554
35 12 80 0.455
10 21 67 -0.257
14 30 34 -1.024
12 29 67 -0.477
25 22 99 -0.755
30 19 42 0.168
24 26 99 -0.881
29 28 41 3.813
30 18 42 0.825
16 37 148 -0.995
12 27 111 -0.985
11 36 68 -0.568
37 8 44 -0.417
32 19 40 0.051
12 22 67 0.645
23 32 78 -0.998
14 32 36 3.432
13 30 35 2.695
33 14 43 0.857
37 16 87 -0.335
25 26 99 -0.639
26 22 62 0.395
38 8 85 0.172
38 12 125 -0.573
12 31 141 -0.975
9 32 35 0.394
37 15 10 0.320
18 32 1 0.089
38 3 84 -0.592
16 33 68 -1.050
13 27 103 0.377
12 32 107 -0.517
31 15 116 0.308
27 14 82 -1.017
27 7 4 0.740
39 13 49 -0.221
12 30 106 1.253
23 17 3 0.180
28 21 23 -0.346
25 19 2 -0.029
35 22 82 -0.734
21 19 63 0.136
37 22 19 0.304
31 5 79 1.179
14 24 71 1.436
22 29 2 -0.857
40 6 13 -0.155
16 36 147 -1.077
41 14 129 -0.867
31 12 118 0.397
13 30 72 0.146
13 40 67 -0.955
22 30 25 0.851
8 34 108 -0.687
37 18 121 -0.928
29 26 96 -1.007
20 26 76 -0.105
11 33 146 0.511
35 19 47 -0.820
38 4 123 -0.328
22 21 139 0.261
40 5 11 -0.219
8 40 108 0.633
27 19 116 1.298
32 23 59 -0.052
22 31 100 -0.028
19 27 28 0.611
24 21 116 -0.013
37 11 84 -0.735
33 19 19 -0.868
38 16 127 -0.284
19 35 1 -1.107
35 10 80 0.491
38 14 84 -0.197
35 17 9 0.559
36 6 8 1.625
12 23 34 0.648
34 7 8 0.394
17 29 65 1.738
13 27 66 0.953
14 26 71 0.919
36 16 94 -1.020
12 30 142 3.497
26 27 114 1.238
39 9 84 0.076
39 16 85 -0.885
29 29 41 3.635
14 33 103 2.092
32 12 45 -0.521
36 8 45 0.374
11 32 66 -0.942
36 20 83 -0.488
14 38 142 -0.649
38 6 50 1.066
39 9 14 0.424
32 16 44 -0.051
38 14 56 0.726
18 28 76 0.018
21 26 149 -0.839
41 7 15 -0.189
35 22 94 -0.496
35 14 41 1.545
16 35 72 -0.468
15 28 141 0.223
30 21 43 -0.381
33 20 132 -1.029
30 22 118 -0.672
34 14 56 -1.182
19 23 111 -0.929
12 37 147 -0.846
25 32 60 -1.165
40 10 18 -0.282
42 18 128 -0.289
32 17 10 -0.819
23 37 114 -0.975
30 25 136 0.112
37 20 95 -0.094
14 32 31 0.240
17 32 75 0.438
38 11 84 -0.524
26 23 59 0.109
35 20 19 -0.562
26 25 39 0.685
31 18 40 0.173
19 29 28 -0.702
37 10 90 -0.996
15 26 31 -0.997
15 41 75 -1.023
23 25 39 -0.376
24 15 76 2.429
14 24 106 1.532
37 10 47 -0.658
25 16 116 -0.166
16 26 75 0.035
42 9 15 -0.019
32 16 134 0.869
32 26 42 0.408
14 35 36 -0.523
32 18 81 -0.208
34 19 93 -1.208
33 27 80 0.812
40 17 88 -0.296
39 14 131 -0.502
34 17 83 -0.327
16 26 29 -1.065
35 18 47 -0.331
15 32 32 4.373
18 31 102 -0.444
19 35 65 0.033
29 24 80 -0.084
28 20 21 -0.307
12 36 69 0.533
42 7 17 0.539
12 22 34 0.522
36 10 118 1.851
14 42 147 -0.697
15 31 32 3.994
32 20 117 -0.258
17 23 27 -0.968
25 34 62 -0.929
28 18 41 0.351
31 20 44 0.246
35 21 19 -0.338
25 25 3 0.080
14 37 67 0.041
37 16 80 1.160
42 11 50 1.161
29 24 59 -0.411
29 32 135 -0.300
11 23 65 -1.024
27 31 24 -0.945
14 33 36 2.789
29 36 60 -1.312
35 22 6 0.939
26 10 44 -1.067
35 19 10 -0.945
43 10 91 -0.200
38 14 45 0.952
22 26 25 0.616
33 11 48 -0.747
34 16 56 -1.061
13 34 66 0.289
43 13 46 1.164
32 13 117 -0.825
18 31 37 -0.807
40 13 46 0.955
41 11 87 0.617
32 7 123 -0.864
14 36 144 -1.131
37 7 18 -0.684
35 21 94 -0.759
23 27 25 1.003
14 43 111 -1.162
24 25 24 1.306
15 35 75 -0.865
33 14 10 0.638
37 9 127 -0.978
14 32 71 0.437
18 25 69 0.698
29 26 135 1.100
20 21 76 0.055
10 42 71 -1.119
28 21 41 0.220
16 30 32 -0.304
26 16 38 1.729
34 17 7 0.560
26 19 39 1.214
19 30 65 0.697
36 22 7 0.670
29 26 136 -0.059
41 10 48 -1.067
12 24 107 0.333
19 23 65 0.652
32 18 44 0.307
17 24 73 2.575
40 10 130 -0.368
13 31 141 -0.442
13 35 35 -0.057
41 16 125 0.182
40 11 47 0.385
37 14 56 -0.045
33 23 57 -0.298
17 27 28 0.136
35 8 10 0.665
14 32 70 -0.399
13 37 35 0.031
29 22 39 1.112
29 20 98 1.442
13 31 30 1.547
11 40 106 0.205
35 15 95 0.202
19 33 73 -0.399
32 22 40 -0.316
35 21 132 -0.715
28 23 39 0.263
33 11 9 -0.313
24 16 4 -0.064
31 23 133 -1.128
20 35 65 -0.107
32 22 6 0.045
23 16 0 2.517
25 23 3 0.176
39 12 51 0.320
17 43 137 -0.918
13 36 35 0.251
31 30 97 0.237
20 23 1 1.231
40 15 86 1.335
15 22 29 -0.621
14 33 69 -0.746
39 15 126 -0.026
35 21 7 0.132
43 8 53 0.639
42 10 49 -0.236
35 17 94 -0.850
27 19 61 2.631
39 15 85 -0.113
36 16 93 -0.849
36 14 134 0.187
35 9 84 0.397
13 41 71 -1.094
36 13 85 -0.964
29 30 135 -0.273
40 16 84 -0.436
29 24 21 -0.706
30 25 94 -1.155
18 34 138 1.268
27 24 135 0.368
18 25 110 -0.712
18 34 37 2.064
19 23 73 0.594
32 13 118 0.952
40 6 131 -0.894
26 19 76 1.073
18 38 148 -0.158
26 20 116 1.641
21 28 0 -0.782
13 37 105 0.602
35 17 82 -0.261
30 20 118 -0.958
44 11 127 -0.672
27 31 99 -0.482
19 37 63 -0.176
15 30 142 3.317
12 42 72 -0.839
13 36 143 -0.081
17 25 34 -0.078
21 21 139 2.315
10 37 30 -0.594
34 27 95 0.297
12 30 71 -0.147
9 31 106 -1.064
26 29 114 1.227
33 14 97 -1.199
29 14 39 1.543
42 8 91 0.607
38 24 132 0.080
8 35 108 0.472
33 17 117 -0.008
40 9 130 -0.333
35 19 95 0.025
18 25 28 0.040
13 36 105 0.011
12 28 65 -0.901
25 15 61 1.387
13 38 72 0.509
34 23 20 0.109
38 16 131 -0.447
45 12 52 0.386
13 29 66 -0.409
30 21 42 0.041
9 33 29 -0.632
30 26 98 -0.665
34 12 54 -1.041
36 5 82 1.369
26 15 4 -0.397
41 13 54 -0.925
41 8 47 -0.550
13 42 32 -0.993
18 17 2 0.705
22 26 26 -0.197
37 18 81 0.437
33 18 81 -0.435
34 15 41 1.741
33 23 59 -0.746
32 22 42 1.535
21 24 111 -0.917
19 26 64 -0.013
11 34 72 0.075
23 21 26 0.381
14 30 71 -0.136
24 28 27 -0.810
11 36 143 3.441
42 9 51 -0.665
14 25 66 -0.539
41 16 88 -0.016
41 13 92 -0.504
31 11 118 0.324
32 23 6 -0.380
21 29 63 -0.538
40 8 54 -0.529
21 27 25 0.885
10 38 30 -0.043
19 31 0 -0.462
24 11 0 1.356
34 22 94 -0.941
25 27 4 -0.989
31 16 133 0.708
27 32 62 -0.498
37 11 13 -0.651
39 14 52 -0.062
39 16 54 -0.366
18 18 110 0.921
33 13 119 -0.627
35 24 58 0.146
15 38 0 -0.914
39 12 15 -0.408
25 25 135 0.525
30 19 118 0.555
15 36 72 -1.052
36 12 20 -0.890
12 37 112 -0.719
13 30 70 1.409
39 13 12 0.834
40 17 53 -0.158
36 19 83 -0.260
43 4 126 -0.027
24 28 100 0.266
36 19 122 -0.383
11 28 35 -0.196
22 23 112 0.977
15 25 146 0.789
22 16 3 0.001
43 9 91 0.873
42 9 127 -0.032
17 33 36 2.095
39 9 122 0.411
38 3 131 -0.850
27 20 82 -0.734
15 32 34 -0.374
31 16 41 1.152
20 28 63 -0.742
17 14 2 0.340
44 4 50 -0.703
13 28 107 0.315
38 21 19 0.576
15 37 0 -0.841
23 25 61 0.033
30 22 41 0.894
39 11 53 -0.451
26 17 44 0.128
30 19 59 -0.356
20 28 73 -0.784
16 37 72 -0.289
37 11 15 -0.709
15 22 73 0.442
38 16 89 -0.244
15 29 31 0.066
21 30 77 -0.079
41 16 128 -0.353
13 39 35 0.069
12 26 106 0.461
30 19 79 0.472
43 11 90 0.364
34 20 9 0.305
19 40 138 -0.708
36 18 80 0.534
17 20 73 0.521
18 27 65 2.001
39 18 55 0.043
38 11 15 -0.334
18 28 0 -0.479
26 30 60 -1.153
8 35 32 -0.649
29 28 116 -0.818
33 21 58 -0.118
28 35 77 0.669
28 21 60 0.117
29 21 117 -0.934
22 11 1 2.487
13 35 109 -0.788
38 15 57 -0.747
19 33 37 -0.690
24 25 116 -0.066
35 11 126 -0.849
18 25 76 0.103
42 14 128 -0.320
26 25 98 0.146
32 14 58 -0.060
22 19 3 -0.141
42 13 51 0.455
29 15 21 2.168
11 30 35 -0.352
39 15 53 -0.266
32 18 80 0.252
29 19 43 0.064
42 12 16 -0.222
13 32 140 0.168
5 32 30 -1.175
14 30 68 0.734
40 14 92 -0.920
42 11 92 0.534
27 23 135 0.005
35 12 10 -0.590
26 30 77 0.666
13 30 75 -0.862
19 33 139 -0.346
24 23 4 -0.821
33 17 6 0.478
21 33 137 -0.209
7 37 71 -1.116
12 32 108 -0.934
26 33 59 -0.757
40 10 90 -0.262
21 24 63 -0.183
28 18 116 0.564
22 32 24 0.126
33 17 119 0.545
43 11 126 -0.937
22 29 4 -0.889
19 25 73 -1.100
26 20 39 1.729
30 22 23 0.053
15 28 105 1.222
31 16 116 0.586
23 26 99 -0.964
34 7 45 0.989
37 19 83 -0.091
40 20 54 -0.397
26 25 149 -0.960
44 12 88 -0.493
30 18 61 2.562
32 18 42 0.036
11 34 65 -0.518
27 25 116 0.755
30 22 96 -0.887
12 40 30 -0.883
33 21 133 -0.644
28 17 4 0.198
39 17 55 -0.820
17 21 141 0.797
19 18 73 -0.883
18 34 148 0.106
34 9 45 1.304
9 36 146 -0.844
17 40 137 -0.466
14 26 31 -0.178
17 27 75 -0.803
18 28 37 -0.598
16 26 72 -0.124
13 30 34 -0.275
12 35 67 0.225
16 25 68 0.247
18 23 73 3.089
33 5 82 0.345
39 16 87 -0.424
27 20 98 -0.339
12 41 102 -0.725
15 34 0 -1.178
12 30 102 1.168
18 37 73 -0.677
11 25 33 0.922
21 19 139 2.143
14 36 71 -0.202
14 37 145 0.621
13 27 106 1.260
11 39 139 -1.243
25 21 98 -0.089
40 10 52 -0.504
37 12 48 -0.644
26 29 60 -1.256
40 14 91 -0.722
42 12 52 0.401
12 36 70 1.017
43 9 124 -0.499
5 43 108 -0.927
21 31 64 -0.098
16 20 34 0.117
27 18 5 1.213
11 34 35 -0.615
34 17 132 -1.017
15 32 148 -1.018
24 18 137 -0.013
14 30 149 -1.143
41 2 12 -0.482
42 18 91 -0.694
30 21 58 0.118
26 26 135 -0.488
36 21 132 -0.246
28 12 44 0.019
36 14 45 0.499
20 28 139 0.296
28 14 40 2.355
13 40 29 -0.939
10 29 65 -0.503
34 9 80 0.364
40 5 126 -0.879
17 23 64 2.884
42 9 88 0.450
19 24 113 0.569
31 28 97 0.327
30 24 23 -0.137
31 15 7 -0.723
39 10 46 -1.101
36 17 89 -0.710
41 14 88 -0.063
37 15 129 -1.023
19 18 1 0.315
16 41 36 -0.077
14 38 145 -0.621
12 23 69 1.086
24 12 1 2.750
36 16 56 -0.726
39 16 94 -1.236
34 14 57 -0.495
18 23 74 -0.078
19 21 38 0.393
18 21 31 0.753
16 32 141 -0.577
21 30 101 1.612
7 33 32 -0.874
32 6 119 -0.617
14 32 103 2.658
12 20 69 0.729
43 10 16 -0.024
41 12 91 -0.187
41 9 86 0.171
37 5 18 -0.404
41 15 92 1.704
12 39 102 -0.948
11 33 35 -0.591
32 22 58 -0.013
14 41 66 -0.179
37 22 95 -0.178
26 20 98 0.032
9 36 102 -0.724
32 18 118 0.062
12 32 145 0.036
29 25 23 -0.425
24 26 61 -0.854
36 11 9 1.058
27 22 62 0.633
14 34 142 -0.859
24 19 63 -0.258
29 22 22 0.178
35 7 85 -1.050
15 34 69 0.086
43 8 15 -0.698
18 25 27 -1.072
31 21 57 -0.831
23 30 39 -0.235
38 12 10 0.190
39 12 89 -0.016
28 22 59 -0.420
15 32 113 -0.609
15 31 71 0.207
24 25 99 -1.189
12 34 35 -0.431
31 23 98 -0.619
16 29 68 0.206
40 13 83 0.577
12 30 140 -0.236
12 39 70 0.818
18 22 141 0.656
16 24 148 1.880
21 18 31 -0.228
41 8 84 0.695
39 10 9 0.101
30 25 22 1.005
30 23 21 -0.302
22 31 26 -0.403
27 15 61 2.025
37 6 131 -1.076
30 9 79 1.887
31 13 117 0.492
15 26 145 -1.060
20 33 0 -0.566
13 42 70 0.083
40 12 90 -0.847
30 29 60 0.927
36 14 122 -0.315
36 15 48 -0.684
39 9 15 -0.486
19 38 138 -0.500
15 29 109 -0.866
36 14 47 -0.580
21 21 0 1.080
31 16 118 0.365
34 24 132 -0.853
39 6 11 -0.812
5 46 108 -0.970
38 14 122 0.247
31 14 79 1.105
40 18 130 -0.995
17 33 33 -0.484
39 5 126 -0.734
18 34 73 -0.563
37 18 43 0.592
31 24 57 -0.114
22 12 3 0.022
29 16 118 -0.031
20 22 0 0.921
40 12 125 -0.269
34 5 44 -0.583
38 13 122 -0.055
36 9 87 0.045
38 16 91 -0.573
14 28 74 1.384
34 19 7 0.409
26 19 4 -0.557
10 42 105 -0.850
37 13 45 0.598
14 20 34 0.546
30 30 60 0.810
17 31 69 -0.256
40 9 124 -0.399
11 37 108 -0.934
15 29 68 -0.905
38 24 130 -1.055
31 19 58 -0.243
28 20 76 1.288
15 32 66 -0.432
14 27 31 0.979
31 21 42 0.473
14 25 67 -0.599
23 28 79 -1.005
22 20 62 -0.955
34 19 59 -1.098
13 29 146 4.634
21 30 64 -0.715
36 16 8 0.404
25 33 60 -1.076
39 15 88 -0.169
41 5 51 -0.797
25 32 25 -0.465
33 10 8 0.301
13 37 145 0.670
30 15 22 -0.131
37 20 122 -0.752
6 29 108 -0.848
41 14 92 -0.838
40 11 16 -0.032
37 8 47 -1.218
35 21 20 -0.309
21 30 28 -0.591
36 20 20 0.047
34 18 9 0.579
17 31 112 0.184
20 26 2 -1.037
35 17 85 -1.130
13 28 32 0.296
39 11 126 -0.311
29 20 21 -0.498
38 20 91 -0.317
12 37 70 0.419
35 16 93 -1.176
16 21 113 0.237
40 11 14 -0.084
35 25 132 -0.248
33 20 7 0.229
40 12 86 -0.098
10 33 143 -0.267
15 37 142 -0.712
32 17 117 0.341
23 33 99 -1.107
15 33 66 -0.762
14 26 29 -0.791
25 19 3 -0.030
38 17 131 -0.739
40 18 18 -0.835
21 36 78 -0.924
11 33 107 -1.035
39 11 93 -1.113
17 29 64 2.911
15 30 27 -0.895
12 39 72 -0.250
25 29 26 -0.673
35 8 87 -1.048
30 24 94 -1.235
23 34 137 -0.650
34 14 96 0.203
25 25 99 -0.711
40 14 124 -0.871
23 25 78 0.211
17 36 38 -0.746
17 29 100 -0.917
37 18 8 0.648
33 20 97 2.805
42 16 128 -0.266
14 34 33 0.022
33 24 6 0.119
27 28 61 -0.638
31 19 96 -1.028
27 19 115 -0.948
12 28 142 -0.781
24 29 135 -0.528
37 12 84 -0.895
30 19 22 0.453
19 18 138 -0.262
35 19 80 0.058
27 25 82 -0.771
13 34 139 -1.210
31 27 95 0.137
41 8 91 0.782
37 20 19 0.000
40 8 126 -0.803
26 15 38 1.237
29 29 98 -0.650
16 29 27 -0.974
15 35 148 -0.712
14 38 33 -0.012
29 25 40 -0.605
35 18 45 0.062
13 33 74 -0.914
23 29 63 0.537
16 32 70 -1.073
40 11 124 -0.221
37 19 131 -0.884
42 14 126 -0.682
17 28 38 -0.149
38 9 53 -1.040
43 17 128 -0.261
34 23 133 -1.209
29 16 77 3.533
23 29 137 -0.743
32 19 80 -0.280
27 18 4 -0.237
39 10 122 0.411
22 28 79 -1.043
36 7 7 0.172
20 28 2 0.076
23 24 3 -1.139
34 9 121 -0.813
30 21 98 1.656
13 33 70 1.420
39 11 121 0.688
16 34 111 -0.220
12 28 33 0.777
36 14 121 -0.767
31 24 118 0.415
40 8 125 -1.156
12 27 107 -0.256
30 18 21 1.523
26 16 5 1.279
36 15 132 -0.931
10 32 145 -0.884
35 6 119 0.692
16 26 27 -0.858
15 40 148 1.263
35 14 132 -0.946
24 20 76 2.135
31 14 120 -0.817
38 13 49 0.374
31 22 133 -0.549
28 19 59 -0.526
25 18 39 1.329
30 19 43 -0.402
33 22 98 -0.817
38 7 48 -0.233
22 21 0 1.386
13 29 36 3.793
37 9 87 -0.002
29 17 5 0.350
38 12 131 -0.455
24 29 24 -0.369
12 33 68 1.103
24 31 77 0.371
17 35 36 1.678
21 14 138 2.376
25 24 98 -0.388
34 12 7 1.333
42 5 16 -0.928
16 26 1 -0.545
27 31 62 -0.268
31 16 22 0.186
41 15 55 0.866
18 24 65 1.621
23 27 24 -0.155
12 38 143 0.403
9 40 35 -1.178
23 33 137 -0.648
38 7 87 -0.858
14 33 142 1.568
24 28 0 -0.777
27 24 42 0.000
26 27 27 -0.131
25 29 39 0.001
35 25 94 -0.709
13 34 67 0.138
19 36 138 -0.087
35 12 118 1.100
25 28 136 -1.137
43 5 14 -0.737
13 33 30 1.958
20 27 137 -0.268
9 29 109 -0.463
19 30 113 -0.774
13 27 107 -0.203
24 25 4 -1.175
18 32 65 -0.097
44 12 51 0.160
30 24 61 1.386
16 36 104 -0.831
17 26 74 -0.209
29 27 43 -0.242
35 10 11 -0.267
30 14 40 1.778
14 33 147 -0.713
37 14 55 -0.291
12 36 109 0.492
15 42 147 -0.599
30 14 79 0.324
34 13 10 0.742
29 18 134 -0.324
4 39 108 -0.881
22 14 1 0.040
22 32 138 -0.353
23 27 149 -1.019
21 22 139 2.244
17 28 26 -1.224
15 29 144 0.359
21 17 138 2.061
26 28 62 0.971
34 23 21 0.207
20 33 101 -0.427
14 39 142 -0.836
9 35 146 -0.811
31 21 97 1.969
15 33 105 0.431
38 12 56 -0.166
35 7 47 -1.055
33 17 58 0.384
12 41 143 -0.567
4 43 108 -0.895
42 8 127 0.610
18 36 138 0.828
31 24 22 0.684
12 39 68 -0.430
9 42 146 -1.046
16 37 75 -0.852
24 23 3 0.310
40 14 18 -0.398
38 18 17 -0.002
11 28 27 -1.210
35 9 119 0.708
15 27 74 -0.090
11 28 67 0.485
26 15 78 -0.570
11 41 71 -1.129
30 34 60 -1.319
34 21 6 0.999
45 3 88 -0.570
37 19 81 0.739
31 15 81 -0.544
21 15 0 0.631
11 36 106 -0.825
14 38 74 -0.933
39 16 86 -0.376
38 11 9 0.398
23 27 39 -0.085
32 23 42 1.847
35 17 11 -0.698
38 10 83 0.505
12 34 69 0.115
29 18 59 -0.626
36 13 46 -0.725
11 25 105 5.824
15 33 142 4.112
11 32 30 -0.776
18 20 141 0.641
29 19 22 0.640
28 12 82 -1.009
20 25 2 0.137
11 30 69 -0.674
11 33 70 2.448
31 18 5 -0.098
24 12 0 2.067
32 22 80 0.147
39 11 90 -0.522
16 22 110 -0.232
27 26 99 -0.586
42 7 90 -0.006
8 26 107 -0.933
19 33 26 -1.154
44 5 126 0.141
43 14 124 -0.467
33 9 119 -0.587
41 9 92 -0.774
14 27 27 -0.968
23 23 4 -0.837
21 22 0 1.271
40 10 55 0.693
39 17 92 -0.943
37 9 50 -0.589
28 31 25 -0.571
20 34 64 -0.564
25 20 3 1.170
40 13 45 1.131
14 39 148 1.091
23 16 3 0.075
13 37 139 -1.166
43 7 15 -0.368
13 28 71 0.367
16 29 34 -0.477
34 22 20 -0.323
27 27 41 -0.103
34 19 81 0.374
28 31 59 -0.988
37 11 90 -0.468
26 31 25 -0.500
23 12 1 1.211
14 29 36 4.286
29 25 60 2.952
38 11 13 -0.438
41 18 88 -0.205
42 13 17 -0.412
15 32 67 -0.142
32 25 57 -0.098
26 30 99 -0.264
42 7 16 0.312
38 11 86 -0.593
30 25 42 0.518
20 28 37 -0.956
37 16 122 0.084
22 16 0 2.181
10 41 72 -1.073
18 32 38 0.112
40 16 129 -0.662
32 11 132 -0.976
14 30 105 1.695
39 11 16 -0.952
14 36 143 -0.092
36 14 127 -0.144
34 8 85 -0.114
32 20 116 0.067
38 16 85 -0.928
29 16 58 -0.255
13 27 33 0.175
34 17 93 -1.107
41 10 123 0.115
35 5 44 -0.812
23 23 5 -0.227
30 21 21 0.860
42 8 16 0.130
12 30 144 -1.187
29 24 135 2.258
12 35 147 0.033
16 30 141 -0.243
15 32 103 1.613
21 33 26 -0.794
40 11 91 0.022
39 4 123 -0.327
17 30 37 1.277
12 42 112 -1.007
10 33 33 -0.749
36 12 82 -0.504
35 12 49 -0.533
38 15 80 0.466
20 29 28 -0.639
37 7 84 -0.696
19 26 31 -0.009
39 13 126 -0.293
10 19 31 -0.207
42 19 130 -0.598
32 21 42 -0.308
20 24 1 1.163
37 11 47 -0.639
24 30 4 -0.870
41 11 47 -0.487
33 26 120 -0.465
36 12 126 -0.943
40 13 52 -0.843
42 11 56 0.017
13 27 29 -0.861
29 19 23 0.176
41 18 129 -0.861
15 29 32 1.736
22 31 63 -1.078
23 36 137 -1.098
12 31 146 -0.424
32 19 59 -0.271
37 23 132 -0.047
41 10 129 -0.860
35 12 87 0.057
31 25 21 0.970
24 14 2 0.449
17 28 144 -0.881
39 9 124 0.195
27 23 117 -0.370
29 19 117 -0.842
23 26 26 -0.012
38 6 12 1.112
24 21 135 -0.054
37 7 131 -1.093
44 12 128 -0.557
33 25 57 -0.588
34 17 6 -0.316
40 14 129 -1.035
36 10 7 -0.503
15 23 141 1.051
8 39 102 -1.074
34 15 80 -0.340
22 17 0 2.333
15 25 64 3.272
27 25 76 1.413
30 23 42 0.745
25 24 135 -0.557
38 15 18 -0.418
15 33 27 -0.874
39 11 11 -0.766
14 33 0 -0.824
15 31 74 0.499
39 16 17 0.178
15 32 33 0.385
11 35 143 2.597
43 7 14 -0.307
13 27 31 -0.043
29 24 133 -1.135
11 38 145 -0.564
35 14 126 -0.905
20 20 3 -0.874
32 22 116 -0.490
17 19 73 -0.468
29 26 39 0.107
29 27 97 -1.133
30 17 10 -1.168
41 13 122 -0.094
35 20 81 0.714
35 14 46 0.054
14 28 37 -0.560
34 16 54 -0.978
29 14 5 0.362
15 31 148 -0.106
32 21 6 0.058
35 16 87 -0.572
29 24 115 -0.661
20 36 101 0.805
36 9 83 -0.330
20 31 149 -0.800
37 4 13 -1.214
37 10 131 -0.908
28 21 77 0.122
32 16 41 1.471
17 27 149 -0.442
11 44 139 -1.090
33 13 9 -0.321
20 28 149 -1.117
14 31 67 0.121
22 36 78 -0.902
12 37 145 -0.303
29 12 115 2.252
36 17 87 -0.535
43 13 91 0.130
11 32 145 -0.186
41 13 90 -0.190
38 11 46 0.374
22 37 62 -1.076
20 32 26 -0.814
19 24 111 -0.954
30 27 60 2.335
12 29 105 0.533
31 12 7 -0.379
23 29 113 0.169
27 21 26 0.597
23 29 24 -0.553
42 18 125 0.199
43 5 13 0.157
16 29 102 -0.620
28 23 41 0.498
11 27 66 -0.939
38 19 92 -0.530
38 15 53 -1.000
16 26 140 3.337
16 25 31 -0.202
36 11 47 -1.000
13 28 68 1.506
39 15 51 0.363
38 6 46 -0.295
25 31 23 1.473
35 9 11 -0.041
31 26 60 1.754
18 24 141 0.167
18 15 2 0.799
35 14 8 0.331
23 24 28 -0.618
28 29 59 -0.950
15 37 33 0.613
33 17 134 -0.708
38 10 131 -0.893
15 32 140 1.523
22 22 2 1.054
36 12 13 -0.930
32 18 43 0.404
25 21 38 -0.135
14 33 110 -1.258
43 9 51 -0.694
15 29 69 -0.642
12 31 67 -0.426
28 30 59 -0.904
35 9 45 0.281
38 10 53 0.372
40 7 54 -0.961
26 20 82 -0.812
7 35 108 -0.216
38 23 56 0.345
21 28 37 2.325
21 37 100 -0.524
31 20 41 1.535
16 24 68 1.053
29 18 39 1.578
35 6 118 0.594
20 25 26 0.781
19 26 74 -0.332
42 14 88 0.281
17 29 103 -0.667
30 29 22 1.169
32 14 10 -1.091
15 30 140 1.420
27 17 118 -0.074
14 37 106 0.238
14 27 106 2.431
14 31 105 2.679
43 9 49 -1.035
12 36 30 0.422
38 10 86 0.349
43 11 49 0.671
42 17 130 -0.462
14 24 31 0.089
25 28 62 0.869
25 31 26 -0.173
12 25 71 1.797
19 22 3 0.965
37 7 9 0.927
28 33 77 0.626
12 24 29 -1.158
13 33 69 -0.262
31 17 94 -1.157
20 29 65 0.467
13 38 67 -1.259
19 25 68 0.711
25 19 117 -0.166
38 14 10 0.730
18 29 31 -0.028
34 19 6 0.885
10 36 109 -0.479
23 13 3 0.432
11 38 147 -0.905
39 8 84 0.400
15 25 149 -0.381
24 34 62 -1.095
41 15 17 -0.332
18 34 101 -0.443
44 15 124 -0.985
40 10 84 -0.055
14 34 0 -0.838
42 17 52 0.487
31 19 40 0.271
11 27 144 3.868
15 26 33 1.027
14 37 68 1.170
39 11 13 -0.401
41 6 15 0.059
39 10 124 -0.302
30 21 117 -0.612
41 10 49 0.301
34 16 20 -0.117
39 13 15 -0.358
32 18 79 -0.078
20 19 76 -0.494
12 29 107 0.250
40 7 90 -0.618
18 28 113 0.854
20 35 26 -0.853
41 11 85 0.678
17 21 113 0.363
36 22 20 -0.445
14 31 146 -0.007
35 17 18 -0.906
17 22 33 0.808
24 16 1 2.311
33 7 47 -0.948
13 39 32 -0.822
14 30 29 -0.853
35 13 126 -0.879
40 15 17 0.414
25 21 3 0.534
40 15 129 -0.625
17 30 65 1.934
34 18 7 0.456
20 23 110 1.946
22 20 0 1.508
16 38 142 -0.934
37 16 18 -0.687
12 41 30 -0.491
11 45 139 -1.105
9 38 107 -1.090
18 22 138 -0.084
36 21 133 0.900
19 28 26 1.111
24 17 5 0.523
36 18 56 -0.104
30 19 5 -0.699
16 31 144 0.934
32 18 134 0.896
37 12 122 -0.068
19 32 149 -0.952
39 10 86 -0.157
15 33 149 -0.862
39 12 10 0.879
11 40 72 -0.546
28 29 136 1.087
15 31 141 -0.683
35 10 87 -1.100
22 25 38 -0.050
14 33 105 2.435
14 27 144 -0.796
22 38 100 -0.766
13 27 149 -0.341
22 33 137 -1.043
8 38 35 -1.134
40 6 14 -0.360
35 7 7 0.143
17 36 140 -0.297
26 21 78 0.097
27 23 120 -0.852
30 19 115 1.239
27 16 42 -0.086
10 33 30 -0.582
18 19 73 1.812
37 7 7 -0.288
11 39 30 1.603
15 31 110 -1.241
38 9 12 1.572
11 29 109 -0.555
14 29 111 -0.148
12 34 106 -0.465
36 5 18 -0.732
10 43 109 -1.122
15 34 70 -0.521
31 14 81 0.200
16 28 73 -0.929
40 14 128 -0.408
42 7 14 -0.601
25 24 26 -0.489
43 15 49 -0.459
23 28 27 -0.883
25 20 4 -0.445
20 21 75 1.735
14 32 149 -0.998
35 16 121 -0.384
19 29 38 0.362
41 11 52 -0.777
17 26 143 -0.969
41 10 18 -0.646
42 10 13 0.094
36 14 6 -0.563
38 13 93 -1.004
15 22 28 0.654
35 20 58 0.111
5 40 108 -0.171
11 33 108 -0.728
12 25 33 0.096
23 21 101 2.811
16 34 65 2.714
27 25 99 -0.648
16 21 27 -1.139
17 21 75 1.359
26 31 60 -0.917
16 37 0 -1.238
40 9 16 -0.711
35 14 53 -1.188
29 22 41 0.513
15 27 27 -0.769
28 23 136 0.002
38 8 49 0.139
37 15 89 -0.435
26 22 135 -0.966
22 23 101 -0.521
39 10 48 -0.430
37 24 121 -0.283
22 30 38 -1.016
30 18 43 0.330
12 35 35 -0.060
25 14 38 0.565
23 29 62 0.024
23 12 0 1.878
15 34 144 0.177
21 14 0 1.275
29 14 44 0.462
17 33 65 2.029
42 3 17 0.610
24 24 24 1.257
34 17 119 -0.649
37 16 9 -0.692
34 23 58 0.160
32 19 133 -0.306
13 26 106 1.322
15 30 33 1.322
42 16 17 -1.020
14 22 103 4.597
32 19 58 0.068
34 7 121 -1.008
20 31 0 -0.590
40 13 87 0.598
34 19 56 0.203
24 27 136 -0.873
36 17 120 0.119
36 20 18 -0.628
16 27 28 3.554
15 30 147 -0.680
20 22 1 0.717
34 17 96 -0.463
26 21 4 -0.195
36 9 10 1.426
41 12 15 -0.676
21 32 101 0.861
34 19 119 0.262
21 29 64 -0.203
33 18 91 -1.026
23 35 137 -1.093
27 27 116 1.751
20 29 26 -1.311
12 33 147 -0.185
31 20 96 -1.006
29 19 79 0.885
25 31 60 -1.158
18 34 64 0.965
39 9 11 -0.715
38 20 132 -0.363
25 24 5 0.394
27 25 59 0.108
38 19 86 -0.909
38 13 121 -0.658
15 36 144 1.791
36 17 80 0.225
14 33 70 0.088
35 24 119 -0.814
14 30 142 1.653
24 22 149 -1.087
25 31 79 -0.903
31 24 58 -0.686
29 20 79 0.599
36 11 130 -0.513
11 33 30 -0.470
17 23 33 0.794
39 12 17 -0.342
34 18 8 0.074
42 13 52 1.009
33 18 96 -0.271
25 25 62 0.545
34 12 46 -0.552
41 13 49 -0.996
37 20 18 -0.796
41 21 88 -0.295
20 17 2 1.317
31 19 94 -1.182
20 21 73 0.186
39 13 84 0.249
16 35 36 2.010
16 30 111 -0.686
26 13 116 0.410
30 12 44 -0.064
11 37 70 -0.286
18 19 110 0.636
17 27 144 0.478
32 28 134 -1.008
26 24 60 -0.203
38 7 124 -0.396
32 23 43 0.749
19 28 0 -0.128
16 30 75 -0.726
28 16 117 -1.050
12 34 68 0.588
18 28 110 -0.747
44 8 126 0.033
16 19 73 1.926
41 16 55 0.439
13 32 27 -1.126
33 10 123 -0.729
20 28 28 0.313
20 17 138 2.628
13 26 147 1.309
27 20 59 -0.772
25 30 4 -0.967
18 30 64 0.775
36 12 121 -1.001
16 26 31 0.105
18 24 110 0.791
37 8 50 -0.510
16 26 67 0.423
16 29 141 1.850
19 22 110 2.150
34 16 9 0.822
33 26 133 -0.057
13 30 103 2.942
35 20 18 -1.127
32 16 79 1.293
36 18 120 0.017
23 19 112 0.461
22 23 25 0.410
15 29 111 -0.874
20 30 27 0.500
30 14 116 1.032
17 35 112 -0.713
22 26 38 -0.168
18 36 37 -1.333
42 8 15 -0.527
9 39 108 0.355
15 36 148 -1.240
32 21 58 -0.084
32 26 58 -0.135
13 20 31 0.257
18 30 68 -0.384
37 18 120 -0.032
39 10 91 -0.924
42 12 90 -0.213
18 27 148 0.183
9 35 35 -0.732
19 27 64 1.171
20 24 64 2.329
14 30 74 2.499
38 8 9 1.038
15 27 104 -1.297
35 13 84 -0.267
14 33 75 -0.770
12 32 33 0.809
43 12 88 -0.514
31 27 120 -0.527
12 38 147 -0.460
15 24 29 -0.787
32 19 42 0.363
25 16 137 0.269
22 23 114 1.123
30 23 60 3.084
45 7 88 -0.355
12 30 66 -0.841
17 25 76 -0.806
28 29 26 -0.842
41 3 17 0.474
37 13 120 0.264
16 32 105 0.117
42 2 46 1.107
28 20 23 0.042
12 36 66 1.649
19 26 75 1.904
18 29 27 -0.563
13 36 106 -0.381
13 32 147 -0.518
13 40 142 -1.071
20 24 27 1.459
32 22 21 0.386
29 17 21 2.187
19 29 65 0.028
13 33 107 -0.473
33 20 134 1.296
40 15 130 -0.771
30 22 133 -0.686
31 16 7 -0.607
20 25 139 0.646
16 28 29 -0.777
42 12 91 0.547
24 10 0 2.136
37 8 18 -0.887
25 32 26 -0.564
16 33 148 0.630
23 34 115 -0.980
28 21 97 -1.140
13 40 143 -0.308
36 7 118 0.770
38 23 130 -1.135
41 15 54 -0.697
22 34 26 -0.702
31 9 79 1.702
20 26 138 1.814
41 5 13 0.914
11 22 105 4.432
20 40 138 -0.577
33 10 119 -0.299
13 33 143 -0.722
23 25 113 2.706
20 23 112 3.329
13 34 68 0.360
15 37 66 -0.929
38 11 53 -0.813
14 28 104 -0.194
20 30 64 1.040
30 18 22 0.281
14 33 66 1.603
14 40 143 -0.625
30 13 116 1.886
23 32 77 0.260
22 25 63 -0.299
40 20 88 -0.179
17 26 38 -0.330
23 21 112 0.801
29 26 40 0.014
41 12 49 -0.487
38 17 94 -1.144
30 16 120 -0.870
41 3 16 -0.780
39 18 92 -0.353
32 14 45 -0.739
37 10 53 -0.821
13 32 35 1.529
25 24 136 -0.703
36 20 120 0.028
32 17 134 0.395
26 27 41 -0.237
39 12 52 0.058
13 34 70 0.245
24 21 25 0.110
41 12 90 -0.120
24 27 114 -0.206
24 24 78 -0.267
23 21 139 0.617
36 23 132 -0.253
37 8 89 -0.597
33 19 43 0.560
34 20 6 0.192
18 22 75 2.133
15 31 146 1.187
10 38 72 -0.956
14 31 102 2.306
12 37 35 1.215
26 23 42 -0.455
26 13 44 -1.021
11 39 104 -0.633
39 17 122 -0.266
29 20 115 0.049
12 33 69 0.440
26 28 58 -0.082
37 9 47 -1.014
39 13 14 0.328
29 27 59 -0.885
30 24 21 -0.292
35 18 82 -0.566
16 30 148 0.541
31 16 42 -0.354
22 28 38 -0.727
25 31 62 0.382
20 27 63 -0.523
28 31 135 -0.089
13 34 105 1.034
36 12 12 0.068
21 24 101 -0.490
36 18 92 -1.126
30 14 117 0.939
40 11 13 0.203
15 33 71 -0.417
15 36 106 -0.244
19 31 112 -0.577
20 39 138 -0.736
36 21 6 1.526
28 19 60 -0.316
43 14 91 0.311
22 22 28 -0.908
43 9 88 0.758
33 1 7 -0.571
43 15 129 -0.187
35 10 46 -0.020
38 10 52 -0.719
41 0 12 -0.937
16 34 72 -0.807
40 10 127 -0.242
25 23 61 -0.518
39 8 86 -0.284
20 27 111 -0.970
16 33 66 -0.314
24 24 3 -1.121
17 24 74 -0.017
41 15 88 0.514
21 24 113 -0.056
24 34 25 -0.678
35 17 119 -0.455
36 14 82 -0.037
19 25 141 0.431
7 39 105 -0.898
39 8 87 -1.117
18 38 112 -0.848
41 17 55 0.434
20 25 37 3.687
15 28 112 -0.616
31 22 136 1.706
9 27 29 -0.762
27 32 23 0.152
37 11 18 -0.345
27 18 39 2.377
41 7 49 -0.193
19 21 74 0.389
11 39 66 3.244
18 32 27 0.180
13 32 105 2.313
27 24 114 1.078
13 28 74 1.689
28 33 96 -0.866
14 32 66 -0.743
41 8 127 -0.741
24 30 63 0.987
28 14 117 -1.016
8 40 145 -0.974
41 13 47 -0.030
14 25 141 -0.599
28 16 116 0.866
18 23 111 -1.075
36 17 20 -0.560
10 31 68 -0.819
15 35 103 2.058
24 26 4 -0.816
39 0 12 -0.875
41 6 14 -0.654
13 23 146 4.821
23 30 1 1.404
28 22 23 -0.728
22 18 3 -0.340
18 26 28 0.532
30 16 40 -0.086
38 9 9 0.538
30 22 134 0.992
17 37 72 -0.932
35 20 41 1.858
8 38 102 -0.848
39 8 91 -0.248
16 27 140 3.777
33 19 95 -0.935
28 13 4 0.268
36 12 89 -0.756
38 14 8 -0.107
31 13 7 -0.659
31 23 118 0.167
14 31 142 2.794
38 10 49 0.394
41 6 16 -0.196
17 27 102 -0.627
31 17 97 -0.585
25 32 23 -0.226
33 22 95 -0.030
41 7 90 -0.168
20 12 3 -0.910
12 36 35 0.703
14 27 75 0.336
27 24 61 0.690
11 34 69 -0.431
42 16 88 0.306
36 13 92 -1.013
23 31 137 -1.108
36 7 50 -0.763
36 14 54 -0.989
38 15 9 0.249
10 41 102 -0.642
33 23 133 -0.008
35 10 49 -0.872
28 15 118 -0.330
19 17 138 0.614
25 34 25 -0.546
36 17 56 -0.682
19 18 149 0.670
24 27 24 -0.493
10 37 110 -1.205
21 12 0 1.831
29 28 62 -0.383
39 10 15 -0.689
41 5 88 0.124
16 28 34 -0.213
35 20 57 0.505
10 34 69 -0.437
13 34 33 -0.480
16 27 31 0.030
32 22 81 -0.514
18 26 141 1.005
15 27 66 1.307
14 31 71 -0.759
15 24 144 -0.799
37 1 46 -0.262
31 18 118 0.462
34 22 97 2.250
24 22 136 -0.918
45 2 88 -0.231
32 20 6 0.354
13 38 111 -1.166
36 11 45 0.409
23 21 63 -1.216
40 8 90 -0.345
18 21 110 0.462
22 28 113 0.001
37 7 86 -0.970
22 24 4 -1.047
42 7 9 0.850
12 32 105 2.542
36 6 83 -0.384
31 16 79 0.972
26 20 61 1.777
21 26 37 2.475
36 9 8 0.526
27 20 40 1.974
39 15 9 0.188
39 11 86 -0.176
35 16 81 0.293
13 29 34 -0.625
14 36 109 0.050
37 14 20 -0.344
34 12 8 0.542
16 31 112 -0.650
9 41 107 -1.104
10 40 35 -1.244
43 14 49 0.041
37 15 92 -0.655
21 36 64 -0.883
31 13 79 1.230
32 16 20 -0.261
13 33 67 0.094
16 36 140 0.489
38 17 56 0.665
42 15 17 -0.849
23 20 26 0.518
29 26 23 -0.528
39 9 16 -0.849
12 30 109 -0.664
22 32 0 -0.415
39 3 131 -0.923
24 26 149 -1.043
17 37 113 -0.768
41 9 16 0.003
20 23 2 0.398
13 30 110 -1.012
15 30 66 0.085
13 26 103 0.956
30 28 98 -0.841
42 9 17 -0.117
40 7 46 -0.453
28 18 114 1.474
28 27 77 0.491
28 20 61 1.969
30 16 5 -0.229
31 18 96 -0.852
26 28 61 -0.391
41 10 122 -0.063
30 23 115 -0.465
37 9 123 -1.007
42 12 13 -0.231
12 34 112 -0.936
19 31 149 -0.850
13 33 35 1.289
30 26 58 -0.278
43 9 16 0.019
37 17 17 0.366
27 19 39 2.148
43 6 50 0.399
9 39 107 -1.113
12 30 143 0.579
19 34 73 -0.493
42 11 129 -0.061
25 25 100 0.800
25 25 24 -0.065
37 18 122 -0.561
35 26 94 -0.622
20 25 113 -0.226
13 24 69 -0.279
29 23 61 1.345
43 10 15 -0.387
43 9 50 -0.558
39 15 17 -0.178
30 26 21 -0.734
16 31 148 0.323
24 19 2 0.070
32 24 21 0.761
35 19 94 -0.861
27 22 134 -0.438
28 29 135 -0.234
32 16 115 0.336
17 31 111 -0.795
22 34 137 -1.150
42 19 125 -0.269
22 36 100 0.229
11 27 107 -0.822
14 32 75 -0.847
14 34 72 0.592
34 14 80 -0.533
39 5 84 -0.122
39 16 122 0.243
21 31 5 -0.511
38 6 123 -0.501
25 21 61 1.206
26 26 114 -0.054
13 25 147 0.358
14 26 36 3.059
25 11 82 -1.039
16 29 71 -0.132
25 23 79 1.010
43 15 91 0.160
16 29 111 -0.230
44 13 128 0.388
43 10 13 -0.127
30 24 43 -0.766
32 18 41 1.745
14 34 71 0.102
17 35 68 0.965
18 22 147 2.246
31 8 117 0.012
41 8 124 0.409
41 10 130 -1.146
41 15 53 -0.169
26 19 78 -0.926
28 29 23 -0.914
11 20 69 0.576
34 9 8 0.666
10 38 35 -1.103
28 22 77 0.669
33 20 19 -0.681
45 10 17 -0.593
20 30 65 0.092
25 31 39 -0.961
38 13 55 -0.175
29 21 134 -0.499
18 23 65 0.680
29 19 42 -0.772
36 10 83 -0.256
26 25 78 -0.072
16 30 34 -0.444
23 30 78 0.149
22 32 25 1.023
40 16 54 -0.160
24 33 77 0.114
15 24 111 -0.796
13 41 140 -1.013
40 6 126 -0.630
37 9 18 -0.512
38 10 51 0.185
23 28 1 1.651
10 35 30 -0.104
35 9 80 0.203
40 4 46 0.564
38 8 13 -0.851
13 33 104 -0.870
18 27 28 0.103
37 14 131 -1.017
29 23 43 -0.638
35 9 47 -0.621
33 15 9 0.355
21 11 1 0.148
13 33 72 0.190
35 12 48 -0.410
40 14 125 -0.099
37 14 53 -1.100
28 26 116 -0.427
15 34 102 -0.529
25 29 114 0.366
15 33 112 -0.813
26 29 137 -0.499
12 34 27 -0.890
14 35 141 -0.446
24 29 139 -0.555
34 15 134 1.011
18 21 64 2.754
29 11 115 1.600
26 28 39 -1.128
29 22 98 -0.943
33 26 22 -0.139
29 14 115 1.774
18 20 34 -0.133
37 14 92 -0.813
43 7 90 -0.381
32 17 121 -0.649
13 30 141 -0.002
22 33 79 -1.125
24 32 77 0.060
34 9 44 -0.722
42 17 129 -0.843
36 23 121 -0.632
15 29 66 -0.430
17 29 144 0.663
31 23 22 1.224
29 22 42 -0.266
40 9 49 0.204
18 31 1 -0.257
37 20 132 0.092
10 31 108 -0.780
36 6 118 1.527
28 23 79 0.745
35 23 57 -0.100
43 12 16 0.352
13 35 67 0.129
18 36 38 -1.099
16 38 147 -1.126
14 24 74 2.141
38 11 55 -0.781
34 12 123 -0.648
19 18 2 0.278
41 12 84 -0.310
38 11 56 0.292
14 29 66 0.646
34 18 80 -0.461
20 31 1 -0.861
17 32 65 0.825
30 25 115 -0.856
16 36 103 -0.576
37 18 87 -0.431
31 18 120 -0.699
22 28 138 -0.310
27 23 44 -0.701
26 15 5 0.934
40 12 129 -0.612
32 15 58 -0.066
40 12 54 -0.704
20 31 137 -0.325
32 25 43 -0.239
10 41 71 -1.042
37 8 12 1.330
39 13 51 0.344
35 8 50 -0.624
41 14 18 0.056
22 20 27 0.473
38 9 87 -0.649
37 7 11 0.505
36 26 120 -0.224
26 16 4 -0.264
22 35 115 -0.814
38 13 15 -0.445
22 26 149 -1.067
13 34 148 -1.225
38 11 48 -0.493
41 9 46 -0.011
37 13 122 -0.057
14 25 144 1.035
38 9 85 -1.034
41 14 125 0.132
31 25 135 -0.526
28 21 42 0.237
19 21 2 0.980
32 13 10 -0.804
21 26 28 -0.110
11 37 147 -0.522
42 11 53 -0.462
36 19 55 0.375
32 19 118 0.373
32 21 134 0.919
38 14 88 -0.401
35 14 134 0.454
30 21 136 2.147
25 32 114 -0.196
23 25 37 -0.276
15 29 75 -0.947
24 23 149 -0.946
22 19 0 1.713
34 7 11 -1.210
43 13 129 -0.212
19 24 65 -0.515
28 16 61 2.927
37 17 8 0.265
24 21 4 -0.965
37 16 92 -0.953
16 22 73 0.768
38 20 131 -0.916
27 29 77 0.398
17 24 141 3.178
17 24 27 -0.866
37 2 7 0.151
16 28 74 0.371
36 16 45 -0.140
13 30 144 -1.049
39 13 125 0.033
26 14 44 -1.046
29 36 96 -0.800
38 16 49 -0.846
13 39 112 -0.897
37 10 87 -0.032
23 22 76 -0.717
18 26 112 -1.060
17 24 37 0.715
29 16 5 -0.532
37 18 83 -1.036
14 32 148 -1.166
41 13 125 -0.532
23 23 26 0.034
25 26 25 2.473
17 24 34 0.273
40 8 16 -0.379
39 17 131 -0.131
41 5 14 -1.202
33 22 43 0.371
35 23 94 -0.620
39 16 92 -0.656
15 36 105 0.245
13 37 147 -0.979
8 35 102 -0.393
20 34 63 -0.411
38 8 51 -0.228
36 11 87 -1.045
38 9 56 -0.208
37 12 15 -0.870
40 12 91 -0.029
19 22 34 -0.265
36 17 10 0.082
38 11 131 -0.803
39 6 12 0.356
38 4 85 -1.237
32 6 123 -0.827
30 30 22 1.156
14 30 37 0.711
22 28 25 0.302
23 31 0 -0.959
19 15 75 -0.672
28 19 118 0.263
21 21 2 0.285
11 33 104 -0.739
39 19 55 -0.525
39 21 130 -1.062
28 21 39 1.587
14 31 34 -0.614
45 14 129 -0.243
36 21 94 -0.915
41 12 129 -0.578
19 35 113 -0.426
14 28 106 2.868
19 29 139 -0.156
24 18 114 2.704
40 9 14 -0.250
39 12 55 0.450
30 23 22 1.203
13 33 106 1.775
45 4 88 -0.105
11 38 107 -1.167
20 24 26 0.745
14 23 69 1.382
24 21 99 -0.514
13 38 106 -0.550
30 17 5 0.128
20 27 139 0.414
37 16 94 -1.243
11 23 107 -0.724
20 24 76 -0.106
40 9 50 1.191
6 33 102 -1.019
12 32 66 -0.569
31 24 94 -1.200
33 5 8 0.267
43 13 124 -0.378
14 29 68 -0.581
40 16 53 -0.325
35 13 9 -0.009
29 23 135 1.870
40 10 92 -0.816
20 33 64 -0.575
9 37 107 -1.075
39 10 47 -0.460
9 36 108 0.803
10 31 30 -0.879
21 24 76 -0.579
35 18 20 0.699
42 10 128 0.038
23 29 139 -0.136
5 47 108 -0.854
34 14 91 -1.233
34 26 57 -0.922
19 28 139 0.610
17 22 73 0.532
35 16 131 -1.020
27 19 98 -0.307
36 13 10 0.073
38 12 17 0.329
33 22 19 -0.556
17 32 72 -1.095
32 15 117 -0.201
37 16 57 -0.943
43 14 125 -0.359
18 32 26 -1.133
38 9 51 0.103
25 19 38 0.838
19 30 111 -1.056
44 5 14 -0.957
28 24 97 -0.652
27 21 39 1.294
15 34 110 -0.879
17 29 110 -0.811
35 18 41 1.270
35 16 95 0.939
40 20 55 -0.486
37 10 127 -1.151
38 11 43 0.120
28 25 77 -0.043
36 17 57 -0.181
36 9 18 -0.801
16 35 104 -0.776
11 39 109 -0.648
31 26 96 -0.657
10 32 109 0.104
13 30 30 0.835
31 16 5 -0.080
11 34 145 -0.243
29 19 5 -0.245
36 17 6 1.631
31 19 41 2.090
30 12 79 0.093
37 11 85 -0.666
11 42 109 -1.018
34 12 44 0.133
16 20 68 1.468
34 13 47 -0.279
30 25 98 0.590
12 38 145 -0.066
31 17 120 -0.678
26 31 79 -0.868
15 28 103 0.715
12 37 72 -0.429
39 8 51 0.075
16 25 70 0.082
17 31 144 3.192
30 25 135 -0.545
20 17 0 1.258
15 31 142 2.040
34 17 44 -0.657
31 29 96 -0.680
18 20 31 -0.144
42 15 93 -0.913
42 1 12 -0.410
7 33 102 -0.770
41 19 88 -0.511
35 20 6 -0.492
39 13 89 0.414
31 18 81 -0.352
11 35 107 -1.124
38 11 11 0.018
19 32 64 -0.678
22 25 26 -0.632
23 26 3 -0.800
15 28 144 -0.143
41 6 84 1.022
41 2 11 -0.763
11 30 109 0.203
38 10 87 -0.069
13 31 68 -0.690
43 13 52 0.509
24 25 136 -0.908
32 15 6 0.195
20 30 28 -0.709
20 24 3 1.300
23 32 24 -0.484
29 21 26 0.727
36 9 7 -0.164
20 21 2 0.691
38 15 123 -0.261
31 27 133 -0.783
32 23 44 0.032
40 18 53 -0.344
44 13 52 -0.342
43 11 46 1.463
25 27 5 0.480
16 35 68 -0.893
37 8 87 0.057
24 29 100 -0.427
18 31 139 -0.365
38 12 121 0.772
23 12 78 -0.890
30 14 77 3.083
35 19 122 -0.371
37 4 18 -0.827
15 33 103 2.250
38 3 123 -0.962
34 18 57 -0.277
25 25 114 1.161
41 12 52 -0.200
16 31 113 -0.965
42 12 51 -0.286
31 12 117 0.678
20 22 63 -0.690
41 15 128 -0.320
18 26 27 0.063
14 28 31 0.218
12 25 107 0.343
41 4 16 0.393
39 5 15 -0.870
37 10 50 -0.545
40 11 51 0.436
42 11 124 -0.173
28 28 40 -0.449
12 21 69 0.938
41 13 11 -0.308
31 24 42 0.210
15 30 110 -0.986
16 25 28 1.547
34 9 9 1.502
28 32 23 -0.457
38 20 122 -0.531
39 10 92 -0.980
14 34 105 1.321
23 27 101 1.511
20 24 74 -0.320
14 35 106 -0.051
40 7 91 -0.396
27 28 26 -0.862
29 26 115 -0.951
34 23 57 -0.247
34 17 43 0.943
17 20 27 -1.149
11 39 145 -0.510
22 29 38 -1.139
31 12 115 0.826
28 23 98 -0.849
23 27 0 -0.446
33 15 43 1.026
37 17 131 -0.944
37 11 131 -0.966
41 12 48 -0.614
32 26 43 -0.125
38 10 47 -0.125
34 15 8 0.268
16 28 141 2.102
19 29 26 -1.201
24 32 23 -0.313
16 24 73 -0.226
33 24 95 0.220
20 20 2 0.030
22 29 37 -0.617
17 26 68 -0.301
35 16 82 -0.057
39 13 18 -0.968
42 12 14 0.291
29 21 76 1.460
36 16 83 -0.629
18 33 137 -0.312
12 40 72 -0.642
38 20 94 -1.190
38 4 12 0.485
33 16 8 -0.536
37 12 127 0.169
13 31 105 0.918
19 20 31 0.414
44 7 17 -0.570
39 16 128 -0.639
19 25 38 0.175
34 9 119 -0.076
39 8 50 1.121
23 35 23 -1.053
13 31 36 0.949
25 29 101 0.962
12 39 105 -0.155
14 37 149 -0.919
26 30 136 -1.198
34 18 47 -0.979
38 10 9 0.530
42 13 16 -0.365
23 25 0 -0.917
18 30 38 0.884
23 35 115 -1.031
42 8 14 -0.400
17 36 69 -0.733
33 10 44 -0.495
21 30 75 0.288
16 33 144 3.025
32 22 134 1.121
34 25 58 0.226
17 41 137 -1.157
19 23 110 0.266
43 18 128 -0.470
38 11 129 -0.582
11 37 104 -0.347
18 26 64 1.307
22 23 38 1.511
27 19 23 -0.546
13 26 36 2.924
18 25 141 -0.150
26 13 3 0.137
41 15 11 0.640
11 43 146 -0.397
34 15 54 -0.922
40 8 51 0.095
40 12 128 -0.525
13 23 69 1.909
24 28 1 2.040
19 21 28 0.468
40 11 130 -0.595
13 20 68 -0.692
39 11 124 -0.976
15 36 109 -1.114
15 27 144 1.088
27 21 98 0.282
11 36 30 0.317
12 25 69 0.849
23 29 100 1.007
19 32 137 0.502
35 19 96 -0.038
41 15 52 -0.676
31 14 7 -0.034
32 22 118 -0.187
41 11 54 -0.676
19 25 27 1.558
20 37 137 -0.342
15 26 74 0.348
18 21 27 -1.063
14 26 103 2.440
14 30 141 0.304
12 40 109 -1.017
37 9 119 -0.425
31 11 119 -0.309
19 20 2 -0.378
15 21 34 0.040
16 32 142 -0.543
43 7 53 0.538
28 14 5 -0.386
29 15 22 0.648
10 28 102 0.062
22 20 114 0.972
10 35 72 -0.790
23 27 63 -0.494
21 20 112 2.544
34 12 85 -1.103
27 27 134 -0.376
32 19 117 0.339
25 37 77 0.631
16 23 1 -1.140
34 24 133 -0.743
22 26 4 -0.973
38 12 123 -0.683
25 25 38 -0.452
37 15 131 -0.935
39 13 45 0.917
9 37 146 -0.619
39 14 15 -0.391
36 22 130 -1.074
32 20 81 -0.147
28 18 39 1.941
16 22 27 -0.930
24 21 139 0.218
18 22 148 0.034
38 10 121 -0.793
40 10 83 0.993
26 19 22 0.457
30 26 23 -0.295
35 7 119 1.340
28 27 134 -0.453
36 15 57 0.044
12 32 146 1.047
29 32 60 -1.328
9 32 70 -0.856
21 22 2 0.861
17 33 139 -0.761
34 15 121 -0.305
9 43 102 -0.883
13 35 148 -1.113
29 27 135 1.571
29 22 96 -1.057
12 40 105 0.358
26 20 59 -0.114
33 21 96 -0.480
32 24 97 2.334
10 24 67 -1.063
37 11 54 -0.882
37 13 92 -0.956
20 35 138 -0.789
27 18 40 2.611
37 18 48 -0.755
17 28 137 0.209
27 17 79 -0.177
19 20 1 0.036
35 18 95 0.445
33 25 95 0.330
31 19 118 0.513
27 16 77 1.546
38 14 92 -0.509
24 26 24 0.026
42 7 52 -0.220
16 27 103 -1.144
30 29 94 -1.209
13 36 68 -0.821
43 7 11 -0.675
14 36 67 0.160
25 16 2 0.013
34 18 41 1.890
27 29 60 -0.691
20 32 99 -0.940
39 9 125 -0.713
13 40 70 0.143
10 40 105 -0.722
39 14 123 -0.297
14 31 147 0.465
28 21 136 0.292
26 27 23 -0.465
14 32 68 -0.509
34 12 124 -0.465
24 30 27 -0.537
31 17 41 2.094
20 28 27 0.871
40 14 83 0.583
34 11 124 -0.386
31 17 117 -0.190
29 24 61 1.965
13 40 30 -0.825
17 31 75 -0.919
41 7 127 -0.906
38 14 121 -0.336
44 12 52 -1.044
39 13 124 -1.047
24 27 62 -0.677
18 20 65 1.482
20 26 73 -0.630
20 28 137 -0.612
35 11 118 1.095
17 30 28 -0.499
28 28 135 0.197
29 27 39 -0.655
37 9 49 0.470
17 24 149 -0.064
39 10 131 -0.806
24 19 99 -0.846
11 38 30 0.395
18 23 110 1.360
40 16 11 0.115
20 26 28 -0.924
32 14 80 -0.140
12 35 32 0.449
33 26 59 -0.544
42 15 10 0.530
45 11 126 -0.094
41 10 50 0.462
33 19 6 1.477
38 12 87 -0.519
14 32 144 1.987
20 32 137 -0.412
35 16 11 -0.747
19 21 1 0.396
21 37 101 0.699
14 39 74 -0.901
37 9 7 1.457
33 23 80 -0.118
31 24 59 -0.325
18 29 102 -0.414
34 17 117 -0.235
8 32 146 -0.994
14 26 74 0.628
9 28 102 0.709
14 34 106 -0.782
41 13 16 0.019
31 26 59 -0.288
27 28 23 -0.708
13 36 29 -1.156
32 18 5 0.320
13 33 36 -0.117
35 11 47 -0.169
30 20 96 -1.037
35 17 57 -0.154
39 17 120 -0.130
22 19 112 1.506
12 34 105 3.008
15 26 29 -0.998
14 34 148 1.004
35 15 93 -0.935
16 36 72 -0.918
35 17 6 -0.029
18 22 31 0.013
22 19 76 -0.060
19 21 73 0.549
15 33 148 -0.464
20 27 26 -0.552
36 6 130 -0.674
10 29 35 -0.297
31 28 134 -0.987
36 22 6 1.665
30 20 61 2.875
13 25 107 0.774
25 17 5 0.971
16 24 110 -0.070
32 19 81 0.024
39 22 83 -0.959
30 23 134 -0.585
39 10 126 -1.120
33 28 133 -1.142
27 20 76 1.131
42 8 125 -1.028
35 12 89 -0.952
25 21 116 0.104
31 16 117 0.152
12 31 34 -1.018
27 27 136 0.058
20 26 65 -0.103
26 24 44 -0.652
22 36 138 -0.706
36 13 9 1.123
14 25 142 0.348
16 37 147 -1.107
17 21 34 0.609
40 16 13 -0.307
10 35 143 -0.949
28 21 44 -0.255
16 25 73 -0.901
29 15 44 0.396
41 16 53 1.154
35 11 119 0.602
30 23 120 -0.720
40 13 11 -0.600
22 35 100 0.191
40 15 50 0.264
17 34 36 2.355
14 39 105 -0.314
15 30 71 0.257
33 9 123 -0.828
38 12 55 -0.102
39 14 92 -0.641
16 30 104 1.617
15 29 33 1.465
42 12 88 -0.164
10 32 35 0.095
25 15 4 -0.210
21 28 28 0.080
13 28 31 1.076
10 31 29 -0.907
33 12 119 -0.745
17 20 34 0.224
28 27 79 0.488
17 27 74 0.204
41 12 16 -0.148
28 26 39 0.115
48 0 12 -1.106
18 25 139 0.939
44 6 52 0.115
37 13 89 -0.588
27 28 42 -0.435
31 19 136 1.518
19 31 101 -0.099
33 10 124 -0.793
17 36 36 2.302
41 15 126 -0.539
18 20 33 0.597
29 24 22 -0.068
27 23 62 0.278
40 14 55 0.337
15 34 142 -0.617
11 37 32 -0.097
20 23 101 -0.362
14 28 67 0.158
16 27 65 3.279
28 19 41 0.095
9 34 102 -0.674
35 16 8 0.658
19 32 1 -1.141
26 22 39 -0.646
39 15 48 -0.480
41 14 48 -0.564
16 29 74 1.417
17 25 33 0.535
15 35 141 -0.931
42 8 88 0.095
23 23 101 0.951
27 20 44 -0.799
23 14 3 0.059
42 15 52 0.329
38 17 128 -0.806
34 15 53 -1.172
14 29 144 3.591
33 11 117 0.172
41 5 84 0.529
39 14 55 -0.491
28 31 96 -0.958
13 34 29 -0.483
14 33 71 -0.251
35 20 133 0.429
28 24 23 -0.451
18 18 31 0.620
35 13 11 -0.641
35 23 58 0.223
13 24 29 -1.142
19 24 72 -0.861
14 37 110 -0.978
25 22 62 -1.285
30 17 22 0.386
33 13 117 0.560
13 38 139 -1.282
39 21 55 0.108
15 37 102 -0.823
22 25 139 0.705
33 18 56 -1.075
33 8 123 -0.968
14 39 35 -0.058
11 32 29 0.472
36 14 57 -0.569
38 16 8 0.503
12 30 29 -0.276
35 15 18 -1.135
12 28 107 -0.228
15 36 140 0.928
9 42 35 -1.198
31 19 5 0.182
26 21 59 -0.015
39 15 83 0.472
14 28 140 1.689
10 37 146 -0.726
17 21 110 -0.322
33 21 6 0.199
22 25 1 1.591
25 21 5 0.011
37 10 46 -0.129
37 14 121 -0.468
27 22 79 0.139
18 29 76 -0.530
38 17 93 -1.056
13 30 67 -0.929
36 9 45 0.079
34 15 119 -0.367
32 20 9 0.245
43 9 15 -0.345
42 8 11 0.105
32 18 133 -0.284
31 26 133 -1.090
28 15 82 -0.987
10 36 146 -1.082
31 24 44 -0.319
33 20 118 -0.207
38 14 86 0.250
26 17 3 1.238
16 32 75 0.081
36 17 8 -0.024
35 14 57 -1.083
39 14 93 -0.803
13 39 71 -1.159
24 30 62 0.227
26 16 82 -1.034
40 7 92 -0.268
25 28 4 -0.956
13 37 36 1.186
40 10 125 -0.384
28 24 21 -1.094
28 17 116 0.752
26 23 76 1.438
12 32 30 -0.142
38 12 49 -0.271
31 15 119 -0.583
33 15 7 0.547
14 29 142 1.798
14 38 143 -0.450
20 18 139 2.238
36 21 19 -0.128
32 13 42 0.250
10 41 146 -0.853
30 22 61 2.531
37 4 8 1.270
36 12 47 -0.903
15 29 67 -0.816
16 28 1 -0.749
45 17 51 0.129
23 37 63 -1.066
12 30 107 -0.166
36 2 85 -1.195
28 15 22 0.376
18 33 33 -0.937
37 7 123 -0.730
15 30 36 1.189
33 26 95 0.448
12 27 66 0.885
13 32 32 0.068
23 26 39 -0.042
14 33 30 -0.979
34 13 82 -0.493
39 5 45 -0.303
15 25 104 1.234
23 20 3 -0.065
14 35 147 -0.413
41 15 129 -0.898
24 20 62 -1.035
35 19 45 0.416
24 22 63 -0.711
14 21 31 0.484
14 33 111 -0.169
26 15 44 -1.059
15 35 144 -0.767
41 9 83 0.538
17 30 29 -1.114
41 11 92 -0.610
41 10 13 0.218
25 33 77 0.967
33 12 117 0.828
27 21 24 2.377
14 35 71 -0.387
23 23 3 -0.639
27 26 60 -0.182
19 32 140 0.198
25 29 115 -1.126
38 11 123 -0.494
25 15 5 0.898
23 26 135 -0.489
27 19 120 -0.626
14 34 29 -0.698
32 14 81 0.002
13 39 111 -1.045
37 12 45 0.667
16 31 103 -0.951
14 38 70 0.897
35 14 124 -0.399
16 30 144 1.177
43 9 17 -0.407
12 33 30 0.049
16 26 65 1.791
36 4 7 0.389
41 7 16 -0.524
13 36 70 1.069
11 31 35 0.165
40 15 46 1.608
41 12 55 0.749
37 15 48 -0.655
42 8 51 -0.490
40 10 49 0.332
27 25 120 -0.788
39 8 14 0.102
11 37 67 -0.886
13 29 144 0.856
31 12 4 0.428
39 14 91 -0.439
35 16 19 -0.492
27 25 78 -0.122
19 35 26 -0.791
24 36 114 -0.693
21 23 139 1.145
31 5 82 -0.587
11 37 146 -0.629
33 17 42 0.708
19 23 31 -0.342
14 33 144 2.501
22 21 114 1.577
38 12 132 -1.019
20 32 148 -0.643
41 16 54 -0.181
29 12 44 -0.357
38 17 129 -1.043
37 14 8 0.417
17 32 36 2.230
37 3 13 -0.890
39 15 11 -0.462
35 17 133 0.362
36 5 8 -0.107
35 16 58 0.494
40 11 127 -0.323
42 16 51 0.741
39 15 47 -0.049
22 28 2 -0.719
26 16 39 1.085
34 19 19 -0.424
30 20 41 0.404
33 7 123 -0.971
38 6 18 -0.206
24 25 0 -0.996
26 32 61 -0.777
9 44 105 -0.732
26 11 4 0.704
28 25 135 0.703
12 34 67 -0.915
38 9 18 -0.849
14 39 32 -0.858
20 29 23 0.090
43 10 129 -0.139
41 15 124 -0.924
29 14 97 -0.767
37 10 124 -0.513
34 15 83 -0.525
13 39 105 0.449
42 12 49 -0.338
11 37 71 -1.206
13 39 68 0.159
36 15 8 0.140
41 15 18 -0.036
30 19 134 -0.828
33 21 95 -0.045
38 7 54 -0.803
10 35 32 -1.031
23 34 25 0.619
12 35 143 0.537
37 12 126 -0.790
13 32 34 -0.547
31 17 116 0.331
13 37 71 -0.930
20 25 112 3.020
14 34 66 -0.117
14 30 104 -0.980
27 22 41 0.130
19 26 148 0.305
13 24 74 2.933
31 17 21 1.728
42 8 92 -0.004
21 19 2 1.647
24 22 139 0.982
32 18 56 -1.101
28 30 23 -0.479
20 24 38 -0.640
21 19 0 2.239
43 3 12 -0.994
41 15 13 -0.067
31 13 116 0.127
38 11 83 0.140
40 12 16 -0.629
20 30 149 -1.190
22 25 114 1.090
15 37 103 0.309
20 18 27 0.141
33 19 80 -0.570
10 27 105 2.400
35 15 11 -0.703
37 20 56 0.434
17 29 26 -1.253
34 15 20 -0.618
11 43 147 -1.059
12 33 66 -0.819
15 25 1 -0.960
41 10 127 -0.384
20 27 5 -0.279
16 29 70 -0.709
19 26 28 0.375
39 12 86 0.202
15 24 149 -0.036
19 28 63 -0.434
13 33 66 -0.651
30 13 40 0.833
9 31 143 0.194
30 11 44 1.067
14 34 30 -1.039
30 27 94 -1.258
23 11 1 -0.485
40 14 130 -0.485
40 7 125 -0.767
18 31 38 0.109
25 22 59 -0.078
37 17 81 0.444
22 31 78 -1.059
27 21 120 -0.660
41 19 91 -0.705
38 13 83 0.948
36 14 83 -0.208
32 8 123 -0.895
20 29 63 -0.612
44 5 15 -1.029
15 29 149 -0.397
31 24 97 1.256
27 27 25 -1.176
16 38 0 -1.231
16 35 67 -0.886
40 8 47 -0.121
16 23 140 2.176
24 30 23 -0.006
23 26 137 -0.644
13 32 106 -0.934
25 27 114 -0.055
21 25 75 0.600
15 33 74 -1.073
27 21 115 -0.861
29 20 116 0.392
15 27 72 -0.106
19 27 76 0.391
34 14 9 -0.480
26 29 23 -0.739
18 23 76 0.109
17 21 73 -0.149
26 26 60 -1.166
20 27 27 1.440
11 26 66 1.254
29 26 134 -0.219
35 14 131 -1.056
34 24 58 0.167
42 7 46 0.031
15 36 36 0.493
38 16 121 0.090
39 13 87 -0.410
40 11 86 0.995
37 10 49 0.129
9 43 105 -0.721
13 30 36 -0.411
30 14 4 -0.091
17 29 28 -0.752
25 32 99 -0.698
9 33 107 -1.140
36 19 20 1.058
29 24 42 -0.435
18 24 112 1.158
22 15 138 2.566
19 35 64 0.804
41 10 92 1.391
35 19 118 0.431
17 36 68 1.279
21 27 138 0.180
30 21 5 -0.935
37 16 46 -0.529
36 9 118 1.114
26 23 61 -0.743
30 22 22 0.616
23 25 100 -0.055
15 37 109 -1.087
34 10 8 0.883
40 12 50 -0.780
14 40 29 -0.704
35 18 57 0.213
30 28 21 -0.853
17 42 137 -1.130
35 22 80 0.843
28 14 116 1.127
40 10 13 0.149
24 21 98 -0.259
14 26 66 -0.441
25 29 62 1.088
36 20 19 -0.403
23 37 77 0.231
9 38 32 -0.768
37 15 132 -0.793
15 32 36 2.410
16 38 33 -0.353
38 15 89 -0.152
15 25 144 1.332
28 16 59 -0.907
25 23 5 1.042
27 23 77 0.646
43 19 130 -0.838
11 35 105 -0.661
22 29 24 -0.440
39 15 91 -0.279
22 36 63 -1.069
42 6 17 -0.689
28 28 116 -0.774
39 12 126 0.323
18 28 68 -0.396
38 9 90 -0.878
12 21 71 0.925
18 20 113 0.644
11 35 32 0.049
28 27 136 1.235
21 32 26 -0.503
34 26 43 -0.066
36 6 45 0.386
32 28 22 -0.196
33 22 58 -0.396
12 33 67 -0.599
15 25 70 0.102
16 24 28 1.375
19 29 76 -0.357
35 18 6 1.203
12 33 146 0.624
39 10 51 0.106
23 29 61 -0.627
13 22 29 -0.937
39 8 90 -0.208
39 5 12 0.336
11 24 105 5.286
40 14 86 -0.765
41 13 51 0.067
42 7 53 0.204
16 30 1 -0.882
33 17 81 0.093
32 23 57 -0.123
27 31 23 -0.681
12 33 35 -0.331
15 33 36 0.942
21 27 113 -0.760
29 23 115 -0.429
10 29 72 -0.365
29 22 97 -1.134
21 35 99 -0.777
37 16 91 -0.915
36 22 120 0.091
23 23 114 2.156
34 20 7 0.236
34 14 7 0.573
39 13 92 -0.972
39 3 12 0.560
19 34 26 -0.900
18 37 67 -0.906
14 39 33 -0.485
12 36 108 -0.730
41 17 130 -0.505
36 15 131 -1.035
28 24 39 0.408
30 16 41 0.762
21 25 101 1.045
18 25 38 0.364
39 11 50 1.689
28 28 25 -1.135
33 22 80 0.084
14 26 144 1.916
16 32 113 -0.986
27 17 39 1.713
41 14 91 -0.576
32 16 116 -0.401
18 23 34 0.004
12 37 109 0.168
25 10 44 -1.058
37 21 19 0.839
19 23 69 0.733
29 23 79 0.417
29 16 117 -0.621
23 13 0 2.636
19 28 100 -0.506
19 33 137 0.400
19 30 64 1.004
28 17 78 1.438
17 28 29 -1.177
38 18 122 -0.374
15 36 0 -0.866
34 22 96 -0.117
15 31 104 0.102
41 11 49 -1.190
18 27 69 0.508
28 15 114 0.856
30 23 97 -0.868
37 12 18 -0.657
37 12 53 -0.758
39 13 11 -0.658
25 21 135 -0.136
14 44 111 -1.250
38 15 8 0.810
12 31 72 0.269
10 35 109 -0.009
38 11 90 -0.658
40 11 54 -0.680
17 30 64 2.452
32 22 97 0.197
15 36 66 1.743
35 24 95 -0.316
14 37 111 -1.119
30 18 134 -0.771
32 27 134 -0.886
36 20 56 0.182
31 25 58 -0.313
41 8 50 -0.268
28 24 60 -0.357
15 32 70 -0.405
36 10 50 -0.637
19 28 111 -1.013
17 31 70 -1.081
26 14 116 -0.199
32 23 134 0.151
38 17 8 0.814
30 17 80 -0.442
30 21 95 -0.486
41 11 50 0.806
41 7 124 -0.235
34 0 82 0.106
29 28 135 -0.220
29 35 60 -1.293
22 32 99 -1.002
34 15 18 -1.039
38 8 12 1.290
34 19 57 -0.296
40 4 16 -0.651
12 34 140 -0.072
28 23 23 -0.295
39 15 123 -0.973
15 27 142 0.913
14 19 73 -0.231
11 26 71 -0.230
23 36 114 -0.984
16 22 70 -0.047
36 15 89 -0.787
37 13 129 -0.934
13 29 106 1.756
33 21 21 0.010
16 19 34 0.563
41 9 14 -0.726
38 16 93 -1.103
24 21 82 -0.843
35 7 8 0.576
17 25 38 -0.082
41 11 18 0.003
15 25 28 -0.632
38 12 83 0.223
41 10 15 -0.729
23 36 23 -1.076
37 13 20 -0.785
16 34 143 -0.629
31 25 97 1.067
22 23 4 -0.974
13 37 104 -1.245
15 26 146 0.597
23 7 78 -0.958
14 32 106 -0.360
40 10 129 -1.038
45 13 91 -0.571
39 16 123 -1.185
15 17 33 2.356
12 32 109 0.279
19 23 26 0.411
17 25 144 -1.073
16 34 100 -1.198
36 22 57 -0.172
36 23 94 -0.417
37 14 18 -0.074
17 31 65 2.299
35 3 7 0.359
20 25 1 1.087
22 29 25 0.183
27 15 115 0.491
20 23 0 -0.431
13 37 67 0.330
13 23 74 -0.157
20 18 110 0.176
17 28 102 -0.183
32 21 116 -0.277
27 25 98 0.664
38 7 86 0.365
37 19 92 -0.628
13 36 30 -0.799
16 36 113 -1.082
42 6 13 0.287
31 19 81 -0.313
42 17 88 0.078
20 23 138 0.461
23 34 23 -0.775
24 22 76 1.536
15 26 34 0.783
38 20 133 0.633
27 25 44 -0.572
38 13 129 -0.366
38 20 86 -1.024
38 9 123 -0.663
16 37 68 -0.679
18 26 26 -1.190
31 21 21 0.712
21 28 101 -0.321
36 16 49 -0.512
36 11 123 -1.065
26 24 114 0.500
14 34 68 -0.457
12 35 106 2.973
37 19 18 0.145
25 29 135 -0.620
22 29 113 0.002
36 18 83 -0.480
34 14 8 0.139
15 39 0 -0.874
40 8 13 -0.118
37 10 15 -0.931
16 38 72 -1.051
27 24 25 0.335
13 20 34 0.509
21 18 75 -0.243
40 14 88 -0.402
35 2 85 -1.189
37 16 83 0.495
32 26 21 0.182
41 14 46 1.466
39 12 124 -0.262
19 29 37 -0.609
14 32 110 -0.980
30 21 134 -0.825
15 30 69 -0.606
37 1 131 -1.088
17 28 27 -0.719
21 34 138 -0.292
42 8 50 0.427
31 15 120 -0.546
41 17 125 -0.042
36 5 118 1.222
38 12 92 -0.838
38 12 11 0.829
18 29 113 -0.838
14 36 68 1.181
33 21 43 0.225
40 13 50 0.699
14 36 140 -0.379
16 36 75 -0.789
38 14 93 -1.057
37 8 16 -0.391
26 16 3 1.368
31 20 6 -0.219
13 41 105 0.298
42 11 90 0.068
13 35 29 -0.539
22 25 2 -0.669
17 24 63 -0.848
37 17 20 -0.373
16 37 113 -1.055
16 28 32 -0.005
29 13 39 1.891
12 31 71 0.364
22 37 99 -0.766
23 24 76 1.032
16 34 105 -0.690
19 28 28 -0.635
37 8 127 -1.013
20 36 64 1.071
21 30 26 -0.797
29 23 59 -0.327
37 10 12 -0.008
37 22 6 1.752
32 19 134 1.412
19 26 63 -0.619
14 27 74 1.195
31 6 79 2.171
38 12 85 0.104
34 17 82 -0.787
11 36 110 -1.229
13 33 34 -0.771
11 31 143 -0.164
35 19 7 0.366
31 19 116 0.455
20 24 113 1.295
21 26 26 0.252
27 9 119 0.277
28 20 42 0.198
26 33 23 -0.812
16 27 27 -0.582
10 38 107 -1.155
33 19 42 0.722
14 22 110 -0.607
20 31 73 -0.859
23 27 78 -0.389
37 4 131 -0.942
11 35 71 -0.843
29 24 136 0.254
31 25 41 1.473
32 14 121 -1.210
34 17 10 0.189
14 34 36 1.452
24 33 23 0.039
11 34 106 -0.760
41 10 83 1.341
35 10 121 -1.098
26 8 4 0.986
25 32 77 0.688
41 13 123 -0.378
40 2 12 -0.086
31 15 21 0.413
22 38 114 -1.109
28 25 39 0.182
39 21 19 0.203
11 26 67 -1.213
37 13 7 -0.214
29 24 98 2.775
31 15 118 1.277
29 21 42 -0.357
29 21 61 1.613
31 10 4 0.356
38 12 86 -0.213
28 22 118 0.015
43 10 127 -0.338
11 28 143 0.805
11 40 65 -0.541
30 12 115 -0.123
29 12 40 0.673
39 10 90 -0.611
38 22 120 -0.008
40 14 122 0.108
23 22 113 2.817
37 15 8 -0.380
35 11 48 -0.135
19 30 73 -0.979
38 8 11 -0.219
17 29 143 -0.611
40 5 15 -0.215
16 27 104 1.442
29 22 115 -0.519
14 32 69 -0.174
31 22 6 -0.316
16 21 31 0.335
22 15 1 -0.172
42 3 12 -0.740
14 39 112 -0.870
7 35 35 -1.045
25 27 59 -0.693
31 28 58 -0.355
36 17 45 1.017
37 11 48 0.114
14 30 146 0.070
36 1 131 -1.041
41 11 51 -0.334
15 37 140 -0.003
25 30 136 -0.773
41 14 13 0.086
38 6 15 -0.033
28 6 44 -0.989
34 12 10 -0.459
28 22 134 -0.736
24 14 0 1.452
40 13 53 -0.255
43 10 49 -0.431
43 12 49 0.327
17 38 112 -0.821
43 13 125 -0.188
43 7 50 -0.234
32 16 5 0.075
42 9 128 0.107
18 28 38 0.423
14 32 140 0.837
40 10 54 -0.783
16 40 140 -0.045
14 33 104 1.334
18 33 102 -0.100
24 23 26 -0.492
39 6 16 -0.675
34 22 6 0.370
12 42 109 -1.176
35 9 9 1.351
18 33 37 -1.187
24 14 1 2.671
11 21 105 3.952
17 22 113 0.634
44 7 88 -0.536
29 26 98 -0.871
26 17 2 -0.484
11 36 107 -0.571
34 24 19 -0.506
23 25 26 -0.224
20 24 25 0.438
27 26 135 -0.640
25 18 76 3.010
32 20 40 -0.335
38 9 13 -0.347
25 11 116 -0.340
38 16 11 -0.426
26 18 60 -0.729
30 11 79 -0.543
41 10 14 0.801
41 12 47 0.016
21 29 138 -0.022
40 16 86 -0.084
23 32 100 0.365
19 19 64 0.344
31 25 6 -0.434
11 30 65 -0.135
27 21 97 -1.116
