42 18 125 -0.313
36 14 57 -0.701
15 37 112 -0.316
41 14 128 -0.750
23 23 62 -0.607
23 25 136 -0.673
14 36 144 -0.391
6 41 108 -0.536
18 29 1 1.438
23 25 78 -0.210
37 7 7 -0.164
36 6 83 -0.728
36 18 87 -0.515
33 16 8 -0.424
38 15 9 -0.192
32 15 58 -0.576
41 11 18 -0.520
15 32 104 0.674
26 8 4 1.205
22 19 27 0.345
20 24 26 1.519
15 34 104 0.239
31 19 22 0.351
11 36 106 -0.184
28 15 22 -0.302
37 17 92 -0.600
26 26 62 -0.054
25 22 61 -0.234
27 21 82 -0.582
27 26 62 -0.292
31 27 43 -0.538
28 16 42 -0.210
26 25 61 -0.488
25 22 79 -0.288
14 31 67 0.597
14 27 27 0.759
16 36 137 -0.527
15 33 112 -0.358
21 26 5 -0.088
31 8 117 -0.717
42 9 92 -0.645
41 10 47 -0.536
27 23 62 -0.591
15 37 109 -0.317
24 26 24 0.648
17 33 33 1.419
43 6 50 -0.470
29 27 21 -0.532
39 8 84 0.102
35 17 85 -0.747
26 22 61 0.023
21 23 27 0.087
12 30 34 0.028
35 13 9 0.550
17 35 38 0.521
33 24 80 -0.436
26 20 97 -0.622
24 30 99 -0.708
12 30 147 -0.052
23 34 62 -0.250
32 16 6 1.408
14 37 74 -0.040
36 9 8 0.508
17 19 1 -0.252
34 13 47 -0.154
35 18 19 -0.393
35 3 7 -0.164
14 25 141 -0.325
22 20 136 -0.685
37 16 57 -0.548
40 12 49 -0.535
30 28 22 1.262
17 33 103 -0.307
12 34 35 1.176
39 14 17 -0.382
19 35 65 0.023
7 35 145 -0.604
32 24 133 -0.750
38 22 132 -0.662
23 24 4 -0.367
34 21 6 2.034
32 24 97 -0.435
41 9 16 -0.387
24 29 62 -0.607
16 31 36 3.340
29 21 117 -0.706
18 34 149 -0.490
27 22 39 2.217
40 8 13 -0.438
41 13 51 -0.541
35 16 58 -0.547
40 17 55 -0.477
15 29 68 0.000
32 17 44 -0.236
26 24 97 -0.738
40 10 127 -0.747
15 32 148 -0.552
33 17 42 0.315
29 22 135 -0.736
13 26 33 2.490
14 30 103 -0.554
34 20 95 -0.518
18 37 64 0.607
13 31 109 0.506
18 22 138 -0.540
21 22 139 0.238
16 38 147 -0.577
40 14 131 -0.732
30 13 116 -0.449
25 32 23 -0.230
31 17 44 -0.191
39 7 15 -0.359
13 21 71 2.948
35 15 11 -0.396
40 10 51 -0.611
27 17 39 1.515
24 27 78 -0.574
36 19 132 -0.717
27 27 39 1.862
37 16 94 -0.750
40 11 51 -0.338
29 24 135 -0.659
39 12 91 -0.750
12 31 32 2.076
40 13 56 -0.550
18 23 73 4.279
12 29 105 -0.309
26 25 78 -0.670
37 12 9 -0.688
12 36 69 1.938
24 27 24 -0.510
41 8 52 -0.438
29 27 136 -0.572
30 21 23 -0.397
11 36 65 0.575
31 13 116 -0.291
26 11 44 -0.237
41 3 17 -0.695
18 25 113 1.297
19 28 64 1.102
24 29 139 -0.675
43 12 125 -0.724
12 36 72 1.741
34 9 9 2.067
17 27 28 1.276
28 24 60 -0.707
20 30 27 1.789
27 29 39 -0.388
39 11 93 -0.460
20 29 101 -0.563
35 8 127 -0.750
37 21 56 -0.664
12 35 30 0.912
18 31 38 1.980
31 19 120 -0.743
18 28 139 -0.383
12 36 34 -0.140
18 30 28 0.692
28 18 114 0.014
14 34 72 2.078
12 33 147 0.519
30 23 58 -0.650
22 17 0 2.477
37 13 45 0.068
16 31 142 -0.018
12 33 30 2.453
29 18 39 1.546
39 11 11 -0.307
36 23 20 -0.607
38 20 122 -0.525
37 8 127 -0.750
27 28 61 0.025
37 15 46 -0.740
23 19 112 0.197
42 3 17 -0.681
36 6 7 -0.152
28 21 77 -0.562
27 29 135 -0.180
28 15 4 0.761
28 34 77 0.471
38 12 87 -0.584
36 25 19 -0.770
38 20 84 -0.476
34 20 57 -0.724
35 12 118 -0.505
15 29 75 -0.015
30 25 135 -0.733
37 14 46 -0.750
44 9 52 -0.659
12 35 34 0.203
34 17 83 -0.182
13 38 139 -0.686
17 24 31 0.580
38 13 57 -0.591
14 38 70 1.976
40 10 90 -0.750
36 9 47 -0.491
22 30 38 -0.292
17 24 110 0.954
42 16 88 -0.712
16 33 144 0.287
24 20 76 0.914
22 27 2 -0.343
28 22 59 -0.746
36 7 84 -0.582
27 31 99 -0.471
16 20 141 -0.422
19 26 74 -0.125
33 23 133 -0.506
23 25 39 -0.136
34 20 10 -0.649
16 33 148 1.597
36 1 131 -0.728
40 16 129 -0.635
26 22 62 -0.339
41 4 12 -0.570
32 18 116 -0.641
27 11 4 0.976
19 35 26 -0.341
42 6 17 -0.675
41 12 55 -0.395
27 25 116 -0.085
10 29 65 0.128
19 35 148 0.685
18 34 37 4.737
31 30 97 -0.456
12 27 66 2.691
36 12 10 0.396
14 26 144 -0.196
16 33 109 -0.427
20 33 26 -0.405
39 12 13 -0.381
42 6 12 -0.442
25 19 117 -0.000
19 25 31 0.191
36 12 47 -0.598
15 25 141 -0.147
29 20 61 -0.419
21 32 26 -0.081
19 20 34 0.144
40 10 86 -0.747
21 34 63 -0.604
28 25 77 -0.622
39 12 84 0.461
34 22 57 -0.697
33 21 133 -0.712
20 35 65 -0.304
23 23 25 0.256
19 32 64 -0.148
40 16 13 -0.126
34 16 117 -0.750
36 17 120 -0.122
29 17 42 -0.188
40 13 11 -0.482
31 20 40 -0.070
15 30 69 0.468
18 25 147 1.012
42 8 91 -0.603
13 32 72 -0.300
37 10 131 -0.734
41 6 127 -0.728
17 30 104 0.242
26 28 39 -0.562
31 18 5 0.529
15 37 66 -0.409
25 19 99 -0.692
34 6 83 -0.750
38 3 12 -0.689
39 15 48 -0.671
40 13 17 -0.581
19 23 34 1.696
36 11 123 -0.750
37 13 56 -0.392
42 10 127 -0.741
24 19 76 -0.037
34 14 9 -0.527
35 17 41 0.430
16 27 37 5.173
20 16 31 0.163
13 40 142 -0.279
39 15 83 0.130
13 32 34 0.833
23 27 149 -0.470
39 7 131 -0.702
38 13 132 -0.583
25 23 3 0.121
41 13 18 -0.398
40 9 124 -0.632
38 21 84 -0.565
36 11 121 -0.478
35 25 94 -0.688
33 18 80 -0.462
12 33 68 1.774
12 36 107 -0.427
22 37 23 -0.707
25 24 114 -0.274
14 33 75 0.138
42 11 88 -0.381
12 42 72 0.214
32 23 40 -0.513
35 7 84 -0.743
17 23 141 0.273
35 23 95 -0.626
43 9 51 -0.583
15 23 74 0.678
23 27 25 0.285
39 12 90 -0.750
19 19 64 -0.059
22 32 79 -0.740
36 23 7 2.006
40 17 11 -0.206
20 26 0 2.428
30 23 23 0.003
17 28 144 -0.234
25 29 135 -0.601
29 13 39 1.765
38 9 12 -0.407
40 10 126 -0.698
16 23 34 2.574
39 17 93 -0.743
21 19 2 2.841
36 12 15 -0.695
18 17 138 -0.628
32 17 10 -0.390
41 7 124 -0.734
31 27 95 -0.351
25 32 79 -0.692
22 20 114 0.452
25 27 4 -0.682
36 17 83 -0.143
13 37 71 0.063
38 7 48 -0.612
9 31 143 -0.342
18 34 148 0.544
15 28 71 0.096
20 18 27 0.490
33 12 46 -0.568
36 7 11 -0.439
42 5 16 -0.266
36 14 49 -0.750
13 37 30 -0.216
16 22 29 -0.135
38 16 57 -0.189
28 15 118 -0.717
33 13 9 -0.546
23 30 78 -0.017
39 14 91 -0.747
36 13 85 -0.518
42 17 129 -0.708
11 31 102 1.124
13 36 149 -0.134
12 29 31 1.235
20 29 28 0.703
44 9 90 -0.750
39 3 123 -0.743
40 9 92 -0.750
33 17 81 -0.745
21 27 25 1.841
40 9 52 -0.370
36 23 19 -0.167
36 12 49 -0.682
26 21 60 -0.564
24 30 62 -0.254
20 23 3 0.414
29 22 39 0.105
23 22 76 -0.345
14 30 34 -0.453
15 36 0 0.816
38 8 12 -0.131
17 35 36 6.039
36 7 127 -0.750
13 40 105 1.058
17 24 73 4.115
37 13 132 -0.686
27 22 134 -0.659
35 19 20 -0.284
37 16 9 -0.541
32 27 98 -0.685
35 19 7 0.733
12 25 33 3.281
43 3 12 -0.592
17 22 113 1.337
25 35 77 0.802
13 27 149 -0.535
42 19 130 -0.574
43 12 52 -0.301
37 6 13 -0.683
16 24 111 -0.728
37 13 121 -0.744
12 32 107 0.139
12 38 147 0.816
22 20 27 0.876
34 18 86 -0.694
13 36 32 0.175
41 13 84 -0.648
15 31 111 -0.679
37 24 95 -0.663
25 21 5 -0.219
12 30 140 -0.396
28 23 98 -0.745
14 29 110 -0.638
22 23 4 -0.670
41 12 13 -0.695
26 25 149 -0.661
38 18 17 -0.553
31 23 94 -0.728
18 31 64 1.230
42 10 53 -0.736
28 21 135 -0.705
34 15 41 0.019
12 32 143 0.033
15 25 149 -0.495
21 35 99 -0.666
40 15 11 1.031
15 25 104 -0.379
39 10 84 -0.045
36 10 50 -0.254
28 24 136 -0.646
35 21 95 -0.582
14 34 0 0.914
33 14 44 -0.326
38 14 86 -0.285
26 17 2 -0.537
32 25 58 -0.561
32 29 22 -0.336
31 24 6 0.320
38 10 123 -0.575
14 26 146 -0.139
25 27 114 -0.336
29 16 58 -0.652
22 23 112 1.044
15 35 36 1.878
26 32 61 -0.040
21 30 64 0.052
35 18 47 -0.472
39 8 125 -0.750
32 18 118 -0.534
16 29 72 0.505
43 10 125 -0.729
25 27 79 0.281
40 7 89 -0.745
38 13 47 -0.281
21 33 26 0.110
15 42 147 0.102
16 37 103 0.930
38 8 84 0.353
38 12 49 -0.244
40 9 16 -0.665
19 30 149 -0.381
35 17 119 -0.624
25 23 61 -0.575
35 7 118 -0.490
43 7 126 -0.736
39 16 85 -0.399
20 26 3 0.458
28 20 61 -0.410
35 14 58 -0.645
44 9 126 -0.695
16 37 68 0.618
40 9 130 -0.736
18 33 38 0.792
36 23 94 -0.598
35 20 58 -0.213
28 23 136 -0.683
10 36 106 -0.138
31 22 118 -0.631
13 32 149 -0.402
25 21 38 -0.184
25 22 3 1.077
39 4 12 -0.475
25 30 0 0.066
15 33 67 2.413
38 3 84 -0.729
33 11 9 -0.680
24 33 114 -0.732
28 37 60 -0.750
36 13 83 -0.580
14 27 145 0.050
15 32 110 -0.538
25 31 39 -0.476
11 32 109 -0.380
37 10 87 -0.732
20 25 38 3.417
24 15 97 -0.747
12 30 142 -0.659
35 20 81 -0.244
19 22 64 0.942
41 9 83 -0.051
28 19 41 0.289
32 19 118 0.230
26 16 38 1.776
16 34 140 0.285
13 37 142 -0.123
10 30 35 0.649
25 28 62 -0.341
28 15 82 -0.747
24 18 137 -0.717
18 33 101 -0.393
36 10 47 -0.745
40 18 54 -0.555
37 8 15 -0.685
23 19 136 -0.750
36 20 57 -0.331
13 28 107 1.612
11 31 35 2.005
42 7 46 -0.180
16 20 68 1.850
16 27 34 1.986
37 22 6 1.408
19 31 137 -0.334
19 20 73 0.156
12 32 66 0.241
37 10 122 -0.156
41 11 86 -0.720
41 8 127 -0.681
11 24 67 -0.314
28 30 23 -0.375
39 9 129 -0.750
32 20 43 0.182
14 37 32 0.380
16 32 103 0.620
35 18 118 -0.045
26 19 22 -0.368
29 18 116 -0.038
30 26 60 -0.316
40 14 92 -0.670
37 14 57 -0.659
43 6 88 -0.741
38 8 14 -0.619
10 38 110 -0.743
25 25 100 -0.523
38 17 93 -0.747
20 30 64 0.394
16 30 32 0.423
42 18 91 -0.707
14 40 112 -0.230
41 15 52 -0.615
14 31 33 1.657
30 25 21 -0.249
25 34 99 -0.339
38 18 80 0.155
15 18 1 -0.620
31 16 133 -0.695
34 12 85 -0.748
42 17 52 -0.366
41 6 84 -0.191
18 18 2 0.084
32 16 9 -0.662
14 33 36 1.684
15 34 34 0.614
42 9 15 -0.556
32 24 43 -0.300
36 16 118 0.102
24 14 0 1.781
16 28 34 0.601
31 18 6 0.115
29 19 43 -0.548
25 23 79 -0.118
42 13 16 -0.238
28 22 23 -0.229
30 22 59 -0.743
27 28 135 -0.379
15 35 140 0.112
27 18 5 1.994
34 21 93 -0.749
15 30 71 0.203
38 10 53 -0.724
28 25 39 0.064
39 18 94 -0.750
34 19 21 -0.579
39 8 11 -0.507
36 11 87 -0.750
26 23 42 0.073
30 22 41 0.247
27 24 61 -0.375
30 20 42 -0.081
45 8 17 -0.513
19 21 2 1.030
39 6 48 -0.694
38 19 93 -0.749
14 26 71 -0.593
25 33 60 -0.649
34 15 20 -0.513
21 21 139 0.157
14 39 142 -0.262
29 22 60 -0.514
40 6 14 -0.683
32 23 57 -0.692
40 6 126 -0.672
42 10 128 -0.744
44 13 127 -0.750
31 6 79 -0.227
16 35 103 0.159
13 36 106 -0.362
16 33 68 0.055
37 17 122 -0.472
43 5 46 -0.359
13 37 35 2.187
38 16 85 -0.682
29 24 115 -0.604
20 29 26 -0.548
14 31 146 0.319
20 27 65 -0.468
21 24 26 0.354
30 26 58 -0.665
31 19 118 0.263
18 25 65 0.379
34 5 8 -0.543
42 11 127 -0.748
43 9 52 -0.561
36 15 8 0.137
39 5 84 -0.200
21 21 2 0.203
43 13 52 -0.536
25 32 114 -0.321
39 12 126 -0.700
34 24 132 -0.742
43 12 53 -0.626
33 15 80 -0.458
14 27 74 -0.692
13 32 69 2.185
33 10 124 -0.750
33 12 20 -0.577
22 28 25 -0.221
16 37 148 -0.453
41 7 127 -0.750
39 15 120 -0.688
15 23 103 0.320
37 16 87 -0.266
15 28 110 -0.654
33 14 10 -0.356
34 22 6 0.503
11 26 71 0.128
39 22 94 -0.750
35 9 9 2.354
13 30 141 0.163
17 39 68 0.030
29 18 23 -0.206
14 32 141 1.180
24 15 114 0.405
36 19 55 -0.435
22 22 2 1.837
11 35 143 0.144
34 14 81 -0.425
25 29 62 -0.030
15 33 105 0.021
40 10 45 0.209
41 16 130 -0.732
39 9 83 -0.252
27 20 40 1.453
41 11 52 -0.469
40 11 126 -0.732
42 11 53 -0.726
36 10 10 0.271
37 16 121 -0.745
17 34 36 5.088
34 14 10 -0.145
37 19 133 -0.657
12 32 109 1.662
41 15 55 0.252
15 31 104 0.498
29 14 117 -0.733
12 33 109 0.391
11 42 146 0.863
18 20 141 -0.111
30 27 60 -0.327
9 35 107 -0.380
32 16 115 -0.586
39 11 130 -0.712
36 6 45 0.294
33 18 94 -0.750
41 19 125 -0.694
37 16 122 -0.561
16 21 28 1.565
25 25 114 0.232
19 23 28 1.636
19 31 63 -0.258
31 25 98 -0.399
18 32 65 -0.193
36 17 89 -0.750
33 8 123 -0.750
24 12 0 2.737
31 12 115 -0.560
38 12 89 -0.743
30 21 135 -0.750
20 31 64 0.250
37 10 85 0.083
31 19 6 0.144
12 27 141 0.310
26 16 39 0.883
39 12 11 -0.417
39 21 19 0.684
13 38 66 0.496
19 25 73 -0.711
13 32 67 1.425
40 6 16 -0.590
9 42 109 -0.083
32 11 132 -0.750
25 23 39 3.774
27 31 115 -0.685
24 38 62 -0.150
20 30 26 -0.350
20 37 62 -0.670
13 34 67 0.884
43 9 13 -0.639
15 33 147 -0.584
18 33 100 -0.643
26 23 59 -0.571
26 15 38 1.453
24 19 63 -0.536
25 29 27 1.460
14 22 34 1.310
43 10 15 -0.258
31 27 22 0.334
12 24 70 0.808
18 37 148 0.653
17 23 28 1.834
17 35 68 2.685
37 7 16 -0.690
24 31 24 -0.532
34 17 43 -0.013
25 37 77 0.960
19 23 31 0.534
37 13 80 0.041
13 38 145 0.161
10 29 35 1.762
13 31 143 -0.384
15 33 144 0.096
16 39 36 2.793
23 34 23 -0.365
15 27 34 2.010
35 13 84 -0.470
42 14 126 -0.565
39 14 9 0.094
31 19 94 -0.746
36 14 121 -0.603
16 39 137 -0.688
41 18 125 -0.565
19 33 37 0.510
26 27 39 0.107
35 15 43 0.322
31 20 44 0.072
22 26 2 0.583
29 18 41 -0.500
36 15 89 -0.708
15 26 34 3.082
22 19 0 5.670
19 22 1 1.411
41 8 51 -0.635
26 12 4 1.628
39 9 125 -0.740
20 25 37 5.038
32 16 79 0.302
40 6 15 -0.583
19 36 138 -0.441
42 15 91 -0.647
18 27 148 0.351
42 14 125 -0.283
42 11 92 -0.659
37 18 56 -0.676
42 11 49 -0.685
39 8 50 -0.577
14 35 143 1.139
29 22 118 -0.230
38 20 120 -0.360
35 17 6 0.182
19 26 26 -0.349
14 28 103 0.303
27 12 4 0.797
35 18 18 -0.716
40 8 47 -0.482
8 35 102 -0.412
13 40 70 2.194
34 17 5 1.412
37 10 132 -0.659
38 15 121 -0.588
11 34 35 0.752
37 17 7 -0.522
10 40 72 -0.550
29 24 23 -0.211
28 23 60 -0.516
11 30 109 1.508
42 12 46 1.360
18 21 147 0.920
27 29 60 -0.506
26 25 100 -0.311
23 25 25 -0.211
30 19 5 -0.352
31 19 44 0.344
38 11 84 -0.626
8 26 107 -0.354
28 16 116 0.733
17 31 143 -0.477
10 37 146 -0.472
15 20 69 3.378
19 31 140 0.021
26 23 100 -0.085
43 11 129 -0.703
32 4 123 -0.735
16 34 111 0.133
17 31 112 0.573
29 20 4 0.302
42 4 12 -0.479
35 17 19 -0.417
33 19 119 -0.430
26 28 24 0.232
24 31 26 0.701
38 16 83 0.076
16 38 33 1.575
13 27 29 0.246
32 18 9 -0.602
9 40 35 0.206
18 22 28 1.376
25 21 116 -0.332
16 34 36 5.232
31 27 59 -0.726
29 17 5 0.160
19 26 73 0.439
41 10 53 -0.721
38 19 56 -0.179
35 21 20 -0.417
33 17 56 -0.709
34 10 8 0.167
34 11 47 -0.203
15 31 103 -0.209
5 47 108 -0.548
22 22 3 1.029
10 32 106 -0.698
30 28 41 0.687
39 13 17 -0.628
26 18 3 1.433
27 17 118 -0.635
12 37 66 2.355
30 23 94 -0.750
16 23 1 -0.695
31 27 60 -0.595
16 28 70 0.751
22 16 76 0.123
36 6 84 -0.543
39 13 86 -0.660
31 15 118 0.216
16 23 74 0.067
16 26 65 0.149
32 21 118 -0.435
41 11 54 -0.625
21 19 63 0.298
16 35 100 -0.738
11 32 147 -0.204
43 7 15 -0.648
33 26 95 0.027
14 39 112 -0.236
10 21 67 0.306
32 19 59 -0.491
39 10 124 -0.489
37 12 89 -0.743
35 12 10 -0.544
38 16 56 -0.234
36 9 83 -0.728
34 19 18 -0.693
28 29 135 -0.732
39 19 92 -0.750
16 36 72 -0.037
34 20 80 -0.402
24 31 99 -0.732
16 35 74 2.110
23 26 2 1.265
13 33 69 1.107
20 27 137 -0.580
25 16 116 -0.492
41 9 46 -0.343
20 32 148 -0.037
18 33 137 -0.472
34 16 120 -0.637
37 16 18 -0.479
19 21 73 0.714
21 24 0 3.279
19 32 1 -0.038
10 42 71 -0.527
42 8 13 -0.118
20 33 137 -0.657
26 29 60 -0.551
37 16 132 -0.692
18 28 1 0.664
16 33 66 0.379
31 17 77 1.395
31 16 42 -0.475
17 26 143 -0.643
18 22 64 1.827
31 27 58 -0.693
18 34 73 0.209
41 11 15 -0.285
13 34 141 0.107
35 18 95 -0.164
12 33 105 -0.221
19 31 27 0.457
12 34 66 -0.013
13 23 146 4.657
31 0 82 -0.748
33 26 133 -0.573
13 26 36 4.194
9 36 143 -0.482
25 28 135 -0.646
16 37 113 -0.670
35 24 119 -0.697
30 22 134 -0.422
36 21 20 -0.272
25 21 99 -0.743
23 20 38 -0.018
28 22 118 -0.075
27 24 42 -0.197
16 20 34 0.792
13 40 30 0.047
38 15 8 0.954
36 13 87 -0.508
16 31 148 1.553
17 23 27 -0.279
38 10 8 2.517
27 16 39 0.544
15 38 102 -0.498
39 12 48 -0.663
12 32 32 3.347
16 22 110 0.955
29 25 98 0.115
36 13 92 -0.670
12 36 109 1.802
43 9 15 -0.295
42 12 51 -0.702
16 25 73 -0.148
10 40 107 -0.422
41 6 12 -0.233
42 11 54 -0.750
16 23 73 1.338
21 16 0 1.785
18 25 37 2.538
42 11 50 -0.525
15 32 36 3.779
40 20 88 -0.350
33 26 120 -0.150
40 10 129 -0.737
40 14 45 0.360
23 25 28 0.434
35 25 95 -0.701
26 24 39 -0.087
15 34 0 0.083
30 17 96 -0.647
35 20 93 -0.750
23 35 25 -0.395
37 10 127 -0.748
15 38 103 1.460
37 16 84 -0.449
38 12 7 -0.491
34 14 8 1.110
15 28 144 -0.353
12 36 105 -0.309
32 17 134 -0.667
30 14 116 -0.494
25 21 98 -0.491
15 19 73 1.032
19 37 63 -0.336
35 16 11 -0.632
30 25 94 -0.750
14 34 32 5.445
18 36 37 -0.667
31 20 57 -0.750
16 35 36 3.370
35 9 47 -0.415
28 25 44 -0.698
32 21 42 -0.286
28 20 23 0.025
19 28 63 -0.200
17 36 138 -0.085
40 12 17 -0.659
21 30 149 -0.438
35 14 89 -0.750
23 28 5 -0.385
35 11 7 1.990
17 37 113 -0.649
28 22 44 -0.668
27 31 25 -0.491
26 23 62 -0.387
30 23 43 -0.709
17 21 110 0.690
27 20 82 -0.454
36 18 122 -0.736
11 25 33 3.225
36 17 19 -0.239
12 32 105 -0.482
17 21 34 1.706
26 34 23 -0.738
42 13 92 -0.513
40 14 86 -0.583
15 33 148 0.256
33 21 20 -0.157
14 32 148 -0.683
24 31 77 0.126
37 11 45 -0.209
29 19 117 -0.732
33 9 84 -0.684
11 30 143 0.232
11 34 110 -0.727
10 34 66 0.420
38 7 54 -0.611
38 19 83 -0.688
22 38 100 -0.703
38 13 128 -0.747
15 27 144 0.242
12 40 109 -0.068
36 20 133 -0.712
36 7 130 -0.750
19 21 38 1.588
24 21 82 -0.650
40 10 16 -0.585
37 16 45 0.817
30 30 60 -0.543
35 12 89 -0.749
27 29 25 -0.235
39 15 10 1.281
35 10 11 -0.686
37 3 85 -0.653
15 28 112 -0.279
25 32 24 -0.536
14 29 144 0.071
12 35 106 1.270
19 25 64 0.441
13 37 112 -0.169
18 32 104 0.186
16 24 68 2.147
35 14 132 -0.750
18 27 110 0.426
16 29 104 -0.043
14 38 71 -0.129
34 23 7 0.761
37 8 14 -0.387
20 23 25 2.080
39 10 46 -0.350
14 34 103 0.254
34 23 58 -0.513
35 13 47 -0.482
10 32 35 2.917
29 21 136 -0.693
17 24 65 1.171
14 36 112 -0.602
17 31 26 -0.362
24 22 149 -0.472
14 32 147 -0.126
18 32 101 -0.486
35 20 18 -0.795
30 21 77 -0.391
30 17 79 -0.559
16 29 141 0.750
15 33 141 -0.229
14 31 70 -0.472
41 10 129 -0.750
37 9 15 -0.695
18 29 37 3.708
13 39 142 -0.197
31 16 43 -0.435
43 7 50 -0.501
37 21 6 2.365
43 10 16 -0.571
15 31 36 1.701
30 24 94 -0.748
37 16 80 0.413
41 0 12 -0.562
33 23 57 -0.594
13 35 67 0.417
13 34 69 2.328
26 25 135 -0.248
28 19 118 -0.548
17 31 37 4.380
34 14 119 -0.146
7 37 71 -0.551
31 17 10 -0.575
42 6 15 -0.691
33 11 84 -0.482
14 37 111 -0.479
38 9 18 -0.667
38 20 94 -0.741
23 21 138 -0.600
31 22 120 -0.579
21 18 0 0.868
31 17 118 -0.425
14 40 67 1.922
15 37 149 -0.623
40 7 124 -0.727
36 21 7 1.492
33 16 121 -0.234
40 4 46 -0.709
16 29 29 -0.289
27 23 77 0.124
15 22 73 2.333
40 14 87 -0.362
39 11 121 0.154
19 23 111 -0.421
12 28 142 -0.477
33 5 82 -0.524
21 30 75 -0.451
39 5 121 -0.744
19 32 101 -0.464
26 18 61 -0.142
41 15 48 -0.718
12 36 35 2.259
10 32 32 2.268
14 21 31 1.976
32 5 119 -0.750
37 8 48 -0.747
32 18 81 -0.572
25 15 4 0.423
40 7 15 -0.493
34 14 91 -0.750
37 7 45 -0.336
39 16 129 -0.730
42 11 128 -0.746
19 28 112 0.969
21 27 38 -0.091
15 28 148 0.658
32 17 20 -0.331
44 5 15 -0.466
12 33 142 -0.627
38 10 52 -0.624
33 16 119 -0.358
17 34 148 0.238
25 20 114 0.874
29 14 21 -0.296
32 4 82 -0.723
35 12 8 0.905
19 34 73 0.288
40 10 49 -0.528
5 40 108 -0.574
23 22 114 1.658
17 30 70 -0.281
18 25 73 0.857
39 9 47 -0.536
18 33 140 -0.482
42 14 92 -0.248
25 32 26 0.448
11 32 145 -0.365
15 28 142 -0.003
36 13 48 -0.736
35 19 45 0.586
32 20 58 -0.572
42 7 14 -0.480
33 18 6 0.688
11 35 105 -0.523
13 39 112 -0.267
15 23 141 -0.204
32 17 118 -0.550
11 41 30 0.135
38 12 45 0.788
16 32 68 -0.017
38 10 131 -0.705
40 12 16 -0.135
28 21 41 0.022
19 29 33 1.016
16 32 140 0.112
34 15 43 0.369
34 13 43 -0.084
14 28 67 1.917
32 16 97 -0.693
37 2 7 -0.455
28 21 61 -0.400
33 12 10 -0.406
15 28 75 1.430
29 26 134 -0.488
41 8 126 -0.725
12 31 141 -0.693
25 25 4 -0.635
39 12 17 -0.602
41 3 16 -0.583
40 11 124 -0.605
11 40 32 0.933
23 24 100 -0.553
23 33 62 -0.173
15 31 149 -0.304
25 24 60 -0.125
25 23 5 0.235
11 32 144 -0.240
35 15 95 -0.314
30 26 98 -0.616
42 10 92 -0.724
26 19 78 -0.633
20 22 1 3.050
22 37 78 -0.649
34 19 119 -0.749
32 27 134 -0.745
31 16 7 0.357
36 9 118 0.500
35 12 54 -0.750
28 27 134 -0.547
24 29 77 -0.630
26 21 61 -0.027
30 24 21 -0.240
31 16 5 1.947
26 17 5 1.185
27 19 116 -0.344
29 25 59 -0.638
17 23 33 3.402
20 20 73 0.319
38 14 88 -0.406
42 6 13 -0.413
20 25 139 0.319
10 19 31 0.833
11 32 107 -0.240
40 13 52 -0.440
19 28 37 0.783
13 35 30 1.178
23 11 1 -0.440
36 14 48 -0.727
38 12 86 -0.311
35 21 57 0.509
12 24 29 -0.134
35 3 84 -0.686
34 21 97 -0.463
41 8 14 -0.695
13 36 104 -0.529
28 14 39 1.346
29 22 136 -0.743
12 40 102 -0.526
45 16 51 -0.655
35 19 55 -0.560
12 32 104 -0.734
13 36 30 0.687
16 31 29 -0.484
32 19 134 -0.234
21 26 113 -0.621
29 23 115 -0.308
39 16 10 -0.536
40 17 18 -0.439
17 33 113 -0.686
41 18 91 -0.701
35 13 120 -0.723
26 23 24 0.964
41 14 92 -0.710
17 29 141 -0.530
19 33 137 -0.365
35 12 121 -0.688
10 33 33 1.110
34 17 96 -0.700
29 26 96 -0.721
42 5 12 -0.668
14 39 32 0.425
27 24 114 0.063
42 12 88 -0.669
43 14 17 -0.645
31 22 136 -0.608
32 19 80 -0.271
40 11 91 -0.616
39 9 48 -0.531
13 38 104 -0.347
18 25 63 -0.345
14 29 111 0.607
41 7 14 -0.562
19 24 26 3.615
30 12 44 0.542
45 7 88 -0.666
19 36 73 0.087
37 9 127 -0.749
40 10 54 -0.610
26 30 60 -0.597
18 33 102 -0.727
23 26 3 -0.258
29 14 39 1.169
38 15 18 -0.066
27 25 44 -0.586
18 27 139 -0.672
23 27 37 0.656
9 34 107 -0.437
31 15 58 -0.653
27 32 23 0.528
15 31 140 -0.527
26 19 4 -0.361
11 33 108 0.219
36 12 57 -0.559
35 16 57 -0.559
20 24 113 0.909
24 25 136 -0.740
41 12 46 0.664
31 22 134 -0.750
12 38 67 -0.399
27 28 42 0.128
37 12 49 -0.737
34 14 43 0.382
11 42 102 -0.222
22 23 27 0.953
12 34 29 1.600
15 37 67 0.273
19 25 113 0.536
37 13 87 -0.405
13 30 103 0.731
12 32 27 -0.697
34 19 81 -0.120
37 20 56 -0.547
28 21 60 -0.666
42 10 50 -0.750
43 19 130 -0.509
38 12 10 0.414
20 18 110 0.026
10 36 35 0.734
17 28 104 0.049
27 27 60 -0.106
31 20 22 0.790
31 12 4 0.626
36 6 130 -0.750
38 14 55 -0.398
41 15 125 -0.621
14 33 142 0.261
24 22 63 -0.679
39 17 121 0.049
34 10 121 -0.705
34 10 85 -0.656
39 15 47 -0.491
33 10 121 -0.750
15 39 140 0.532
34 14 124 -0.747
11 27 35 0.880
14 30 141 0.354
43 7 51 -0.561
11 20 68 1.344
33 24 58 -0.696
42 14 128 -0.735
16 23 140 -0.081
13 33 145 0.075
40 12 128 -0.727
16 36 143 0.307
12 35 71 0.833
38 16 91 -0.685
17 32 140 -0.425
30 30 22 -0.281
22 29 62 -0.320
22 26 25 0.715
34 26 57 -0.674
30 22 98 -0.434
38 16 10 1.371
38 14 10 1.277
30 15 21 0.083
42 7 50 -0.412
25 26 99 -0.750
39 13 8 0.717
16 32 113 -0.721
12 27 35 3.381
38 18 88 -0.245
19 24 64 -0.271
24 17 0 6.495
37 10 89 -0.750
15 34 66 0.480
29 18 115 -0.508
15 35 147 0.882
29 26 136 -0.662
19 28 100 -0.748
11 36 112 -0.683
25 36 77 1.784
37 9 123 -0.750
23 26 24 -0.397
16 22 70 0.638
24 21 62 -0.743
13 34 35 2.609
38 18 121 -0.233
22 33 137 -0.750
42 15 128 -0.750
41 6 15 -0.695
29 19 40 1.435
14 32 36 3.667
19 28 111 -0.559
21 36 64 -0.171
13 27 103 0.154
10 38 107 -0.552
16 27 103 -0.628
31 19 42 0.696
17 29 64 1.469
18 32 139 -0.408
40 7 86 -0.678
42 14 52 0.097
40 11 55 -0.624
18 36 38 -0.264
42 8 51 -0.684
29 12 115 0.955
34 18 80 -0.492
19 30 111 -0.717
31 17 79 0.138
36 18 120 -0.420
27 22 79 -0.266
14 43 111 -0.552
26 22 39 -0.329
27 15 40 0.999
38 11 46 -0.711
21 27 1 3.793
36 17 10 1.285
14 28 106 0.798
15 32 71 0.442
31 20 81 -0.611
40 11 50 -0.207
33 19 80 -0.566
10 41 71 -0.002
12 23 34 2.142
31 25 43 -0.672
21 21 112 1.608
22 28 38 -0.139
23 20 114 1.513
18 19 31 0.576
15 31 110 -0.445
38 12 55 -0.700
28 25 116 -0.691
24 27 1 3.077
25 32 99 -0.482
34 22 7 0.924
36 21 132 -0.742
12 30 149 -0.299
24 23 114 1.443
18 33 33 0.334
42 13 51 -0.407
13 26 106 0.576
19 23 26 1.474
16 28 32 0.433
30 22 40 0.547
23 25 24 -0.465
18 25 141 -0.229
24 22 5 0.072
13 39 106 -0.161
40 11 48 0.014
9 37 146 -0.365
38 18 93 -0.747
27 19 98 -0.612
12 36 32 2.409
7 32 108 -0.224
33 20 132 -0.750
39 4 14 -0.660
38 9 45 0.016
40 10 124 -0.615
14 24 74 -0.750
19 23 0 1.208
21 35 64 -0.252
23 32 100 -0.543
34 9 80 -0.371
20 31 137 -0.615
14 20 73 0.258
33 18 42 0.383
15 27 68 2.019
45 17 51 -0.697
20 31 0 0.420
34 8 45 -0.382
31 18 120 -0.663
44 6 17 -0.375
35 14 82 -0.703
19 27 37 3.061
35 14 57 -0.750
41 13 46 -0.121
40 14 124 -0.710
22 23 139 -0.618
10 38 30 1.362
40 5 46 -0.678
23 25 0 0.362
23 17 138 -0.750
11 37 71 0.136
19 21 1 0.485
13 27 33 2.792
31 15 117 -0.618
43 12 88 -0.538
25 26 61 0.116
17 31 69 0.646
24 24 3 -0.517
23 25 100 -0.391
34 18 8 -0.118
36 15 83 -0.644
42 14 46 1.719
32 25 43 -0.552
26 31 23 -0.587
37 10 53 -0.750
9 40 108 0.435
28 32 23 -0.019
34 13 54 -0.750
7 38 108 -0.013
15 21 29 0.909
21 28 64 0.004
31 25 21 -0.103
15 37 144 0.385
34 13 81 -0.362
17 26 27 0.576
36 16 133 -0.750
21 16 2 1.408
33 10 119 -0.535
26 21 4 0.026
12 38 143 -0.368
30 23 134 -0.662
30 22 42 -0.193
12 39 145 -0.154
31 15 94 -0.750
27 20 44 -0.679
36 22 18 -0.591
13 30 36 0.860
15 34 67 0.438
40 14 125 -0.661
33 14 47 -0.499
32 22 42 0.672
38 11 129 -0.750
27 24 135 -0.404
22 30 138 -0.572
24 25 139 -0.374
28 17 116 0.807
38 13 49 -0.264
12 36 66 2.563
10 28 102 0.004
39 15 53 -0.705
28 31 25 -0.127
13 34 105 -0.288
20 32 99 -0.702
32 25 95 -0.448
28 21 42 0.346
22 31 63 -0.608
33 14 115 0.883
41 11 48 -0.702
14 31 106 -0.609
15 22 69 3.324
15 30 149 -0.535
39 13 14 -0.054
28 13 116 0.620
21 30 27 2.197
16 25 28 2.794
42 11 121 0.377
37 10 49 -0.294
30 21 42 -0.137
11 37 30 2.576
17 28 141 0.426
36 23 56 -0.547
28 17 78 0.015
14 32 112 -0.596
18 25 110 0.464
24 21 116 -0.459
28 31 99 -0.676
12 36 142 -0.438
41 18 88 -0.301
36 8 15 -0.695
16 28 28 1.524
36 18 133 -0.611
40 11 14 -0.386
42 12 53 -0.649
22 27 26 -0.105
18 21 31 0.642
44 5 16 -0.695
30 15 22 -0.529
30 24 61 -0.511
31 20 41 1.337
32 11 8 -0.543
32 30 22 -0.750
21 28 63 -0.472
40 8 90 -0.749
17 27 74 -0.633
27 24 25 0.559
20 24 75 -0.314
10 32 102 1.350
32 23 43 0.042
37 7 87 -0.739
33 18 40 -0.311
31 25 41 0.809
18 20 65 0.731
29 26 115 -0.745
37 11 84 -0.657
25 26 24 1.490
33 15 43 0.272
38 12 125 -0.750
15 30 67 0.794
27 19 120 -0.705
38 16 90 -0.750
31 19 5 1.513
31 26 57 -0.520
22 21 26 1.179
34 0 82 -0.668
10 36 143 0.375
16 29 27 -0.179
19 35 1 -0.165
37 18 131 -0.729
34 6 119 -0.446
16 39 0 -0.383
31 18 44 0.670
23 23 76 -0.205
37 17 10 -0.274
18 36 138 0.515
28 24 120 -0.708
20 27 76 0.596
29 24 21 -0.470
13 30 72 1.554
37 10 45 -0.156
39 18 93 -0.744
38 6 123 -0.724
25 22 135 -0.550
11 36 143 0.455
15 36 29 1.719
37 13 17 -0.631
38 14 92 -0.691
26 21 59 -0.563
12 32 103 0.413
13 33 105 0.644
39 14 54 -0.313
24 28 23 0.232
43 10 17 -0.469
30 24 41 0.298
15 35 103 0.871
16 36 140 0.466
28 23 23 0.054
20 24 74 -0.150
33 11 45 0.080
38 11 126 -0.684
29 21 76 -0.547
45 13 91 -0.750
14 30 74 0.801
29 20 43 -0.470
11 35 107 -0.461
29 27 135 -0.458
12 25 71 2.707
11 37 32 2.375
35 5 11 -0.576
39 16 93 -0.710
19 20 1 0.975
31 5 79 -0.348
39 13 123 -0.718
27 25 40 -0.582
15 34 113 -0.687
22 22 101 0.470
36 20 120 0.077
22 36 100 -0.676
31 24 60 -0.267
19 31 37 1.931
14 15 31 0.154
36 9 12 -0.644
40 8 54 -0.750
33 4 123 -0.750
36 10 121 -0.384
41 8 15 -0.525
11 33 29 0.494
19 40 138 -0.550
37 16 131 -0.648
39 11 18 -0.629
16 33 113 -0.720
23 25 3 -0.130
39 10 47 -0.411
18 24 113 1.560
41 10 87 -0.422
33 26 43 -0.477
21 29 37 4.148
43 8 15 -0.349
21 25 37 2.601
25 19 62 -0.534
21 26 28 1.481
35 7 47 -0.709
16 30 142 1.199
38 11 56 -0.600
27 26 60 -0.406
34 19 10 -0.579
0 44 108 -0.685
17 32 72 0.189
19 34 26 -0.440
13 38 143 -0.208
15 29 32 4.242
12 30 102 1.165
27 25 78 -0.672
28 31 59 -0.736
36 8 84 -0.650
15 32 113 -0.586
24 26 4 -0.464
18 19 73 2.658
14 37 110 -0.533
28 16 59 -0.636
15 36 72 -0.463
25 14 38 1.024
38 14 122 0.283
42 9 52 -0.711
40 10 92 -0.659
36 9 18 -0.720
30 19 21 0.378
16 26 68 2.018
35 4 8 1.311
22 29 4 -0.695
13 37 32 1.808
39 11 126 -0.716
29 22 98 -0.702
16 34 66 0.457
13 38 30 1.939
32 19 40 -0.252
24 21 4 -0.394
25 28 23 0.117
36 22 20 -0.422
17 27 27 0.578
32 12 8 -0.660
12 39 35 3.806
26 27 41 -0.477
13 29 71 1.628
18 32 26 -0.536
26 29 62 0.066
20 18 139 -0.084
33 14 97 -0.321
11 34 32 1.312
28 28 135 -0.556
14 25 103 -0.750
28 29 59 -0.650
20 23 101 -0.539
23 29 62 -0.442
25 15 61 -0.427
38 21 94 -0.747
40 4 12 -0.636
39 13 122 0.198
39 17 55 -0.575
27 16 61 -0.143
30 15 5 1.421
14 36 141 0.055
13 31 105 1.075
12 41 143 -0.149
41 21 88 -0.311
34 9 126 -0.750
38 17 129 -0.750
17 21 75 2.560
44 4 50 -0.310
30 17 10 -0.695
42 15 49 -0.207
40 12 90 -0.736
26 20 39 3.975
41 8 91 -0.579
31 17 22 0.047
16 18 31 0.379
43 12 126 -0.708
32 7 123 -0.750
11 45 139 -0.626
17 33 65 0.781
36 23 6 1.200
40 15 86 0.147
16 28 145 0.100
11 32 143 0.237
12 31 33 2.688
36 16 57 -0.427
25 31 26 1.086
43 11 17 -0.416
10 25 66 -0.140
33 23 80 -0.491
17 36 68 2.176
37 14 83 0.349
34 12 8 0.821
14 31 103 0.448
38 9 84 -0.306
30 29 60 -0.358
11 20 69 1.587
25 22 76 -0.045
22 28 138 -0.494
20 20 75 0.232
33 27 97 -0.686
21 32 65 0.357
43 10 126 -0.345
21 28 25 0.609
13 31 145 1.009
11 31 146 -0.420
40 5 11 -0.213
39 15 11 -0.239
40 13 53 -0.437
22 31 100 -0.645
34 22 19 -0.202
37 19 18 -0.063
18 25 33 2.833
16 24 31 3.827
43 8 90 -0.741
19 23 113 0.738
38 14 57 -0.274
19 27 28 1.639
13 28 32 0.702
32 11 53 -0.750
13 27 31 1.245
36 20 18 -0.510
11 41 72 0.683
39 10 85 -0.241
29 36 96 -0.750
11 21 105 -0.391
20 26 1 3.664
12 18 34 2.991
12 28 105 -0.260
12 24 66 -0.732
33 22 98 -0.253
21 30 113 -0.314
40 13 121 -0.105
33 16 42 -0.162
40 20 54 -0.576
13 39 68 2.133
30 22 118 -0.660
20 27 1 3.051
24 9 78 -0.638
32 15 79 0.330
37 12 53 -0.598
41 3 12 -0.470
15 26 31 0.326
13 29 74 -0.597
16 31 141 0.700
30 18 61 -0.071
16 15 73 1.157
6 37 108 0.377
15 36 103 0.624
38 16 131 -0.692
32 21 134 -0.273
35 13 43 0.180
17 42 137 -0.688
16 28 33 0.810
16 34 72 -0.035
33 19 41 0.464
38 6 12 -0.440
15 25 103 1.672
37 14 48 -0.714
23 32 77 0.601
26 30 99 -0.489
14 34 142 -0.208
15 25 146 0.578
38 12 90 -0.750
16 23 148 0.630
37 10 13 -0.690
32 14 42 0.178
33 26 22 -0.438
40 4 16 -0.692
31 17 40 -0.072
14 27 103 1.201
36 3 7 -0.282
37 10 130 -0.747
30 21 40 0.539
34 19 41 0.523
15 31 142 0.595
20 23 1 3.028
25 26 76 -0.181
31 23 58 -0.667
25 30 100 -0.437
32 21 9 -0.692
38 15 93 -0.696
10 34 145 -0.481
24 34 62 -0.585
34 4 82 -0.482
33 28 133 -0.749
34 25 95 -0.200
12 35 66 -0.107
17 27 139 -0.738
16 25 68 1.376
18 26 64 1.168
10 35 72 -0.109
37 17 133 -0.741
33 20 43 0.223
13 36 105 0.048
36 14 87 -0.571
17 33 75 0.114
10 31 68 0.216
44 12 128 -0.750
43 16 52 0.109
38 17 132 -0.567
13 36 33 1.368
15 31 144 0.321
15 35 144 -0.484
36 12 121 -0.750
17 29 38 1.040
38 14 13 -0.690
14 38 74 -0.091
12 19 33 5.307
25 22 62 -0.750
15 41 75 -0.698
26 27 24 2.021
12 34 143 0.738
20 25 112 2.192
41 12 16 0.440
13 32 27 -0.574
30 27 22 -0.227
17 21 31 0.921
13 34 143 0.294
28 21 23 0.070
32 15 94 -0.750
13 24 107 1.076
11 40 30 3.249
20 27 139 -0.047
38 15 55 -0.647
31 22 117 -0.695
25 21 39 3.495
14 35 66 1.132
18 29 113 -0.358
37 8 12 -0.589
13 36 67 1.208
22 23 38 3.976
24 32 23 -0.565
39 16 123 -0.750
40 16 88 -0.247
26 14 5 0.113
28 22 77 0.629
29 9 4 1.724
16 28 67 -0.177
41 14 18 -0.050
38 15 124 -0.729
38 15 122 -0.727
23 22 28 2.100
21 35 100 -0.679
26 18 60 -0.683
16 38 69 -0.055
34 18 41 0.329
33 21 80 -0.279
18 24 69 0.661
15 28 37 0.627
19 24 37 0.688
34 25 57 -0.597
41 16 54 -0.460
38 13 121 -0.618
15 27 72 0.968
32 19 6 0.232
35 19 96 -0.666
30 28 60 0.160
29 23 98 -0.013
24 27 62 -0.582
32 18 42 -0.159
12 31 34 0.121
22 29 24 -0.382
15 34 103 1.082
40 9 9 -0.211
42 8 17 -0.658
36 24 120 0.098
30 23 42 -0.252
31 29 96 -0.585
32 16 134 -0.572
37 11 127 -0.749
35 8 126 -0.734
30 27 42 0.144
30 20 96 -0.746
28 19 61 -0.384
14 37 149 -0.442
17 22 33 4.441
12 25 69 2.610
24 19 59 -0.746
19 21 63 -0.745
15 29 144 -0.233
42 12 16 -0.476
20 23 2 0.726
33 10 80 -0.180
35 22 96 -0.636
38 10 90 -0.695
30 19 41 0.381
15 31 74 -0.233
8 36 72 -0.470
37 15 48 -0.736
40 12 131 -0.691
13 33 36 1.184
9 33 107 -0.626
23 12 1 1.099
13 37 147 -0.308
25 31 23 1.332
34 20 6 0.472
11 21 31 2.747
40 17 84 -0.596
39 0 12 -0.673
17 35 103 0.678
24 17 137 -0.713
26 13 116 -0.188
39 13 88 -0.508
29 24 136 -0.722
35 7 87 -0.750
24 23 82 -0.541
41 7 16 -0.528
36 22 56 -0.576
31 19 136 -0.571
12 32 108 -0.217
42 11 129 -0.627
41 16 129 -0.559
11 39 102 -0.403
21 21 26 -0.272
22 31 149 -0.407
37 14 54 -0.494
37 23 120 0.448
18 28 0 0.901
29 32 60 -0.726
35 11 48 -0.638
39 16 128 -0.698
17 24 147 0.938
16 33 37 1.991
18 26 141 0.287
28 18 42 0.262
11 38 109 -0.443
40 9 55 -0.472
11 32 32 1.720
15 33 71 0.362
9 43 102 -0.305
11 28 67 1.631
15 32 68 2.390
10 37 110 -0.646
18 37 73 -0.020
15 24 111 -0.427
22 38 114 -0.692
17 22 31 1.843
33 17 43 -0.070
14 36 111 -0.572
31 20 119 -0.564
42 9 90 -0.750
38 11 83 -0.292
33 19 6 1.212
42 7 15 -0.456
35 12 43 0.230
12 36 108 0.158
18 38 112 -0.289
24 16 4 -0.231
37 10 50 -0.682
31 22 42 -0.073
24 10 0 2.391
17 18 34 2.159
40 10 83 0.051
20 30 2 1.173
19 29 104 -0.134
34 15 119 -0.750
40 10 91 -0.647
11 40 65 -0.507
37 12 122 -0.728
38 15 89 -0.750
38 12 132 -0.570
41 13 55 -0.465
12 31 149 -0.137
12 21 71 0.955
36 5 8 -0.434
25 15 5 0.007
13 33 67 1.505
39 11 86 -0.492
33 14 43 0.280
42 17 91 -0.714
16 19 34 2.313
10 40 139 -0.657
17 27 102 -0.714
29 27 60 -0.424
23 34 115 -0.641
27 23 41 -0.368
19 38 138 -0.522
37 10 90 -0.726
16 35 67 -0.035
14 24 69 3.524
30 20 21 -0.327
31 17 116 -0.344
26 17 44 0.366
37 20 121 -0.649
30 26 97 -0.722
17 36 36 4.961
34 12 47 -0.256
18 21 110 1.312
10 35 109 1.285
37 9 45 -0.201
39 16 17 -0.359
28 24 39 0.265
11 30 107 0.605
17 36 140 0.235
48 0 12 -0.613
35 20 6 -0.682
40 13 126 -0.727
24 27 26 1.879
38 21 91 -0.065
32 13 81 -0.627
14 37 145 0.577
32 19 10 -0.641
28 17 4 0.183
28 28 136 -0.460
30 12 77 0.521
12 39 72 1.171
39 9 11 -0.372
29 20 79 -0.729
34 24 58 -0.243
38 13 7 -0.115
14 20 34 1.784
27 30 79 -0.701
39 15 92 -0.750
15 19 69 3.167
26 26 44 -0.691
14 29 31 1.292
12 35 143 0.748
40 13 18 -0.458
43 8 53 -0.749
38 14 7 -0.129
32 24 6 0.336
14 36 67 0.694
35 10 47 -0.691
35 13 82 -0.508
19 23 76 0.994
11 34 65 -0.491
40 11 87 -0.650
26 24 5 0.793
16 25 110 2.102
36 20 19 -0.444
40 8 17 -0.695
15 26 29 0.096
14 19 73 0.384
13 41 112 -0.502
31 23 98 -0.646
28 31 96 -0.750
41 13 127 -0.743
37 10 124 -0.750
27 30 24 0.002
19 31 33 0.907
35 19 19 -0.404
12 35 107 0.632
13 25 147 0.510
15 33 113 -0.652
9 30 35 1.549
39 13 89 -0.743
15 28 33 2.730
16 29 70 0.374
28 12 118 -0.742
37 20 19 -0.298
21 32 38 -0.526
13 42 70 1.367
34 12 9 -0.555
29 26 135 -0.612
32 7 119 -0.748
39 10 131 -0.743
15 30 68 1.983
38 8 89 -0.683
34 20 21 -0.336
39 17 120 -0.319
31 23 118 0.681
14 33 31 1.717
32 18 43 -0.018
41 12 15 -0.609
13 35 33 1.301
37 15 55 -0.741
16 31 144 0.147
23 27 0 0.655
19 21 113 0.480
39 16 54 -0.560
25 33 39 -0.713
18 28 110 0.235
13 35 32 3.368
25 20 82 -0.643
38 13 18 -0.449
15 31 146 0.699
34 7 121 -0.729
30 21 5 -0.613
35 8 48 -0.750
35 15 47 -0.576
7 32 65 -0.035
40 18 130 -0.732
11 41 109 -0.271
31 18 77 -0.029
40 13 86 -0.176
34 16 54 -0.750
31 13 79 -0.002
40 14 129 -0.750
37 18 122 -0.598
8 40 145 -0.237
12 43 72 -0.190
20 28 101 -0.514
41 14 13 -0.393
37 9 49 -0.747
42 13 17 -0.634
16 33 67 0.172
20 31 63 -0.587
35 17 95 -0.413
30 25 97 -0.368
30 25 96 -0.723
15 33 30 2.649
34 13 82 -0.607
17 29 149 0.710
25 31 62 -0.266
35 16 87 -0.516
23 28 0 0.173
38 20 131 -0.714
40 14 122 0.114
39 12 53 -0.622
35 2 82 -0.609
30 11 79 -0.595
39 21 55 -0.353
30 14 40 0.929
13 42 32 0.164
19 14 149 0.223
37 7 84 -0.672
9 39 102 -0.300
33 12 123 -0.729
37 14 53 -0.742
25 29 39 0.107
16 32 69 1.438
40 13 87 -0.125
29 33 60 -0.725
14 34 109 0.112
26 13 4 0.617
38 9 51 -0.750
23 21 101 -0.060
29 24 42 -0.430
14 22 103 0.723
22 26 149 -0.612
19 18 1 0.953
13 27 140 0.210
30 25 136 -0.676
12 25 106 -0.218
14 29 67 1.189
32 5 82 -0.688
40 16 11 -0.254
13 30 75 -0.482
32 19 97 -0.679
41 14 50 -0.003
39 11 90 -0.710
38 12 11 -0.681
39 13 12 -0.695
18 31 37 0.003
35 16 85 -0.729
8 39 102 -0.618
28 21 59 -0.626
41 10 92 -0.535
10 32 146 -0.449
24 25 3 0.084
17 41 137 -0.669
29 19 115 -0.356
19 31 104 0.208
37 22 83 -0.703
11 24 105 0.157
19 37 140 -0.412
38 14 49 -0.724
29 15 21 -0.290
39 17 94 -0.746
42 14 49 -0.307
32 22 118 0.045
18 35 140 0.064
13 25 142 -0.175
35 14 49 -0.666
9 31 108 -0.318
36 22 7 2.298
41 7 12 -0.085
13 23 71 3.202
33 21 134 -0.654
18 17 2 0.632
35 12 83 -0.735
16 29 66 0.808
38 10 11 -0.237
30 28 43 -0.732
14 37 72 0.152
11 28 27 -0.717
12 34 112 -0.475
19 20 110 0.198
24 25 63 -0.098
19 24 2 0.456
40 18 53 -0.479
40 16 86 -0.548
21 21 38 2.116
24 29 60 -0.745
27 25 39 0.406
31 24 57 -0.569
36 19 6 1.174
27 29 77 -0.048
38 16 49 -0.743
29 16 44 0.837
13 27 144 -0.425
41 15 18 -0.403
8 33 30 0.301
12 24 105 -0.492
42 9 49 -0.718
27 27 25 -0.469
29 25 136 -0.682
32 18 80 -0.372
41 15 124 -0.665
29 13 118 -0.718
21 23 25 0.688
42 8 127 -0.750
31 23 43 -0.467
41 7 52 -0.622
36 11 124 -0.750
23 21 26 0.198
36 14 133 -0.653
40 12 88 -0.521
30 18 22 -0.543
13 34 148 -0.698
22 33 79 -0.750
29 17 22 0.625
23 15 3 1.382
11 25 105 -0.101
41 11 129 -0.127
41 11 124 -0.626
20 34 63 -0.470
14 34 29 1.306
11 30 35 1.215
32 20 81 -0.750
20 26 64 0.078
36 24 130 -0.750
9 32 35 3.252
42 1 46 -0.646
32 21 58 -0.735
27 22 62 -0.327
41 10 11 0.108
43 6 17 -0.412
22 28 149 0.049
28 28 115 -0.704
38 10 47 -0.413
39 15 126 -0.624
23 29 63 0.524
27 16 82 -0.738
16 29 68 1.145
37 11 123 -0.736
26 9 4 0.975
18 28 38 2.818
31 23 134 -0.452
29 24 59 -0.750
34 19 19 -0.391
21 25 38 3.262
38 8 125 -0.749
8 33 102 -0.415
19 22 3 0.270
44 13 52 -0.599
24 30 4 -0.638
28 24 23 -0.492
28 21 97 -0.750
35 20 80 -0.127
40 7 127 -0.723
40 8 12 -0.695
19 39 138 -0.470
35 10 46 -0.738
35 22 82 -0.681
29 19 41 -0.112
20 29 23 -0.586
43 5 13 -0.130
35 16 93 -0.687
15 36 148 -0.720
18 26 27 1.221
22 26 4 -0.507
40 15 18 -0.655
4 39 108 -0.641
44 9 124 -0.739
22 27 4 -0.661
10 36 146 -0.442
37 17 131 -0.734
21 37 101 -0.634
24 26 149 -0.530
21 29 138 -0.611
35 24 95 -0.568
32 28 22 1.567
17 30 144 -0.047
39 13 84 0.321
35 14 54 -0.750
27 16 40 0.421
29 28 41 0.882
17 30 26 0.601
35 7 8 0.027
23 36 23 -0.627
35 21 19 -0.345
38 10 16 -0.134
13 34 0 -0.695
25 31 79 -0.719
20 24 138 -0.452
22 16 0 2.496
29 28 136 -0.736
34 8 44 -0.385
42 6 53 -0.734
14 33 103 1.396
38 10 13 -0.628
39 20 55 -0.631
12 33 35 1.794
13 37 67 1.178
38 16 8 0.525
12 30 105 -0.211
36 4 8 0.177
23 23 114 1.385
12 34 109 2.392
15 33 104 -0.255
13 37 140 -0.281
39 13 53 -0.451
37 11 47 -0.534
39 13 87 -0.152
33 8 45 -0.295
30 25 120 -0.572
8 35 108 0.313
32 23 58 -0.660
25 30 62 0.018
16 33 140 -0.695
38 12 85 -0.240
34 4 45 -0.572
13 32 31 0.392
29 23 21 -0.568
16 29 34 1.649
31 21 44 0.640
29 27 97 -0.747
14 26 74 0.196
39 11 16 -0.611
8 40 108 2.701
21 28 101 -0.250
25 28 136 -0.748
19 29 139 0.094
39 9 124 -0.468
15 32 67 1.388
10 41 72 -0.413
34 26 60 0.560
13 36 109 -0.598
16 27 1 -0.090
22 20 24 0.422
29 26 21 -0.663
16 23 141 0.102
11 44 102 -0.296
17 28 102 -0.702
33 18 21 -0.466
25 26 149 -0.431
29 15 117 -0.247
31 19 96 -0.750
11 38 72 1.889
34 15 18 -0.688
21 23 138 0.046
30 25 98 -0.301
15 36 149 -0.603
12 34 105 0.978
38 13 87 -0.588
38 19 91 -0.750
16 29 102 -0.650
29 30 96 -0.732
14 40 143 -0.389
21 29 64 0.671
40 12 85 -0.120
16 27 70 0.737
41 11 127 -0.735
15 26 75 -0.750
20 26 76 0.702
14 33 147 -0.395
16 26 67 1.417
36 13 45 0.221
31 24 80 -0.338
34 24 6 1.807
43 14 128 -0.735
15 35 74 -0.040
39 8 121 -0.065
31 14 96 -0.750
22 28 2 -0.389
24 20 62 -0.660
31 16 77 -0.353
42 13 49 -0.509
38 17 56 -0.192
27 20 76 -0.534
27 10 45 -0.742
9 41 146 -0.243
9 31 106 -0.664
35 14 131 -0.750
41 6 16 -0.693
16 23 31 2.560
16 27 140 0.423
41 18 17 -0.638
12 37 68 0.960
15 34 69 1.243
35 18 132 -0.750
31 18 80 -0.529
35 20 45 0.797
30 28 94 -0.738
23 32 24 -0.376
14 36 66 -0.047
22 26 38 0.339
40 13 92 -0.678
37 14 47 -0.586
35 13 11 -0.695
20 29 65 0.610
24 19 2 -0.192
39 9 50 0.470
12 21 69 2.344
10 27 105 -0.545
43 10 91 -0.520
37 18 133 -0.695
34 16 19 -0.443
12 33 103 -0.515
20 33 101 -0.432
38 3 87 -0.688
23 25 63 -0.300
12 35 104 0.751
36 4 7 0.235
37 10 9 0.578
27 16 4 0.878
39 10 54 -0.592
29 13 117 -0.750
23 33 137 -0.556
41 13 54 -0.724
27 30 25 0.023
40 21 55 -0.388
15 36 75 -0.741
31 16 41 0.515
20 17 138 -0.446
28 23 76 -0.390
35 19 93 -0.703
33 16 9 -0.359
25 27 5 0.047
14 37 66 -0.001
21 25 2 0.751
13 26 70 -0.209
24 22 139 -0.111
17 38 112 -0.401
20 26 73 0.176
29 27 77 0.863
12 22 34 2.995
24 26 1 2.529
35 13 133 -0.743
27 20 61 -0.295
39 9 14 -0.330
25 20 3 1.440
26 18 4 -0.033
35 7 7 -0.470
37 12 48 -0.750
36 19 122 -0.750
17 37 68 0.720
40 15 53 -0.412
26 26 60 -0.743
17 32 104 1.187
14 24 107 1.354
36 17 87 -0.446
13 28 29 -0.164
35 10 127 -0.750
37 14 9 -0.584
15 38 72 -0.676
28 18 39 0.413
35 6 119 -0.406
17 28 103 -0.358
8 41 108 1.385
12 29 29 -0.385
17 31 113 -0.432
30 16 79 -0.574
14 31 142 0.085
43 14 129 -0.456
16 31 112 -0.022
18 16 2 0.993
38 12 123 -0.729
20 36 63 -0.470
35 9 80 -0.346
33 19 43 0.170
35 12 48 -0.736
22 25 1 1.805
33 18 58 -0.430
31 22 6 0.353
13 28 31 1.613
40 14 46 1.846
31 21 42 -0.190
43 9 14 -0.530
37 20 130 -0.750
11 34 145 -0.120
31 18 96 -0.735
37 21 133 -0.607
39 10 52 -0.704
20 19 138 0.083
43 10 129 -0.736
30 22 61 -0.219
16 32 74 2.315
36 15 57 -0.641
14 33 74 -0.252
43 17 128 -0.692
10 28 65 0.210
36 5 45 -0.603
19 30 113 -0.443
17 33 149 -0.463
29 28 22 -0.772
29 26 23 0.248
15 33 69 -0.072
37 11 13 -0.515
30 28 135 -0.524
27 28 39 1.578
26 21 99 -0.730
40 19 55 -0.434
17 30 143 -0.508
28 26 79 -0.225
35 19 95 -0.329
29 20 115 0.085
13 34 109 0.171
13 26 147 1.694
31 18 79 0.629
24 30 24 -0.324
38 14 8 0.303
9 38 107 -0.413
29 21 39 -0.084
33 27 22 -0.377
31 19 41 1.375
26 27 99 -0.698
28 21 44 -0.608
26 21 76 -0.279
28 20 98 -0.553
28 11 115 1.140
39 12 52 -0.436
11 33 70 1.154
15 21 34 1.631
10 34 32 2.462
30 13 40 0.248
28 33 77 0.535
35 16 45 0.085
9 29 107 -0.504
35 22 7 2.676
22 20 62 -0.661
6 35 108 -0.724
13 40 68 2.331
17 33 111 -0.170
39 16 122 -0.750
41 11 13 -0.580
27 20 39 1.432
17 28 140 0.693
39 8 52 -0.638
15 35 75 -0.350
16 32 27 -0.250
37 8 13 -0.689
27 31 23 -0.358
14 32 111 -0.639
19 29 76 -0.245
23 12 0 2.837
13 31 71 0.698
38 13 51 -0.661
42 11 56 -0.410
40 3 15 -0.695
14 31 34 0.831
19 27 74 -0.205
38 6 87 -0.707
22 26 0 0.577
12 34 140 -0.004
41 10 130 -0.728
22 32 100 -0.491
42 5 17 -0.549
30 23 115 -0.508
23 28 39 0.124
22 21 114 2.246
14 35 147 0.055
42 12 124 -0.662
42 15 88 -0.202
38 11 86 -0.680
14 39 67 2.038
39 11 123 -0.716
26 30 63 -0.385
24 22 38 3.158
17 23 65 0.366
16 35 149 -0.474
34 17 57 -0.101
35 11 120 -0.750
44 8 126 -0.659
30 20 22 0.287
30 28 98 -0.689
23 37 114 -0.641
31 13 115 -0.558
11 33 109 0.731
12 34 145 -0.132
36 12 45 0.059
15 32 142 -0.218
13 38 72 1.981
18 30 76 0.049
39 11 124 -0.747
40 9 14 -0.579
24 29 100 -0.547
40 12 130 -0.736
43 14 49 0.237
33 17 117 -0.748
14 29 66 0.293
21 24 101 -0.327
13 34 66 1.417
14 25 66 0.280
16 39 113 -0.670
32 20 117 -0.387
28 28 116 -0.684
38 8 16 -0.685
37 14 93 -0.707
18 31 139 -0.239
9 40 109 0.694
38 12 53 -0.695
29 32 134 -0.692
42 9 16 -0.487
18 28 68 0.684
11 28 35 1.322
15 22 34 2.076
13 20 31 1.837
34 27 95 -0.267
20 25 26 0.669
29 9 117 -0.609
16 27 142 -0.183
23 23 24 0.545
39 19 55 -0.563
21 26 26 0.051
27 16 42 -0.231
34 24 95 -0.657
33 25 57 -0.729
14 25 142 0.432
38 10 45 -0.011
40 16 55 -0.530
13 33 74 -0.259
36 22 120 0.196
25 24 99 -0.718
15 25 70 1.833
11 37 72 1.558
5 44 108 -0.495
40 14 128 -0.750
34 21 80 0.080
19 25 148 0.496
35 22 6 2.620
12 27 145 -0.465
34 12 124 -0.750
30 17 42 -0.301
35 17 82 -0.373
18 27 65 -0.281
11 27 144 -0.002
38 17 121 -0.369
33 10 9 -0.456
22 7 78 -0.738
14 39 105 0.047
30 13 44 0.365
35 9 11 -0.329
13 34 106 -0.077
29 15 116 -0.153
28 22 136 -0.673
30 24 134 -0.583
17 21 113 0.313
36 11 89 -0.719
37 17 19 -0.573
42 10 13 -0.088
32 27 80 -0.379
13 36 29 -0.027
24 34 25 -0.352
16 29 111 -0.241
30 19 115 0.275
11 43 147 -0.387
37 18 57 -0.336
18 23 69 2.240
23 29 37 0.331
32 14 5 0.578
38 18 84 -0.472
16 25 70 1.302
24 30 61 -0.495
33 19 19 -0.626
22 25 114 1.310
33 12 117 -0.498
25 26 4 -0.680
39 15 54 -0.537
39 15 91 -0.730
41 10 83 0.175
24 17 2 0.327
22 34 25 -0.178
35 14 11 -0.565
35 19 94 -0.730
13 28 105 0.067
27 26 99 -0.659
35 22 20 -0.645
15 33 149 -0.506
36 8 118 0.455
40 5 15 -0.695
20 28 113 -0.139
10 38 72 -0.254
42 16 47 -0.344
28 22 61 -0.011
15 37 140 0.285
40 2 131 -0.646
28 19 60 -0.723
14 28 142 0.318
24 20 3 -0.004
30 19 22 0.113
25 31 24 -0.604
39 11 52 -0.540
39 10 123 -0.693
36 14 43 0.032
23 12 78 -0.705
17 22 73 2.392
18 33 37 0.054
33 14 56 -0.750
39 12 93 -0.718
33 16 118 0.117
24 26 139 -0.575
27 25 136 -0.736
31 21 97 -0.247
12 38 104 0.046
38 14 123 -0.555
39 8 90 -0.750
32 17 81 -0.325
39 13 9 0.512
40 8 45 -0.469
38 16 89 -0.750
37 14 45 0.316
41 6 14 -0.584
13 32 109 -0.534
13 32 140 0.105
42 16 53 -0.719
43 9 49 -0.585
40 6 124 -0.721
25 26 136 -0.748
19 25 2 -0.615
35 12 9 0.843
23 34 137 -0.403
25 25 25 0.532
33 10 123 -0.731
18 23 76 1.010
32 13 121 -0.699
34 20 81 -0.115
16 26 113 -0.605
20 23 112 1.742
34 25 119 -0.688
38 13 129 -0.750
13 32 66 0.858
36 21 121 -0.470
40 20 55 -0.579
29 18 59 -0.693
16 36 147 -0.397
28 23 79 -0.252
32 21 21 -0.281
36 19 95 0.031
22 26 101 0.044
29 20 41 0.102
34 7 131 -0.750
22 19 112 1.427
38 11 93 -0.750
19 29 147 -0.464
33 15 42 0.180
39 6 50 -0.741
26 19 5 0.938
23 25 114 1.892
42 12 127 -0.713
30 18 134 -0.701
37 18 43 0.427
31 26 60 -0.638
36 5 118 -0.037
40 14 13 -0.074
37 18 8 0.600
25 24 136 -0.732
35 18 56 -0.631
14 32 34 0.125
25 27 24 0.867
33 21 81 -0.721
28 24 97 -0.750
18 15 2 0.232
23 26 137 -0.738
18 26 28 1.698
21 25 138 -0.500
38 11 18 -0.601
30 25 43 -0.597
32 24 59 -0.512
28 28 25 -0.740
18 20 27 -0.221
38 12 9 0.153
23 27 100 -0.494
23 23 3 -0.241
31 20 42 -0.386
18 28 104 0.032
42 10 49 -0.468
32 22 95 -0.313
28 18 78 0.315
36 7 50 -0.750
39 12 15 0.179
17 25 28 0.931
26 20 98 -0.574
32 20 119 -0.592
38 8 15 -0.386
35 17 132 -0.745
34 16 43 0.365
38 5 15 -0.625
36 9 45 -0.387
37 10 15 -0.693
36 18 93 -0.705
19 33 73 0.541
32 16 44 -0.468
19 22 26 0.214
12 36 30 2.689
35 15 49 -0.644
22 36 138 -0.651
35 14 124 -0.750
41 13 91 -0.733
38 12 13 -0.665
41 13 16 -0.513
30 22 44 0.762
13 33 139 -0.719
38 10 51 -0.738
38 10 129 -0.713
16 40 36 3.487
40 7 54 -0.704
13 26 66 0.484
36 9 84 -0.603
14 32 67 1.058
12 38 30 0.501
11 41 71 -0.554
22 34 24 -0.122
21 19 31 0.014
13 24 69 0.917
43 13 129 -0.750
15 25 64 -0.038
40 16 18 -0.500
15 35 0 1.222
34 15 80 -0.457
17 35 112 -0.175
44 14 129 -0.750
11 37 67 -0.485
15 23 31 2.142
42 9 46 -0.425
40 8 127 -0.750
31 22 94 -0.726
12 43 147 -0.220
10 40 30 0.170
20 28 73 -0.231
40 9 83 0.186
37 11 15 -0.633
39 7 121 -0.426
33 11 20 -0.754
29 17 77 0.244
36 12 89 -0.724
14 22 106 0.465
23 36 137 -0.737
40 14 50 -0.477
37 19 19 -0.590
27 21 98 -0.613
41 15 130 -0.521
14 34 106 -0.500
20 27 149 -0.254
19 22 148 -0.046
10 29 72 0.365
37 17 17 -0.444
35 17 134 -0.702
38 12 57 -0.590
39 18 88 -0.230
24 26 25 0.484
22 29 139 -0.497
14 30 105 0.582
9 44 105 -0.155
35 14 8 1.140
28 22 96 -0.744
19 25 141 -0.150
21 30 28 0.858
38 19 92 -0.720
17 35 37 -0.171
26 26 135 -0.503
15 24 149 -0.059
39 5 126 -0.750
13 34 70 0.594
22 22 113 -0.714
26 27 135 -0.750
20 29 63 -0.571
32 12 4 0.406
22 34 100 -0.457
24 22 76 0.721
33 16 96 -0.606
36 15 20 -0.497
38 10 83 -0.107
13 33 32 3.423
15 33 140 0.010
37 10 46 -0.748
24 32 24 -0.357
16 26 110 0.666
36 22 132 -0.727
41 10 50 -0.653
12 38 35 3.230
21 12 0 2.643
28 29 21 -0.629
17 24 103 -0.622
16 26 31 1.596
10 29 70 0.683
39 7 91 -0.653
36 16 20 -0.517
40 7 87 -0.502
14 23 145 -0.328
37 15 10 1.250
36 11 48 -0.742
21 27 37 4.834
35 16 41 0.005
41 13 92 -0.611
38 11 130 -0.457
25 24 98 -0.514
42 5 46 -0.274
36 21 19 -0.620
32 23 44 0.658
26 20 76 -0.450
30 16 5 0.052
29 26 61 -0.610
39 18 131 -0.738
23 28 79 -0.725
14 26 145 0.491
17 33 36 4.727
30 16 21 0.095
16 34 105 0.207
16 28 37 2.427
40 16 17 -0.439
39 10 15 -0.235
30 17 44 0.521
38 18 57 -0.661
29 23 79 0.005
32 27 58 -0.632
16 36 104 -0.282
42 4 15 -0.682
38 17 9 -0.568
17 27 3 -0.695
41 16 55 0.061
45 12 52 -0.376
34 19 20 -0.116
29 32 135 -0.454
23 29 61 -0.027
16 38 72 -0.452
34 19 97 -0.604
17 39 137 -0.356
12 28 65 -0.516
25 19 38 1.635
15 33 102 -0.744
31 18 22 -0.106
35 13 10 -0.470
34 10 45 -0.536
38 14 93 -0.710
26 15 114 -0.491
16 36 75 -0.153
13 30 105 0.815
45 4 88 -0.750
14 31 105 0.821
43 7 11 -0.450
39 12 129 -0.696
21 33 23 -0.284
11 27 105 -0.453
12 32 35 0.951
13 27 35 1.958
35 16 82 -0.408
37 6 7 1.504
34 9 8 -0.202
26 16 4 -0.083
30 17 80 -0.658
36 16 9 -0.577
13 39 29 0.267
13 39 71 0.031
37 14 87 -0.522
28 20 97 -0.721
19 19 2 0.652
10 35 143 -0.625
38 12 48 -0.664
37 9 53 -0.750
15 40 113 -0.693
12 36 143 -0.376
20 19 63 -0.584
17 36 148 -0.461
18 37 137 -0.413
13 29 66 0.567
35 8 47 -0.684
16 31 140 0.113
32 18 79 -0.604
10 35 71 0.037
16 25 64 1.631
28 14 4 0.761
20 22 0 3.977
37 19 95 -0.685
32 21 59 -0.438
11 35 106 -0.186
16 29 142 -0.231
36 9 48 -0.673
39 15 84 -0.596
40 7 46 -0.391
13 33 72 1.599
42 16 91 -0.424
30 21 43 -0.603
26 23 60 -0.512
33 16 95 -0.619
26 23 61 -0.534
14 32 74 -0.356
41 14 48 -0.524
36 21 56 -0.687
38 6 131 -0.725
40 7 91 -0.748
38 13 83 0.180
13 37 36 1.253
31 18 119 -0.638
33 20 118 -0.440
17 29 37 4.925
28 26 60 -0.475
39 17 128 -0.744
15 32 75 1.863
38 13 89 -0.748
20 27 5 -0.115
37 4 8 0.726
28 35 77 0.396
15 32 70 -0.296
39 11 122 -0.009
33 22 80 -0.120
30 23 41 0.696
22 37 114 -0.519
35 18 121 0.104
17 28 147 -0.277
18 37 67 0.025
16 40 140 0.949
17 21 141 -0.197
16 37 112 -0.150
19 24 76 -0.343
21 19 112 0.164
14 33 104 1.635
33 17 119 -0.185
11 28 144 -0.325
39 15 51 -0.475
40 2 12 -0.695
22 32 25 0.054
33 21 119 0.062
39 15 90 -0.732
26 23 97 -0.748
25 30 114 -0.261
35 14 10 0.005
11 20 33 4.190
34 18 9 0.693
26 30 62 -0.204
38 17 87 -0.529
19 24 65 -0.356
23 20 25 -0.525
23 29 77 -0.741
20 31 1 -0.259
11 37 109 1.114
9 41 35 0.108
36 19 56 -0.686
40 15 50 -0.629
41 14 17 -0.607
25 24 116 -0.453
27 21 24 1.675
22 25 2 -0.331
10 35 146 -0.034
26 25 137 -0.726
42 12 50 -0.545
23 30 62 -0.526
19 30 0 0.414
9 29 109 0.168
14 38 145 -0.336
19 22 110 2.269
19 29 38 1.456
20 20 3 -0.576
30 25 23 -0.152
29 22 80 -0.376
14 19 34 3.853
21 18 31 0.490
23 28 1 3.399
31 29 60 -0.147
26 26 79 -0.689
39 10 92 -0.705
26 24 6 0.014
36 11 15 -0.507
13 36 68 -0.381
17 20 34 0.978
30 20 117 0.256
15 31 66 -0.316
31 19 77 -0.264
15 31 75 0.883
15 34 110 0.021
19 23 65 0.452
24 34 60 -0.728
35 16 95 -0.225
36 19 83 -0.499
37 4 13 -0.673
26 27 59 -0.623
14 29 36 5.511
42 10 11 0.386
42 11 11 -0.252
15 18 74 0.708
29 23 39 0.280
29 16 96 -0.750
16 24 110 0.917
17 27 149 0.023
35 14 87 -0.543
39 18 92 -0.658
29 18 40 1.849
15 33 32 1.282
41 17 55 -0.322
32 16 5 1.308
35 6 118 -0.532
18 27 64 0.369
33 24 95 -0.370
15 39 0 0.474
26 33 23 -0.612
30 28 96 -0.729
39 10 45 -0.309
16 35 104 -0.054
17 23 34 2.251
25 15 78 -0.724
21 24 139 -0.616
37 5 18 -0.716
35 21 94 -0.659
39 2 12 -0.695
31 24 22 0.030
15 36 144 -0.042
35 22 95 -0.731
15 30 144 0.234
29 24 41 0.577
18 27 28 0.996
28 22 39 -0.155
33 16 134 -0.750
22 21 63 -0.738
35 18 57 -0.277
31 29 97 -0.298
37 8 44 -0.463
36 16 8 0.685
19 28 33 0.198
17 28 137 -0.635
19 21 74 -0.109
13 29 106 0.487
10 29 67 0.643
19 30 100 -0.705
12 33 33 3.990
40 11 15 -0.376
25 21 61 -0.040
36 7 18 -0.628
13 35 29 0.749
30 0 82 -0.750
5 29 108 -0.676
14 40 29 0.776
24 35 77 -0.289
34 12 46 -0.637
42 14 83 -0.095
38 7 87 -0.702
34 22 96 -0.534
42 13 128 -0.739
18 26 140 -0.485
12 33 143 0.279
41 8 50 -0.236
37 13 85 -0.637
31 12 7 -0.493
32 19 94 -0.750
30 21 41 0.205
20 21 76 0.651
28 22 79 -0.439
13 33 35 3.177
28 20 77 -0.738
39 14 83 0.128
17 38 68 0.134
15 36 105 0.458
41 13 88 -0.415
40 10 52 -0.630
37 10 47 -0.679
40 14 91 -0.702
35 6 82 0.169
24 24 82 -0.636
32 23 133 -0.704
15 22 70 -0.512
33 11 48 -0.750
15 34 148 0.078
34 17 93 -0.750
13 36 71 -0.747
17 20 63 -0.350
30 25 60 -0.463
41 13 11 -0.150
41 12 50 -0.297
12 37 32 1.677
30 22 22 0.821
28 12 4 0.189
22 20 0 0.822
40 14 18 -0.669
41 12 123 -0.598
15 33 36 2.400
44 7 16 -0.586
12 33 69 1.518
13 36 35 2.881
19 39 63 -0.099
29 21 135 -0.695
18 27 143 -0.602
16 34 100 -0.738
43 5 12 -0.550
40 4 14 -0.605
12 39 143 -0.057
35 23 132 -0.750
18 30 26 0.422
26 29 39 0.410
32 19 5 1.347
14 27 75 1.089
26 18 5 1.019
29 15 22 -0.243
14 42 147 -0.114
41 10 123 -0.702
9 36 146 -0.146
19 19 1 0.635
10 24 67 -0.457
36 23 121 -0.456
13 32 143 0.614
38 15 48 -0.312
41 8 84 -0.112
37 3 7 0.833
19 27 76 1.568
10 38 108 1.146
39 3 12 -0.695
12 37 71 -0.015
38 11 90 -0.683
34 15 9 0.032
12 40 70 1.867
32 15 5 0.837
21 37 137 -0.587
16 31 103 -0.304
19 20 63 -0.450
19 26 64 0.557
44 5 14 -0.306
35 17 94 -0.737
19 34 63 -0.196
22 25 4 -0.528
39 10 48 -0.692
39 13 126 -0.700
15 32 32 6.214
15 32 143 -0.169
40 11 10 1.196
23 17 3 0.235
41 13 90 -0.693
32 14 9 -0.597
37 12 18 -0.460
36 24 95 -0.291
20 27 26 0.605
16 22 34 2.430
28 6 44 -0.709
36 16 19 -0.567
21 26 38 2.283
36 12 20 -0.680
11 39 145 -0.105
11 22 105 -0.507
14 35 112 0.085
21 34 101 -0.449
34 15 53 -0.744
40 13 55 -0.561
25 25 137 -0.687
38 11 48 -0.632
31 9 79 0.105
42 12 90 -0.747
12 38 70 2.473
14 25 106 1.635
36 21 120 -0.207
32 22 134 -0.243
7 33 102 -0.547
18 28 113 0.723
37 22 95 -0.682
25 31 77 0.246
14 34 148 0.697
34 14 83 -0.536
18 28 37 0.326
25 27 59 -0.534
35 24 20 -0.095
21 30 101 -0.400
16 34 102 -0.643
17 33 139 -0.242
37 24 121 -0.384
21 29 63 -0.458
31 22 44 0.771
10 31 30 1.750
24 20 38 -0.059
34 9 85 -0.609
42 13 125 -0.682
38 9 90 -0.718
31 25 58 -0.727
31 32 96 -0.717
12 42 147 -0.281
23 21 63 -0.705
27 21 39 1.473
34 23 57 -0.548
24 30 63 0.574
41 12 53 -0.748
27 23 120 -0.726
18 19 110 0.165
17 29 103 -0.184
39 8 49 -0.725
38 8 48 -0.525
12 24 146 1.526
36 9 7 -0.212
41 16 88 -0.256
34 17 10 -0.695
34 21 119 -0.686
35 17 57 -0.327
7 35 35 0.338
40 10 88 -0.654
32 10 119 -0.742
20 28 26 1.048
45 10 17 -0.484
41 15 129 -0.750
22 25 25 -0.147
44 10 52 -0.750
39 10 53 -0.744
32 14 8 -0.429
33 26 21 0.448
28 28 40 -0.483
14 27 31 1.798
12 31 72 1.860
17 32 65 0.155
27 26 42 0.001
16 24 74 -0.260
41 12 47 -0.144
39 9 56 -0.504
31 24 58 -0.707
18 16 34 0.514
26 27 114 0.440
32 23 134 -0.310
27 19 115 -0.604
38 7 16 -0.506
28 19 4 0.586
20 32 64 0.087
42 12 13 -0.514
38 8 129 -0.728
35 10 7 -0.414
15 30 110 -0.400
13 35 148 -0.713
38 22 120 -0.201
35 14 121 -0.750
39 13 131 -0.698
33 20 95 -0.725
34 18 42 0.601
12 34 106 -0.250
28 15 114 -0.269
23 27 24 0.014
31 21 77 -0.373
19 20 138 -0.546
24 32 77 0.018
17 30 111 -0.454
40 7 92 -0.732
34 21 95 -0.563
44 0 12 -0.688
14 37 33 1.290
18 26 112 -0.405
16 28 148 1.212
33 15 20 -0.629
35 22 94 -0.514
39 11 10 0.451
37 20 57 -0.092
14 25 144 -0.465
11 36 72 -0.065
13 28 106 0.702
32 26 135 -0.750
21 18 75 0.337
42 11 51 -0.619
22 25 38 -0.247
15 25 74 0.373
24 21 76 -0.638
12 37 67 0.205
39 4 123 -0.720
18 29 111 -0.234
20 15 75 -0.346
23 29 113 0.126
38 20 132 -0.636
11 36 71 -0.180
12 33 106 -0.045
35 16 94 -0.703
37 14 18 -0.142
24 34 24 -0.399
41 4 15 -0.692
41 12 92 -0.639
23 16 0 4.026
12 30 109 0.054
42 15 11 -0.302
12 39 105 0.291
13 27 66 -0.118
18 30 139 -0.700
14 34 112 -0.241
43 8 17 -0.695
37 11 54 -0.625
40 11 16 -0.693
13 29 146 4.085
39 8 87 -0.545
28 27 59 -0.750
38 8 85 -0.375
17 26 28 1.592
37 8 18 -0.521
25 18 76 1.507
28 17 80 -0.720
16 35 112 -0.403
26 32 39 -0.535
37 8 87 -0.593
20 26 75 0.505
24 36 23 -0.488
23 27 26 0.901
33 5 8 -0.428
10 37 30 0.447
24 30 77 -0.467
29 23 59 -0.705
39 10 129 -0.668
35 19 80 -0.293
31 13 120 -0.750
37 14 121 -0.644
35 20 95 -0.602
41 7 17 -0.674
35 23 19 -0.331
27 22 117 0.164
25 24 26 -0.053
16 37 33 1.837
40 7 11 -0.499
42 14 129 -0.662
32 17 77 -0.370
15 28 103 0.530
34 16 46 -0.384
11 40 145 0.676
14 31 148 -0.602
10 33 110 -0.701
40 11 53 -0.741
39 7 50 -0.669
16 37 0 -0.274
19 30 140 -0.158
20 19 2 0.662
33 21 19 -0.260
18 20 31 0.887
13 32 148 -0.730
39 11 84 0.648
12 31 107 0.167
45 8 126 -0.400
34 26 95 -0.536
36 24 132 -0.749
34 24 7 0.602
41 17 17 -0.451
16 24 73 1.173
37 12 10 0.628
20 23 138 -0.256
14 34 68 0.505
35 20 19 -0.375
28 26 39 -0.090
10 27 144 -0.595
15 29 141 -0.161
43 5 14 -0.560
13 20 68 -0.075
25 15 3 1.433
24 29 26 0.897
13 36 143 0.151
31 16 118 0.190
19 29 37 0.787
22 24 37 0.567
44 11 126 -0.750
42 20 130 -0.745
37 13 122 -0.417
29 21 134 -0.630
24 22 136 -0.750
40 13 83 -0.101
41 7 50 -0.414
19 26 28 2.085
14 22 110 -0.331
44 6 52 -0.741
33 11 44 -0.474
28 31 77 0.332
31 5 82 -0.721
36 20 20 -0.434
36 18 80 -0.582
36 23 83 -0.725
18 32 100 -0.687
41 13 128 -0.726
35 22 19 -0.216
22 32 138 -0.425
20 34 26 -0.001
28 26 136 -0.743
36 22 130 -0.750
25 24 5 0.543
20 25 2 1.026
21 23 2 -0.032
42 8 12 -0.507
14 34 71 -0.177
13 37 145 0.791
14 33 105 0.314
13 32 36 2.376
28 20 59 -0.626
38 14 84 -0.501
16 36 102 -0.330
27 19 42 -0.507
34 20 9 0.747
31 21 6 0.078
36 3 84 -0.620
27 28 26 0.096
25 26 5 0.454
14 31 74 -0.488
41 5 13 -0.074
37 8 16 -0.627
40 18 17 -0.793
38 10 9 1.410
38 4 87 -0.700
9 38 109 0.919
30 21 95 -0.637
27 15 4 0.077
31 16 117 -0.390
40 11 128 -0.750
17 37 72 0.013
18 27 100 -0.571
16 31 38 0.621
35 13 46 -0.634
37 8 131 -0.750
17 22 145 0.394
31 16 79 0.221
22 21 3 1.960
33 24 43 0.312
17 30 28 0.789
14 39 148 0.654
31 24 21 -0.346
39 10 88 -0.615
16 23 145 -0.235
34 23 133 -0.750
43 11 16 -0.300
32 21 41 1.279
12 36 67 -0.371
29 22 22 0.216
37 17 121 -0.432
34 7 8 -0.184
14 37 36 1.632
13 30 30 2.374
35 16 81 -0.536
40 12 92 -0.705
15 24 144 -0.632
39 7 13 -0.690
26 20 116 -0.290
34 17 117 -0.578
9 34 35 3.040
40 12 86 -0.683
16 30 102 -0.666
13 33 66 -0.005
14 28 70 1.862
10 32 109 1.893
32 19 117 -0.695
18 26 65 0.219
32 22 97 -0.404
8 38 109 -0.539
39 14 131 -0.644
27 27 136 -0.586
21 25 28 1.002
18 33 106 -0.343
31 14 81 -0.459
17 30 105 0.636
33 15 7 1.155
42 10 18 -0.737
25 17 5 0.737
15 28 105 0.226
38 18 86 -0.657
19 38 63 -0.136
25 21 3 0.629
17 23 73 1.830
25 21 135 -0.497
19 29 28 0.659
36 17 20 -0.716
16 24 65 0.115
21 28 0 0.032
31 16 22 -0.569
15 30 147 0.212
31 15 120 -0.745
13 27 107 0.541
29 21 59 -0.527
33 9 119 -0.712
30 18 21 0.581
23 30 24 -0.587
37 1 131 -0.661
31 18 118 0.290
26 24 63 -0.424
39 19 54 -0.460
22 23 101 -0.474
23 35 77 -0.353
40 8 16 -0.182
4 43 108 -0.610
11 44 139 -0.612
30 9 79 0.034
11 23 107 -0.147
29 19 23 -0.352
35 7 127 -0.729
17 31 36 3.430
26 20 61 -0.450
18 24 75 2.765
19 26 148 0.310
31 17 5 0.331
17 25 73 2.304
18 36 1 -0.195
22 29 99 -0.701
16 22 74 0.523
41 12 11 -0.492
38 14 131 -0.688
17 28 72 1.935
25 29 23 1.053
24 36 114 -0.608
21 33 101 -0.707
15 25 1 -0.497
37 19 83 -0.432
38 13 90 -0.664
31 23 22 -0.154
29 12 79 -0.347
39 10 126 -0.723
29 36 60 -0.669
12 24 107 1.085
16 35 137 -0.586
20 32 26 -0.237
34 15 8 0.448
15 29 149 -0.477
37 6 86 -0.627
31 17 80 -0.623
36 14 122 -0.737
16 28 75 1.687
23 26 26 0.485
45 3 88 -0.716
14 37 146 0.397
33 20 97 -0.542
34 12 44 -0.209
31 28 43 -0.632
37 7 11 -0.592
40 11 13 -0.482
30 18 5 1.154
6 32 108 -0.402
27 22 41 -0.020
32 21 40 -0.266
32 14 97 -0.470
28 17 42 -0.295
29 26 42 0.149
37 15 132 -0.717
37 11 18 -0.167
12 30 27 -0.475
39 16 126 -0.691
19 27 2 -0.373
42 20 125 -0.695
41 14 125 -0.613
22 17 138 -0.588
14 31 111 -0.051
1 47 108 -0.624
32 24 80 -0.428
13 33 107 0.610
40 16 46 0.403
39 19 93 -0.745
30 16 39 1.769
19 26 149 -0.557
37 7 18 -0.566
43 10 13 -0.023
27 21 99 -0.679
36 1 82 -0.561
24 24 78 -0.586
39 14 49 -0.750
9 27 29 0.912
11 29 105 -0.322
29 22 77 0.085
23 28 24 -0.238
31 13 81 -0.275
24 25 24 0.520
34 15 54 -0.729
12 28 68 -0.602
12 37 72 0.959
20 17 149 0.630
11 39 104 -0.137
20 21 75 1.275
43 11 46 0.876
19 23 64 -0.311
19 13 138 -0.592
34 14 7 0.160
26 20 5 1.608
34 19 93 -0.750
21 30 77 -0.594
42 16 129 -0.489
12 36 71 -0.020
15 34 144 0.295
17 15 73 1.762
41 11 51 -0.721
27 25 99 -0.720
32 24 58 -0.713
34 20 19 -0.411
34 13 10 -0.487
21 31 64 0.170
22 14 0 2.889
29 15 44 0.553
27 18 2 0.314
34 18 96 -0.331
17 24 74 -0.133
13 41 72 0.146
30 15 40 0.405
32 23 98 -0.409
29 23 136 -0.701
35 8 82 -0.192
9 33 29 0.778
16 31 104 -0.360
16 27 27 0.035
25 24 59 -0.572
8 37 102 -0.224
26 27 42 0.105
33 19 42 0.451
28 14 40 1.089
13 37 109 -0.134
31 25 6 0.035
24 21 135 -0.301
27 23 61 -0.235
40 14 54 -0.518
23 27 63 -0.569
28 20 114 -0.138
34 4 85 -0.714
30 25 41 0.108
38 6 91 -0.672
17 29 147 -0.477
18 29 101 -0.566
38 12 18 -0.595
42 15 10 0.847
26 9 0 1.645
37 14 131 -0.704
39 13 85 -0.597
23 25 76 0.428
29 35 60 -0.682
38 11 9 -0.009
41 9 92 -0.612
36 7 48 -0.726
36 21 91 -0.352
14 34 30 0.302
38 16 122 -0.593
37 20 8 0.365
29 21 5 -0.682
37 12 90 -0.711
27 31 24 -0.336
13 38 147 0.553
33 22 59 -0.623
9 39 35 0.146
17 32 138 -0.220
34 16 79 0.654
29 16 77 0.550
42 13 52 -0.288
19 30 38 2.049
21 37 100 -0.578
12 35 67 0.684
30 24 120 -0.620
43 13 126 -0.680
17 26 112 0.002
27 22 63 -0.566
13 27 145 -0.320
41 16 53 -0.700
37 10 121 -0.679
38 14 48 -0.326
21 19 0 5.196
34 19 56 -0.477
34 14 96 -0.596
17 28 29 -0.297
20 29 64 0.171
20 19 110 0.854
18 24 37 2.047
16 27 144 0.151
34 18 20 -0.215
15 26 71 -0.031
22 34 26 0.042
40 19 88 -0.602
22 29 38 -0.236
30 17 22 0.532
27 27 41 -0.419
33 28 120 -0.646
16 35 141 -0.157
27 25 59 -0.586
17 35 140 0.209
41 15 54 -0.596
39 17 131 -0.522
16 31 113 -0.730
42 8 14 -0.339
29 22 96 -0.732
38 17 85 -0.741
17 37 67 0.884
18 33 104 -0.507
16 26 1 -0.422
15 26 33 3.361
39 14 15 -0.570
32 23 61 -0.395
18 22 141 0.000
37 15 18 0.002
39 11 54 -0.477
32 14 121 -0.750
43 4 126 -0.667
19 18 149 0.546
18 30 64 0.530
12 29 107 1.471
20 23 110 1.958
31 15 119 -0.701
38 16 84 -0.632
27 26 115 -0.558
19 31 101 -0.710
31 24 42 -0.052
44 7 46 -0.047
36 11 47 -0.689
40 9 50 -0.726
22 15 138 -0.521
19 29 2 -0.415
26 26 114 -0.038
41 12 51 -0.549
41 12 48 -0.404
14 35 34 1.424
22 28 26 0.316
41 21 55 -0.693
17 30 37 2.555
14 31 27 -0.276
29 11 4 -0.013
20 31 101 -0.583
24 21 139 -0.350
12 30 33 3.419
33 21 43 -0.033
14 24 71 3.123
12 29 35 1.676
36 13 46 -0.728
15 35 149 -0.534
35 20 118 -0.176
42 9 51 -0.686
16 22 1 -0.239
23 29 25 -0.037
37 9 85 -0.127
24 29 1 3.017
40 7 125 -0.729
37 11 90 -0.743
41 17 128 -0.742
24 24 149 -0.452
20 28 63 -0.457
21 20 114 0.677
36 11 45 -0.278
33 14 81 -0.406
42 11 47 -0.316
15 30 141 -0.353
13 25 107 1.502
16 33 69 0.249
24 34 114 -0.634
13 29 36 6.410
25 27 99 -0.732
20 22 75 1.335
41 14 15 -0.422
45 14 129 -0.640
27 19 39 1.171
22 32 23 -0.516
9 28 102 0.494
23 25 37 0.494
16 21 27 -0.411
41 19 88 -0.655
39 10 56 -0.704
23 13 3 0.833
23 30 25 0.451
19 31 149 -0.173
21 28 37 4.302
7 32 102 -0.688
18 24 112 1.153
16 31 32 1.700
37 20 6 1.587
22 29 25 -0.393
35 10 132 -0.698
18 23 34 0.336
19 27 0 2.372
41 14 53 -0.541
19 31 112 -0.008
22 9 0 2.225
27 27 134 -0.645
28 30 59 -0.745
13 25 66 -0.591
39 11 85 -0.090
35 5 44 -0.679
39 12 124 -0.551
13 19 34 2.988
42 7 17 -0.644
36 19 120 0.074
42 16 17 -0.641
39 18 55 -0.576
27 29 59 -0.437
13 33 68 2.292
22 25 26 -0.644
9 35 146 -0.072
13 42 102 -0.184
35 18 58 -0.442
39 13 51 -0.447
40 6 11 -0.680
19 22 73 0.719
31 15 81 -0.692
12 33 145 0.199
15 35 33 2.524
40 10 87 -0.220
30 14 79 -0.738
36 23 22 -0.313
18 27 113 -0.186
15 34 105 -0.436
43 8 52 -0.527
28 26 59 -0.660
40 12 83 0.255
22 32 26 0.123
27 7 4 1.136
41 11 87 -0.750
40 10 130 -0.749
36 10 7 -0.579
16 32 75 1.501
16 32 142 -0.126
26 26 99 -0.736
11 28 143 -0.147
44 5 126 -0.524
14 35 144 -0.312
13 24 31 2.660
37 13 7 -0.381
16 34 65 -0.429
15 34 142 -0.377
37 11 89 -0.750
26 28 79 -0.650
16 29 1 0.912
19 32 137 -0.218
35 16 131 -0.747
44 13 128 -0.663
36 17 80 -0.495
22 21 112 1.874
30 26 21 -0.573
42 11 90 -0.693
42 8 52 -0.647
42 9 88 -0.726
34 12 119 -0.127
13 41 109 -0.331
32 27 133 -0.750
30 19 79 -0.688
37 18 87 -0.263
35 17 43 0.433
31 16 116 -0.575
40 16 10 0.788
20 28 28 1.287
41 11 14 -0.465
38 7 9 1.019
30 29 94 -0.742
20 34 101 -0.634
41 8 124 -0.636
13 30 34 1.687
26 29 77 0.618
27 20 117 0.237
16 37 36 6.126
15 36 112 -0.398
28 29 23 -0.636
13 36 72 2.871
41 12 127 -0.739
27 24 117 0.298
39 14 89 -0.750
14 26 33 3.802
41 8 88 -0.689
21 24 113 -0.203
21 34 64 -0.170
11 26 105 0.042
21 30 26 -0.229
40 14 121 -0.497
16 28 142 1.192
42 7 127 -0.750
16 32 106 -0.401
39 10 9 -0.108
35 6 85 -0.616
40 13 125 -0.750
25 26 62 -0.447
40 9 11 -0.150
41 12 125 -0.710
16 25 1 -0.493
17 24 64 0.036
40 8 46 -0.654
31 18 81 -0.470
28 24 44 -0.693
18 22 68 0.501
21 29 38 -0.172
38 16 127 -0.650
35 16 83 -0.657
27 22 44 -0.686
16 21 74 0.353
40 15 46 2.460
16 38 68 0.298
30 20 116 0.057
18 32 1 2.347
39 9 89 -0.737
29 18 134 -0.476
39 16 84 -0.591
19 19 138 -0.329
13 39 35 1.950
19 28 76 0.597
21 27 2 1.919
20 21 2 0.846
27 22 5 1.265
33 7 47 -0.691
36 22 94 -0.517
27 12 115 0.361
25 25 38 -0.210
33 19 20 -0.600
11 33 145 0.002
12 37 69 0.894
42 2 12 -0.672
28 24 21 -0.797
26 21 78 -0.336
17 24 27 -0.377
39 14 93 -0.744
32 9 45 -0.642
41 17 125 -0.661
37 5 15 -0.686
35 11 127 -0.745
9 37 107 -0.470
17 30 141 0.574
30 34 60 -0.647
37 13 124 -0.750
35 10 87 -0.744
39 8 89 -0.671
36 11 119 -0.638
34 7 45 -0.459
35 17 81 -0.229
37 12 121 -0.235
37 17 6 0.624
25 29 61 -0.178
35 19 6 -0.053
43 7 53 -0.726
18 25 28 1.485
23 24 76 0.580
40 10 89 -0.661
24 21 25 -0.361
29 15 39 1.449
25 19 97 -0.750
41 16 17 -0.617
13 41 70 1.776
41 10 48 -0.484
27 22 99 -0.737
14 33 111 0.426
31 19 58 -0.738
20 26 138 -0.122
42 18 130 -0.750
29 29 41 0.482
26 14 116 -0.425
13 25 141 -0.106
22 29 37 -0.230
13 29 31 0.137
20 34 140 -0.377
30 27 21 -0.610
41 17 130 -0.746
43 5 51 -0.597
29 12 44 0.168
39 19 88 -0.505
20 29 2 1.221
34 16 95 -0.558
25 22 39 3.810
44 12 51 -0.733
15 33 142 -0.185
15 32 66 0.759
43 11 91 -0.750
14 31 147 1.324
13 28 111 0.173
35 21 7 0.467
35 20 41 0.021
8 28 108 -0.301
29 24 60 -0.354
36 7 85 -0.707
34 20 20 -0.143
12 34 72 1.921
12 31 68 1.708
20 39 138 -0.645
14 35 71 0.330
14 24 70 1.177
14 35 111 -0.467
34 24 57 -0.599
13 27 106 1.353
22 30 25 -0.408
33 23 119 -0.725
9 36 108 1.185
12 29 27 -0.711
33 20 93 -0.750
43 14 124 -0.618
42 8 11 -0.429
18 22 110 1.239
41 7 15 -0.531
15 25 144 0.332
17 37 36 3.440
26 30 136 -0.726
36 12 120 -0.425
12 34 27 -0.704
21 34 138 -0.050
25 32 25 -0.316
23 26 99 -0.750
14 35 142 -0.301
42 4 50 -0.744
35 13 86 -0.688
33 12 119 -0.629
7 33 32 0.155
16 26 73 0.051
41 11 47 -0.261
36 19 19 -0.364
40 18 18 -0.761
13 26 31 1.434
30 17 5 2.123
13 32 106 -0.239
36 15 45 0.188
20 27 38 3.643
37 5 123 -0.678
30 21 98 0.005
18 23 110 0.994
43 12 90 -0.658
26 22 137 -0.678
29 32 96 -0.750
42 16 128 -0.746
13 32 105 1.300
15 32 140 0.553
33 20 7 0.781
39 14 92 -0.678
37 12 120 -0.528
38 18 132 -0.715
34 17 8 1.214
20 27 63 -0.638
26 28 58 -0.741
24 32 62 -0.583
23 24 5 -0.366
42 13 127 -0.732
10 39 30 -0.152
23 20 136 -0.705
11 38 30 2.081
14 37 67 0.656
29 20 98 -0.251
27 32 134 -0.750
13 26 107 0.783
14 30 142 0.646
11 36 110 -0.596
30 16 41 -0.018
31 16 120 -0.729
43 13 46 1.741
20 36 64 0.989
9 29 35 1.722
40 11 127 -0.750
31 11 119 -0.735
9 34 65 0.344
38 15 56 -0.566
28 18 97 -0.733
13 31 106 1.208
39 15 9 -0.195
36 8 45 -0.246
30 16 116 -0.273
41 8 49 -0.750
27 29 41 -0.455
35 8 11 -0.189
25 29 101 -0.171
38 7 123 -0.730
35 13 121 -0.533
23 22 138 -0.578
38 11 131 -0.738
42 9 17 -0.668
37 18 17 -0.742
40 15 126 -0.656
17 29 144 0.414
35 13 56 -0.684
34 16 119 -0.650
41 16 91 -0.750
37 15 89 -0.750
17 29 110 -0.113
34 18 19 -0.709
37 14 8 0.622
40 7 90 -0.721
23 34 25 -0.474
13 19 69 2.063
34 21 19 -0.307
34 17 47 -0.448
25 30 77 -0.611
23 24 101 -0.238
16 34 75 -0.196
30 18 41 0.510
15 30 66 0.951
34 18 7 0.969
38 23 56 -0.430
12 35 35 2.004
19 15 75 -0.339
25 28 39 -0.716
30 21 58 -0.626
16 30 144 0.176
20 23 149 -0.211
11 23 65 -0.634
23 22 3 -0.381
29 16 22 -0.122
15 33 103 0.446
16 32 141 -0.406
43 6 16 -0.209
41 7 123 -0.744
14 33 30 0.401
19 16 75 0.103
33 18 81 -0.750
32 9 81 -0.667
22 22 4 -0.695
29 24 22 0.754
16 25 74 -0.474
15 24 73 1.195
13 34 30 2.071
41 12 52 -0.338
42 8 15 -0.208
25 24 3 1.156
41 7 46 -0.352
36 11 54 -0.678
11 41 106 0.140
39 12 87 -0.472
10 37 65 -0.540
16 38 0 -0.364
17 30 64 1.868
34 20 82 -0.691
39 8 86 -0.687
10 41 146 -0.175
12 42 112 -0.532
17 29 26 -0.680
35 10 8 -0.011
38 13 9 -0.104
24 21 99 -0.748
37 9 48 -0.604
32 18 5 0.892
9 39 107 -0.570
23 35 23 -0.567
35 18 45 0.805
20 30 38 0.569
16 23 70 1.055
14 22 73 -0.352
30 14 118 -0.185
15 20 74 -0.436
31 26 97 -0.456
24 28 99 -0.749
24 24 139 -0.211
15 29 70 -0.268
31 19 59 -0.743
17 24 141 0.151
12 22 69 3.300
28 16 97 -0.720
35 9 126 -0.750
19 23 1 1.301
30 27 97 -0.680
26 17 3 1.146
40 11 130 -0.745
18 31 27 1.148
35 17 10 -0.513
13 30 35 4.146
22 26 26 -0.237
33 1 82 -0.682
21 28 28 1.308
37 12 123 -0.733
11 37 106 -0.042
15 36 142 -0.206
41 15 47 -0.263
17 35 111 -0.517
22 29 64 -0.070
20 29 5 0.088
32 22 58 -0.673
23 7 78 -0.450
43 9 17 -0.475
24 29 99 -0.715
16 33 112 -0.359
42 5 15 -0.320
13 33 143 -0.331
27 30 62 -0.684
31 23 42 -0.340
27 27 23 -0.475
37 13 129 -0.750
14 31 69 0.419
39 11 83 0.075
24 14 1 3.372
35 19 122 -0.732
36 5 82 0.025
14 37 68 2.350
40 11 86 -0.040
26 30 135 -0.710
12 29 68 -0.044
14 36 109 1.324
39 18 122 -0.455
36 8 124 -0.750
15 17 33 5.193
42 8 125 -0.713
36 14 45 -0.222
36 23 132 -0.724
41 12 18 -0.380
14 23 69 2.452
34 21 59 -0.750
33 20 6 2.076
39 13 45 0.052
13 38 105 0.421
41 9 51 -0.546
27 25 82 -0.421
39 20 131 -0.685
43 12 49 0.030
30 24 23 -0.322
19 22 138 -0.496
11 36 30 2.120
32 25 57 -0.534
37 7 123 -0.749
29 21 115 -0.296
31 11 4 0.203
18 29 76 -0.114
20 22 63 -0.731
15 29 69 0.510
32 16 118 0.215
29 14 79 -0.736
27 32 62 -0.723
33 7 123 -0.750
39 6 89 -0.651
33 18 117 0.421
38 13 48 -0.420
36 9 85 -0.548
14 30 68 2.109
12 25 67 0.255
23 27 39 0.282
16 37 142 -0.372
35 17 9 0.872
32 21 133 -0.698
30 19 44 -0.740
43 7 90 -0.561
39 18 54 -0.463
27 28 25 -0.575
28 20 118 -0.282
23 31 0 -0.133
20 28 149 -0.511
17 30 113 -0.492
26 29 61 0.273
32 25 59 -0.584
39 11 50 -0.467
13 34 149 -0.129
24 21 98 -0.629
13 31 68 0.365
31 21 120 -0.735
38 11 43 0.158
11 27 66 -0.221
32 25 80 -0.399
40 17 17 -0.390
21 26 63 -0.030
15 35 110 -0.108
36 15 133 -0.750
37 17 132 -0.750
35 15 8 0.986
23 21 149 -0.636
38 20 86 -0.730
35 14 126 -0.750
17 32 148 -0.171
18 24 73 0.506
20 26 65 -0.145
21 29 101 0.073
33 17 6 1.808
41 14 91 -0.575
32 23 22 -0.109
11 39 139 -0.750
10 41 109 1.219
19 20 113 -0.002
17 24 37 2.547
34 9 44 -0.546
11 37 146 -0.107
25 28 24 1.416
13 31 36 1.525
43 15 49 -0.316
14 35 140 0.122
38 11 45 -0.081
33 0 82 -0.750
9 44 102 -0.445
32 22 81 -0.586
15 27 142 0.377
36 21 95 -0.208
26 23 137 -0.695
24 33 23 0.233
10 42 105 -0.063
43 9 125 -0.717
43 9 88 -0.466
11 38 147 -0.234
29 18 117 -0.464
35 17 47 -0.739
14 24 31 2.375
19 18 73 0.183
13 35 70 0.771
38 15 92 -0.750
12 41 112 -0.263
36 13 10 -0.445
42 14 50 -0.665
32 14 10 -0.671
24 23 149 -0.547
37 19 131 -0.731
15 32 74 -0.372
22 23 2 0.028
18 30 101 -0.595
35 12 11 -0.678
8 32 146 -0.453
35 8 118 -0.402
32 22 80 -0.188
20 25 149 -0.661
27 30 40 -0.495
16 21 31 2.630
43 14 125 -0.750
28 25 59 -0.571
38 20 91 -0.693
36 21 133 -0.738
20 32 63 -0.513
35 14 46 -0.491
26 16 3 1.039
13 37 72 1.037
36 20 83 -0.415
10 36 30 1.265
21 24 75 1.808
36 14 81 -0.309
40 12 122 -0.430
43 10 49 -0.688
19 31 28 0.102
19 31 65 0.790
19 23 27 1.096
26 11 4 1.732
30 24 118 0.697
20 40 64 -0.059
20 35 137 -0.619
35 24 57 -0.445
14 26 29 -0.290
32 12 45 -0.572
14 23 107 0.253
35 11 126 -0.750
27 29 21 -0.603
24 30 23 -0.440
9 37 108 2.169
41 5 90 -0.744
17 33 112 -0.027
18 25 76 0.640
18 31 1 2.217
18 32 37 5.526
25 23 38 0.001
13 26 103 0.051
26 33 59 -0.438
37 19 130 -0.740
39 16 8 2.015
20 24 1 3.582
30 23 22 0.397
13 32 35 3.194
25 16 3 0.820
38 17 128 -0.750
23 14 0 3.199
11 32 65 -0.267
24 24 24 0.376
38 13 93 -0.692
30 25 115 -0.607
16 29 32 0.939
34 15 121 -0.578
16 26 144 -0.291
28 11 82 -0.742
20 29 113 -0.266
40 13 16 -0.165
42 12 52 -0.482
31 27 97 -0.686
24 31 115 -0.672
14 26 66 1.030
19 34 101 -0.626
36 12 133 -0.715
19 28 73 -0.211
38 16 129 -0.739
39 14 10 0.801
22 16 112 0.922
11 38 107 -0.727
14 32 144 -0.163
37 16 48 -0.630
11 43 102 -0.250
37 14 55 -0.720
22 31 138 -0.641
15 37 74 -0.079
17 26 74 -0.149
30 13 79 -0.570
28 23 59 -0.446
24 37 137 -0.746
12 33 67 0.551
15 26 74 -0.300
41 14 46 0.366
28 22 60 -0.516
29 22 59 -0.711
37 13 54 -0.745
20 37 137 -0.631
8 36 146 -0.652
23 19 63 -0.031
26 12 44 -0.750
35 13 126 -0.740
42 15 52 -0.224
37 16 54 -0.630
24 34 77 -0.630
34 18 21 -0.651
39 5 45 -0.556
19 29 137 -0.351
19 31 113 0.000
12 32 29 0.994
11 33 107 -0.416
13 33 34 -0.128
18 28 140 0.204
14 32 110 -0.532
20 29 137 -0.633
30 22 21 -0.550
15 31 72 -0.463
31 18 135 -0.750
40 14 130 -0.724
36 6 8 1.715
36 17 18 -0.529
13 30 32 4.263
37 18 120 -0.217
16 27 75 1.069
1 45 108 -0.572
19 28 149 -0.322
38 19 86 -0.710
15 33 72 -0.398
43 15 91 -0.702
29 21 42 -0.356
32 15 9 -0.311
14 38 143 -0.415
32 20 9 -0.638
11 39 106 0.885
15 32 144 -0.146
35 14 117 -0.750
28 22 41 -0.110
38 11 11 -0.344
15 28 104 -0.162
13 26 71 1.116
13 41 140 -0.481
35 22 80 0.280
17 26 68 0.501
15 27 104 -0.750
26 24 135 -0.698
35 23 20 -0.034
25 33 24 -0.528
36 16 56 -0.675
32 20 40 -0.327
12 29 146 -0.261
36 17 92 -0.669
39 13 11 -0.616
17 31 75 0.014
21 13 138 -0.610
37 17 8 0.983
14 22 29 0.215
32 22 116 -0.636
8 38 102 -0.243
43 4 46 -0.370
17 34 140 -0.453
40 12 53 -0.561
42 7 52 -0.732
13 39 66 0.664
16 25 143 -0.711
11 31 106 0.000
39 8 51 -0.588
20 37 101 -0.588
29 35 96 -0.662
39 9 15 -0.433
35 20 94 -0.687
40 17 53 -0.219
41 15 128 -0.750
38 3 46 -0.559
36 19 8 1.012
33 14 45 -0.599
29 23 43 -0.699
9 36 109 -0.093
23 27 101 -0.047
32 19 58 -0.545
35 13 85 -0.720
32 26 21 1.042
16 37 100 -0.714
18 35 37 -0.142
32 19 95 -0.750
32 15 96 -0.698
27 22 78 -0.161
40 12 10 0.456
38 10 86 -0.463
31 20 98 -0.421
18 29 27 0.325
38 17 92 -0.750
34 11 124 -0.750
37 10 48 -0.737
29 24 24 2.285
36 21 94 -0.728
17 24 149 0.191
34 24 133 -0.695
26 20 3 1.451
29 25 60 -0.375
29 20 22 -0.331
38 14 56 -0.374
38 9 87 -0.635
38 15 123 -0.447
10 36 109 0.307
13 28 74 -0.704
37 15 17 -0.431
41 12 49 -0.139
22 33 62 -0.272
24 18 82 -0.669
41 4 11 -0.422
20 22 4 -0.555
22 37 99 -0.642
42 18 46 0.355
15 30 27 -0.084
16 21 113 0.470
17 32 64 0.437
38 8 11 -0.683
33 13 84 -0.486
14 38 32 0.823
38 14 45 0.728
36 10 12 -0.695
41 13 125 -0.710
11 26 31 1.296
11 21 107 0.192
24 22 25 -0.422
17 31 142 1.527
34 21 133 -0.746
43 1 12 -0.397
39 11 49 -0.611
14 28 74 -0.375
23 16 3 1.189
13 33 104 -0.275
26 15 4 -0.075
27 25 135 -0.675
23 19 101 -0.150
10 33 30 1.787
29 19 44 -0.664
17 33 67 1.301
12 35 102 1.610
14 27 106 1.297
38 12 121 -0.409
30 18 42 -0.152
15 22 74 1.560
40 17 88 -0.413
34 15 134 -0.738
40 12 13 -0.618
39 10 50 -0.443
37 23 19 0.126
24 21 24 0.492
39 16 94 -0.691
25 29 26 0.221
6 29 108 -0.620
20 30 101 -0.738
34 16 56 -0.750
25 29 99 -0.460
42 2 46 -0.638
43 13 16 -0.244
33 19 95 -0.728
37 20 18 -0.609
23 29 139 -0.636
23 23 26 0.164
11 31 34 0.717
37 9 50 -0.750
30 12 79 -0.503
10 30 65 -0.636
21 30 63 -0.420
13 33 106 1.492
12 35 69 1.542
9 42 35 -0.022
22 18 3 0.540
42 3 46 -0.513
11 34 30 2.000
26 29 23 -0.544
37 12 84 -0.690
16 35 148 -0.121
28 18 116 0.014
17 21 69 1.585
18 30 73 -0.317
25 24 63 -0.284
12 32 33 4.718
13 33 30 3.921
16 26 27 0.394
11 34 109 1.226
26 15 78 -0.678
18 29 144 -0.297
30 21 57 -0.627
12 28 107 0.313
35 14 9 0.766
39 12 83 0.257
27 27 116 0.078
12 32 70 1.233
36 14 83 -0.507
36 17 49 -0.693
24 31 62 -0.377
12 38 146 1.519
32 18 41 1.362
25 19 3 0.305
10 38 35 0.076
38 9 15 -0.579
40 9 85 -0.018
10 31 35 1.412
33 20 58 -0.424
38 8 13 -0.684
37 18 83 -0.723
18 26 37 6.577
33 10 20 -0.738
39 20 94 -0.750
13 30 102 0.681
35 16 122 -0.750
23 35 137 -0.714
17 27 65 0.731
25 26 79 -0.720
14 23 71 2.469
32 13 96 -0.694
35 21 133 -0.463
39 17 17 -0.559
32 14 45 -0.748
12 37 143 -0.048
9 38 32 0.311
28 27 115 -0.732
14 32 106 -0.435
18 22 148 -0.229
13 31 111 -0.695
37 3 13 -0.695
34 13 8 0.326
24 16 1 3.014
23 20 26 0.784
17 43 137 -0.629
33 14 9 -0.176
19 17 138 -0.459
16 30 37 0.854
27 18 61 -0.471
41 8 47 -0.168
22 29 113 0.262
15 31 141 -0.309
20 25 1 3.900
24 16 114 1.167
16 33 147 -0.320
23 34 24 -0.563
34 14 133 -0.553
29 21 41 -0.354
35 14 120 -0.717
15 31 112 -0.615
14 26 31 1.563
36 18 92 -0.732
11 34 143 -0.196
13 33 102 1.639
44 13 51 -0.695
29 23 77 0.778
31 21 98 -0.452
13 32 141 -0.104
18 32 27 1.475
21 21 0 3.898
11 36 32 2.304
37 15 120 -0.492
17 40 137 -0.337
19 22 34 1.039
13 41 66 0.264
19 36 63 -0.013
41 15 92 -0.702
16 22 75 1.333
41 3 15 -0.682
17 25 34 1.620
39 7 11 -0.469
22 12 78 -0.727
31 13 117 -0.544
18 25 38 2.535
31 20 96 -0.724
13 37 29 1.237
31 11 44 -0.463
30 18 40 0.153
37 11 122 0.094
39 13 54 -0.440
41 10 90 -0.750
41 2 12 -0.394
40 15 122 -0.341
25 30 25 0.219
38 7 124 -0.685
27 21 5 2.028
16 35 106 -0.090
35 18 20 0.236
38 16 132 -0.672
22 37 62 -0.286
14 25 71 3.258
29 22 43 -0.660
40 11 129 -0.742
34 20 58 -0.521
42 13 129 -0.681
24 19 99 -0.649
16 32 72 1.399
38 6 46 -0.519
29 16 40 1.000
39 5 131 -0.707
39 17 92 -0.743
11 39 66 2.667
31 15 21 -0.327
24 26 61 -0.293
37 4 14 -0.672
11 37 70 0.866
8 35 32 1.269
22 36 63 -0.676
5 48 108 -0.504
18 31 65 -0.409
20 26 139 0.039
40 16 84 -0.558
34 20 119 -0.282
20 28 139 -0.026
42 2 15 -0.679
19 30 73 -0.420
31 23 40 2.015
27 29 23 -0.748
25 25 99 -0.745
16 26 148 1.153
11 36 107 0.385
30 14 4 -0.002
15 26 70 1.046
18 21 27 -0.416
14 36 149 -0.626
37 15 84 -0.443
16 35 72 0.215
17 30 74 -0.468
21 22 0 3.688
39 15 123 -0.678
20 26 38 2.815
14 32 75 -0.316
44 11 127 -0.750
37 19 94 -0.745
18 29 102 -0.702
26 27 100 0.014
31 15 7 -0.235
17 25 33 2.763
38 9 85 -0.695
4 42 108 -0.700
43 4 88 -0.610
29 28 116 -0.708
14 44 111 -0.710
40 8 49 -0.600
13 22 107 2.135
15 35 141 -0.223
36 24 19 -0.498
34 14 6 1.444
49 5 88 -0.734
36 9 87 -0.628
39 5 12 -0.470
39 10 122 -0.266
38 10 49 -0.373
38 23 130 -0.750
17 20 73 0.923
36 20 7 1.119
41 7 51 -0.750
25 29 25 0.023
37 6 85 -0.362
12 39 70 1.397
15 30 142 -0.299
13 38 67 -0.418
15 32 145 0.038
12 23 69 3.340
27 14 82 -0.745
32 21 98 -0.745
34 12 123 -0.706
14 39 33 0.976
34 22 133 -0.736
38 14 53 -0.686
35 16 6 -0.580
15 34 70 -0.295
28 24 77 -0.593
39 17 88 -0.015
30 11 117 -0.400
17 27 111 0.201
42 6 90 -0.731
18 30 2 -0.597
12 41 147 -0.177
33 18 134 -0.536
18 24 65 0.896
34 15 10 -0.462
14 36 68 2.414
11 40 71 0.005
14 37 142 -0.159
13 23 69 3.841
38 9 48 -0.636
14 30 37 0.178
12 27 140 -0.334
45 6 16 -0.597
40 13 46 0.928
31 19 80 -0.506
16 35 68 0.233
26 31 61 0.270
40 18 11 -0.370
42 15 125 -0.582
15 41 68 0.480
29 28 135 -0.745
21 15 0 0.783
14 35 141 -0.088
40 11 11 -0.598
43 7 14 -0.348
23 22 24 0.498
11 24 69 3.235
20 26 111 -0.505
16 29 74 1.076
37 5 13 -0.695
11 33 35 1.045
16 38 112 -0.247
34 15 83 -0.575
38 24 132 -0.643
26 25 98 -0.248
13 30 148 -0.619
27 30 59 -0.409
20 25 138 -0.327
26 16 5 0.348
33 25 95 -0.102
12 24 33 5.586
30 13 117 -0.451
16 26 75 0.445
26 13 3 1.806
35 27 94 -0.750
18 25 64 0.345
42 10 90 -0.725
29 17 21 0.138
35 26 94 -0.697
35 16 19 -0.662
40 12 50 -0.658
38 16 87 -0.091
24 13 1 2.972
24 30 27 1.674
13 37 66 0.290
39 11 88 -0.716
39 14 11 0.144
23 24 112 0.617
32 16 116 -0.643
22 25 39 0.123
13 39 105 1.365
16 34 103 0.418
40 13 128 -0.750
18 25 139 0.221
12 38 145 0.522
14 28 144 0.235
38 12 129 -0.734
35 18 82 -0.552
25 33 23 0.065
43 13 124 -0.536
30 21 136 -0.737
42 3 12 -0.376
14 26 103 0.522
6 45 108 -0.593
35 20 132 -0.723
0 49 108 -0.642
39 9 92 -0.736
32 16 20 -0.523
38 16 11 -0.184
34 23 19 -0.415
38 10 14 -0.021
37 8 47 -0.741
21 18 138 -0.538
26 15 5 -0.092
16 29 31 1.335
16 32 37 4.625
35 10 121 -0.730
31 26 58 -0.591
40 7 51 -0.727
18 38 148 0.514
20 28 37 -0.231
38 6 50 -0.685
11 41 139 -0.670
9 37 35 0.097
20 40 138 -0.379
40 5 126 -0.709
35 15 10 0.012
22 35 115 -0.536
15 30 140 0.430
40 8 124 -0.705
37 7 83 -0.680
42 7 9 0.833
22 31 26 0.141
21 23 139 0.227
25 24 24 0.747
40 6 13 -0.695
28 17 40 1.178
29 16 118 -0.713
9 35 35 1.635
19 23 69 2.343
13 27 36 4.127
31 14 120 -0.443
25 23 116 -0.252
36 15 56 -0.552
26 31 25 -0.040
39 5 15 -0.695
30 24 136 -0.543
45 6 15 -0.684
12 29 67 0.494
18 30 112 0.725
42 7 90 -0.750
16 31 37 1.259
13 29 107 -0.322
22 32 99 -0.634
16 39 69 -0.117
30 19 42 -0.061
16 36 36 3.102
36 16 49 -0.540
41 12 84 -0.176
14 32 71 -0.135
41 16 125 -0.525
43 12 16 0.675
35 9 85 -0.609
11 34 69 0.127
37 16 89 -0.746
35 7 44 -0.618
15 29 103 1.915
20 31 26 -0.400
23 19 3 -0.430
37 13 92 -0.588
15 27 27 -0.261
39 13 10 0.906
18 28 112 -0.254
12 34 68 2.294
36 16 94 -0.716
26 30 25 -0.495
17 34 33 -0.056
34 23 21 -0.451
40 6 127 -0.713
35 17 11 -0.683
20 32 137 -0.577
26 16 82 -0.747
45 11 126 -0.585
38 16 47 -0.354
11 36 68 0.271
16 26 72 0.890
24 12 1 2.681
18 32 112 -0.226
38 17 94 -0.750
30 23 98 -0.176
18 34 101 -0.493
10 40 35 0.171
35 16 120 -0.684
19 35 64 0.320
34 19 57 -0.738
34 22 80 -0.054
23 34 114 -0.647
36 19 134 -0.659
15 36 140 0.521
34 17 133 -0.630
39 9 90 -0.750
32 22 59 -0.476
30 17 118 -0.686
40 13 85 0.093
17 30 27 -0.181
13 30 31 1.653
19 29 65 -0.253
16 26 140 0.385
11 29 109 0.233
39 12 85 -0.289
35 13 80 -0.196
40 8 51 -0.584
17 21 1 0.082
28 20 76 -0.475
37 20 132 -0.704
16 34 37 1.212
23 16 1 2.367
13 33 70 1.781
28 23 41 0.426
12 30 148 -0.735
40 6 12 -0.529
36 10 119 -0.040
22 24 4 -0.635
40 10 121 -0.346
13 34 34 -0.747
12 31 109 0.650
20 19 149 0.389
10 32 143 0.178
31 20 6 -0.125
10 42 102 -0.349
30 25 42 0.188
19 26 63 -0.291
10 41 102 -0.295
32 20 116 -0.683
13 36 36 1.529
41 9 124 -0.698
41 10 84 -0.120
30 20 118 -0.729
36 14 82 -0.395
29 13 116 -0.427
13 35 69 0.664
5 43 108 -0.586
36 19 130 -0.750
20 24 76 0.661
28 25 60 -0.168
19 28 27 1.715
34 15 118 -0.312
16 30 104 1.465
24 24 62 -0.613
30 8 117 -0.588
38 11 54 -0.721
31 23 6 0.020
13 29 105 0.290
12 26 106 -0.036
41 13 17 -0.592
44 12 16 -0.386
9 41 109 0.389
41 10 124 -0.722
14 33 70 -0.169
37 3 123 -0.743
35 21 120 -0.109
38 13 10 0.645
37 16 133 -0.657
24 24 99 -0.698
41 17 88 -0.216
11 34 67 2.082
16 32 143 0.162
39 14 86 0.135
38 7 12 -0.220
19 21 26 0.367
17 31 68 0.112
9 39 105 -0.418
37 13 120 -0.250
36 22 6 0.228
37 6 131 -0.626
16 19 1 -0.500
25 25 24 -0.181
7 35 108 0.552
29 23 135 -0.544
15 31 31 0.678
12 40 30 0.333
22 15 1 -0.064
39 12 55 -0.518
14 27 142 -0.014
28 21 116 -0.186
40 15 17 0.145
17 19 110 1.274
14 36 36 1.016
22 37 100 -0.510
34 12 117 -0.455
36 6 118 0.216
30 26 133 -0.643
27 20 59 -0.713
13 35 149 -0.234
20 24 2 -0.031
33 12 43 -0.066
26 20 78 -0.559
15 42 75 -0.750
27 23 135 -0.734
13 39 140 -0.375
19 21 3 -0.256
32 15 44 -0.027
14 42 111 -0.633
23 30 39 0.201
31 12 117 -0.290
22 23 114 2.132
28 21 22 0.185
26 26 61 -0.280
14 35 33 3.051
23 34 99 -0.750
38 12 56 -0.464
12 29 70 1.530
15 35 34 0.718
41 5 84 0.197
44 9 15 -0.598
33 17 58 -0.274
36 12 13 -0.596
41 9 123 -0.695
43 7 12 -0.582
12 33 70 1.458
26 13 44 -0.660
39 10 90 -0.750
16 30 111 -0.297
21 22 4 -0.525
31 16 119 -0.682
30 19 43 -0.634
42 17 130 -0.727
46 8 126 -0.750
38 14 47 -0.302
15 26 145 -0.323
33 25 58 -0.137
27 27 78 -0.707
39 10 127 -0.736
32 8 123 -0.747
12 37 145 -0.289
34 18 119 -0.741
33 15 81 -0.536
24 26 62 -0.611
15 31 148 0.405
28 29 60 -0.670
23 24 3 -0.532
38 12 83 -0.174
20 24 27 3.223
36 12 50 -0.740
37 10 12 -0.460
14 29 142 0.912
16 27 65 0.288
35 16 121 -0.325
32 13 8 -0.399
27 16 59 -0.738
25 33 77 1.433
38 17 131 -0.739
17 28 27 0.251
36 14 6 -0.695
31 26 59 -0.566
13 30 71 -0.457
9 34 108 0.367
20 21 138 -0.456
16 23 103 -0.684
10 35 30 1.509
22 25 24 0.517
36 18 83 -0.418
17 14 2 0.048
14 30 149 -0.711
38 15 80 -0.519
27 23 116 -0.067
14 26 142 0.291
40 5 127 -0.737
15 25 73 0.783
11 37 108 -0.306
33 7 121 -0.747
35 12 49 -0.641
38 10 54 -0.368
42 8 16 -0.512
27 21 78 0.237
33 21 58 -0.448
31 20 116 -0.596
23 25 113 -0.683
41 15 126 -0.700
39 13 125 -0.616
31 9 45 -0.750
37 7 9 0.538
13 28 141 0.771
34 8 8 -0.234
38 4 123 -0.707
14 22 107 -0.368
13 36 70 2.718
41 9 15 -0.675
6 33 102 -0.561
21 36 78 -0.728
31 24 98 -0.742
30 17 43 -0.517
37 17 96 -0.745
27 19 23 -0.395
10 34 65 0.169
31 17 120 -0.742
37 14 20 -0.497
39 10 91 -0.693
13 35 146 -0.145
13 27 72 0.942
15 38 0 0.587
29 24 133 -0.750
27 28 23 -0.402
33 21 95 -0.559
29 27 43 -0.700
40 9 54 -0.718
11 29 102 1.746
23 26 135 -0.729
35 16 20 -0.261
16 27 28 4.229
31 21 41 0.617
37 8 85 -0.744
30 24 43 -0.743
26 17 39 1.603
40 12 124 -0.436
11 37 147 0.049
30 9 4 -0.382
40 10 55 -0.727
18 34 1 1.941
14 24 37 2.606
21 38 64 -0.218
16 33 38 -0.120
15 23 140 -0.259
23 26 39 0.064
22 34 138 -0.697
36 15 48 -0.710
26 22 79 -0.452
38 9 89 -0.750
37 20 91 -0.750
25 26 100 -0.483
21 28 149 0.028
13 25 106 -0.111
39 15 85 -0.094
27 19 61 -0.325
18 27 69 1.836
37 16 17 -0.546
18 21 73 3.330
42 4 17 -0.612
15 23 148 0.417
38 4 85 -0.727
30 23 44 0.753
17 29 74 -0.543
14 24 68 -0.422
35 18 6 0.284
17 30 31 0.762
41 10 122 -0.750
21 17 68 1.018
40 10 13 -0.292
18 20 34 1.274
38 16 7 -0.306
39 19 131 -0.711
19 25 38 1.797
34 14 80 -0.720
14 28 104 -0.076
35 0 82 -0.671
29 26 98 -0.727
13 35 109 0.048
20 27 27 2.307
35 9 84 -0.480
36 12 126 -0.745
16 30 148 1.228
17 30 1 -0.043
33 17 10 -0.592
29 16 117 -0.733
25 24 62 -0.441
23 33 114 -0.709
16 24 148 1.183
40 12 14 -0.189
39 14 129 -0.745
31 20 58 -0.727
28 17 39 0.410
14 25 149 -0.654
28 30 136 -0.588
16 25 31 1.357
13 34 140 -0.567
34 17 119 -0.631
29 14 5 2.085
14 41 32 0.532
21 29 26 0.287
12 28 66 0.583
29 12 118 -0.707
34 12 121 -0.682
13 31 33 -0.672
42 10 91 -0.750
38 10 91 -0.675
11 34 70 1.119
19 30 2 -0.136
16 29 75 -0.663
36 17 6 1.070
37 9 118 1.001
21 29 149 -0.263
19 24 72 0.980
14 32 68 0.518
20 23 26 1.983
27 30 60 -0.647
36 11 130 -0.750
42 12 91 -0.394
14 35 106 0.305
21 25 101 -0.343
35 13 83 -0.275
40 11 89 -0.734
39 11 125 -0.750
11 33 30 1.508
33 22 19 -0.432
13 36 147 0.921
40 8 125 -0.750
13 39 111 -0.583
25 34 25 -0.291
28 16 43 -0.563
44 15 129 -0.744
27 21 120 -0.684
18 28 76 1.270
25 33 62 -0.480
20 24 25 1.142
17 20 27 -0.515
20 18 63 -0.650
14 32 31 1.891
26 19 117 -0.069
28 23 116 -0.697
24 26 76 0.213
26 20 82 -0.704
19 33 1 0.662
24 23 136 -0.748
21 17 138 -0.643
40 9 129 -0.692
34 25 58 0.130
20 23 0 0.375
31 26 43 -0.406
33 21 21 -0.375
43 9 126 -0.750
27 18 4 -0.078
34 21 57 -0.603
30 23 97 -0.728
39 3 131 -0.740
36 26 120 0.291
16 21 73 1.344
31 26 135 -0.695
32 16 81 -0.468
34 19 7 1.474
12 39 65 -0.104
17 33 100 -0.749
16 37 75 -0.322
38 16 93 -0.750
16 34 148 1.319
41 10 49 -0.710
30 10 117 -0.529
29 27 23 -0.443
42 7 16 -0.149
35 24 7 1.387
19 25 27 3.278
12 20 69 1.946
35 7 45 -0.401
37 5 87 -0.746
11 28 65 -0.464
37 9 87 -0.726
16 33 103 -0.232
32 21 43 -0.574
36 20 56 -0.651
12 34 34 0.249
16 36 103 -0.145
9 35 108 0.651
38 9 129 -0.750
32 21 6 0.734
28 27 136 -0.693
24 15 76 0.715
40 12 54 -0.677
13 33 33 0.699
37 6 127 -0.750
30 19 118 0.470
12 33 146 0.731
36 11 83 -0.748
32 18 133 -0.433
35 9 119 -0.031
42 15 51 -0.353
13 32 29 1.869
40 9 125 -0.735
31 15 115 -0.557
31 13 4 0.474
25 29 136 -0.700
21 18 2 2.389
33 13 96 -0.612
26 30 137 -0.659
35 12 132 -0.750
33 20 131 -0.750
37 15 131 -0.747
17 26 38 1.519
26 31 79 -0.678
37 5 7 -0.278
27 25 114 0.528
31 18 116 -0.570
30 18 116 -0.148
16 29 71 0.875
23 22 113 -0.693
40 11 83 -0.068
27 25 120 -0.709
16 27 69 2.907
35 2 85 -0.715
29 20 21 -0.495
16 19 31 1.757
21 31 78 -0.750
21 14 138 -0.681
43 9 50 -0.519
27 27 79 -0.385
41 9 88 -0.669
14 33 34 1.702
39 14 55 -0.603
35 16 47 -0.750
15 34 102 -0.215
37 22 56 -0.296
34 22 94 -0.733
42 11 124 -0.548
32 18 56 -0.679
23 19 114 0.626
17 30 38 1.503
39 9 55 -0.700
25 16 76 1.224
12 24 31 2.704
30 12 7 1.269
44 11 124 -0.737
16 22 27 -0.195
28 22 134 -0.717
25 34 62 -0.334
42 12 14 -0.569
37 12 54 -0.736
41 10 14 -0.436
38 11 51 -0.492
28 19 42 0.368
23 31 78 -0.018
36 10 118 0.006
30 14 77 0.442
15 39 75 -0.582
38 9 53 -0.618
14 39 74 -0.420
33 21 6 0.488
17 29 28 0.314
32 17 117 -0.747
38 7 90 -0.571
37 17 56 -0.152
15 29 71 0.351
13 17 34 1.772
16 32 70 0.119
36 18 20 -0.739
36 10 87 -0.669
23 24 25 -0.066
20 22 3 0.196
41 2 11 -0.669
34 9 121 -0.728
28 26 134 -0.750
34 15 7 0.398
13 41 105 0.130
7 39 105 -0.638
33 24 59 -0.629
22 35 100 -0.416
13 35 35 2.074
42 10 54 -0.688
23 29 137 -0.681
13 35 143 0.439
32 10 8 0.014
31 20 21 -0.583
33 26 59 -0.621
38 13 17 -0.647
28 27 79 0.160
30 27 98 -0.562
20 35 138 -0.375
14 28 111 -0.278
38 15 90 -0.700
20 22 74 -0.186
13 40 67 -0.495
27 28 99 -0.570
15 25 28 1.430
24 32 99 -0.723
31 25 97 -0.344
21 28 79 -0.750
27 24 136 -0.458
13 34 139 -0.750
14 40 113 -0.601
32 18 10 -0.594
29 24 98 -0.042
14 28 37 0.944
34 15 95 -0.052
33 15 9 -0.458
40 15 129 -0.591
14 33 110 -0.695
32 13 118 -0.200
37 15 92 -0.750
35 23 58 0.057
31 26 42 0.121
18 28 64 0.579
33 18 9 -0.401
16 24 28 2.704
15 27 66 -0.163
14 35 32 3.699
29 31 98 -0.419
12 27 111 -0.750
17 33 72 -0.100
23 27 139 -0.661
36 5 85 -0.706
31 24 44 0.565
21 26 149 -0.243
37 9 119 -0.750
26 20 44 -0.750
45 3 46 -0.571
30 21 96 -0.750
10 40 145 -0.388
12 31 67 -0.078
37 15 127 -0.716
29 11 115 0.681
39 5 14 -0.695
14 31 102 1.787
32 26 133 -0.750
16 32 100 -0.627
26 23 76 0.248
28 20 42 0.546
14 32 143 -0.475
19 21 75 0.669
22 21 139 -0.695
33 14 5 0.614
39 14 88 -0.227
32 26 42 0.276
32 27 95 -0.095
11 35 32 2.506
39 17 10 -0.611
30 22 96 -0.750
17 31 65 -0.347
38 11 91 -0.743
16 35 109 -0.316
39 16 86 -0.698
39 10 89 -0.750
40 3 16 -0.541
15 37 102 -0.362
27 26 39 1.305
15 22 28 1.658
16 32 71 1.164
18 28 74 -0.366
14 32 70 0.760
28 15 116 -0.344
19 18 138 -0.446
38 13 56 -0.464
37 12 13 -0.666
38 13 13 -0.489
16 20 69 2.208
38 2 12 -0.630
38 18 131 -0.743
35 23 57 -0.666
35 6 44 0.064
15 29 66 0.412
34 10 9 -0.600
20 36 101 -0.511
16 28 73 -0.045
36 21 18 -0.220
20 15 149 0.694
34 15 47 -0.541
37 11 53 -0.750
32 20 44 1.071
15 40 0 -0.695
28 33 96 -0.738
38 21 120 0.070
36 17 57 -0.508
22 25 63 -0.664
30 21 21 -0.456
30 22 23 -0.458
29 22 41 0.691
34 10 81 -0.431
18 25 27 -0.400
23 29 24 -0.508
13 32 147 0.116
20 25 25 1.981
36 17 45 0.435
33 19 58 -0.448
11 35 30 2.945
30 20 44 1.133
41 13 53 -0.674
26 29 136 -0.738
15 37 148 1.117
43 16 128 -0.749
24 23 26 -0.255
35 16 56 -0.716
41 15 87 -0.750
41 6 90 -0.750
17 24 63 -0.547
12 30 69 1.454
28 18 61 -0.234
16 31 75 -0.750
38 7 13 -0.695
28 12 44 0.396
37 18 6 1.102
9 37 147 -0.561
9 45 102 -0.559
33 5 85 -0.593
29 31 135 -0.592
37 19 56 -0.743
40 12 91 -0.750
18 30 103 -0.228
12 37 70 1.022
41 5 12 -0.118
27 20 116 -0.493
36 15 18 -0.526
38 9 123 -0.750
18 34 36 5.247
15 36 106 -0.122
9 42 146 0.066
38 20 133 -0.611
19 27 65 0.346
41 7 11 -0.554
29 22 115 -0.542
19 19 34 0.071
27 23 44 -0.748
27 25 42 0.075
15 33 66 0.126
35 8 50 -0.720
39 10 14 -0.363
39 8 15 -0.041
37 16 92 -0.620
30 20 41 0.098
27 26 77 -0.679
40 13 123 -0.592
22 14 1 0.145
16 24 37 3.193
17 27 112 0.192
23 26 139 -0.216
20 35 26 -0.443
18 27 31 1.052
14 36 140 0.151
18 22 69 1.735
35 19 10 -0.378
26 19 76 -0.210
28 26 21 -0.443
16 24 34 3.497
15 24 72 0.032
36 19 94 -0.649
15 30 33 3.253
37 8 50 -0.740
17 29 104 0.282
24 23 4 -0.530
31 22 80 -0.541
16 19 74 0.232
40 9 51 -0.688
12 30 66 -0.293
37 22 19 -0.144
42 10 52 -0.493
13 40 102 -0.556
30 18 80 -0.511
16 27 104 -0.050
11 43 146 0.729
30 23 60 -0.596
22 24 38 2.306
25 29 114 0.143
13 27 71 1.233
15 31 67 0.250
38 12 84 -0.554
41 5 88 -0.662
26 24 114 -0.134
41 15 49 -0.718
37 4 131 -0.740
40 13 48 -0.496
13 38 111 -0.745
34 11 120 -0.750
34 17 44 -0.750
39 12 10 0.366
34 9 81 -0.672
12 31 146 -0.358
34 22 97 -0.354
20 32 101 -0.691
29 19 22 -0.112
21 36 137 -0.685
18 24 68 1.619
31 24 97 -0.318
28 14 117 -0.750
14 33 71 0.055
26 26 77 0.656
45 2 88 -0.709
18 30 33 0.529
21 31 149 -0.335
38 13 55 -0.742
12 30 107 0.803
36 9 130 -0.750
18 24 141 -0.115
14 29 103 -0.738
20 33 0 0.259
35 15 85 -0.632
27 21 116 -0.222
20 17 0 2.573
42 9 54 -0.709
18 18 110 0.550
19 30 26 -0.472
34 16 118 -0.120
24 30 25 -0.266
17 29 65 0.063
33 13 20 -0.561
18 30 37 1.440
16 28 29 -0.459
11 36 140 -0.691
39 12 54 -0.590
12 32 146 1.362
10 40 105 -0.225
12 32 67 0.927
35 12 87 -0.442
12 28 143 0.619
32 15 117 -0.453
35 21 132 -0.729
35 19 47 -0.725
15 38 140 0.258
25 34 24 -0.066
13 24 29 0.241
26 26 136 -0.750
29 16 43 -0.644
22 32 0 0.661
38 13 15 -0.199
36 21 57 0.188
13 40 29 0.158
38 12 92 -0.713
15 29 33 3.557
16 30 1 -0.360
15 32 34 0.611
19 30 64 0.656
13 36 102 0.242
16 27 110 0.234
23 33 99 -0.719
35 17 18 -0.647
27 25 76 -0.508
16 19 73 2.494
12 37 147 -0.406
42 15 93 -0.617
30 24 60 -0.486
32 17 5 1.222
29 9 79 0.088
26 27 23 -0.675
19 21 34 0.188
12 40 35 4.244
14 39 35 1.633
12 29 34 -0.241
18 21 64 1.011
25 27 23 0.388
37 4 84 -0.020
40 13 13 -0.258
14 34 104 -0.221
40 8 126 -0.650
23 19 138 -0.719
32 23 6 0.484
28 24 98 -0.417
37 19 93 -0.750
14 32 103 0.577
34 13 132 -0.742
25 11 116 -0.692
41 13 123 -0.745
11 35 71 0.407
43 11 49 -0.482
30 24 115 -0.431
15 34 33 -0.567
23 29 100 0.067
39 10 11 -0.446
42 11 13 -0.695
39 13 128 -0.750
31 27 133 -0.650
12 32 147 -0.247
24 25 99 -0.701
39 21 130 -0.750
38 16 48 -0.644
21 24 111 -0.543
30 27 135 -0.555
37 13 89 -0.750
36 8 82 0.151
38 6 15 -0.695
14 34 147 0.712
36 15 10 0.453
13 37 102 -0.654
16 37 147 -0.498
37 12 127 -0.745
12 32 145 0.112
16 29 69 1.786
28 32 59 -0.745
17 31 27 -0.185
35 12 47 -0.648
12 37 112 -0.356
31 12 118 -0.179
38 13 122 -0.353
43 13 91 -0.707
14 34 33 0.425
41 5 51 -0.750
25 25 3 1.053
33 22 95 -0.206
40 5 13 -0.581
23 35 115 -0.660
41 13 14 -0.406
24 28 1 3.263
19 27 64 0.248
20 22 76 0.639
33 11 117 -0.631
16 26 29 -0.277
42 7 53 -0.729
32 26 43 -0.389
31 24 59 -0.415
37 7 131 -0.710
36 10 89 -0.748
17 32 69 1.044
12 25 107 1.014
17 29 148 -0.152
14 26 2 -0.504
36 15 93 -0.659
25 31 60 -0.497
10 33 32 0.969
19 32 149 -0.248
44 14 51 -0.671
37 13 131 -0.674
14 22 28 0.923
41 15 17 -0.442
33 13 119 -0.740
36 5 7 -0.486
24 23 5 -0.334
23 21 139 -0.263
28 21 117 -0.736
41 11 46 0.746
40 9 84 0.011
38 7 85 -0.488
14 18 74 0.321
11 32 70 0.762
17 31 38 0.075
39 22 83 -0.725
15 33 74 -0.591
42 7 51 -0.701
27 32 59 -0.403
20 29 75 0.694
24 25 100 -0.017
36 7 118 -0.447
35 10 49 -0.750
15 38 143 -0.038
18 24 34 0.823
39 15 88 -0.566
11 42 109 -0.316
11 34 72 1.171
39 11 15 -0.695
12 22 105 -0.137
18 25 111 -0.338
31 15 116 -0.609
38 7 86 -0.690
36 18 18 -0.473
26 10 4 1.777
40 14 55 -0.441
36 14 54 -0.629
22 16 1 -0.325
12 31 71 1.321
14 38 33 2.201
37 8 129 -0.747
35 16 10 -0.289
14 36 71 0.217
28 21 114 -0.422
21 27 113 -0.375
26 22 5 1.095
40 13 49 -0.567
40 6 91 -0.418
33 18 20 -0.396
14 38 36 1.469
21 31 5 -0.032
16 32 36 4.922
15 37 103 0.510
39 15 17 -0.396
9 34 102 -0.175
37 15 81 -0.286
35 15 20 -0.229
30 24 57 -0.442
35 14 53 -0.750
35 26 20 -0.338
14 24 106 1.087
42 9 128 -0.745
31 14 7 -0.259
19 29 26 -0.286
36 7 7 0.520
22 20 139 -0.472
41 14 129 -0.669
39 14 123 -0.524
17 25 38 1.545
9 39 108 0.987
25 16 137 -0.740
31 13 7 -0.244
22 20 3 0.316
31 25 96 -0.686
23 37 77 0.880
7 28 108 0.109
34 16 93 -0.750
13 35 65 -0.013
29 24 80 -0.572
40 9 49 -0.725
20 18 138 -0.589
30 27 41 0.813
11 31 143 0.167
39 16 92 -0.724
26 28 62 0.133
28 28 60 -0.738
26 31 60 -0.437
18 18 31 0.860
18 32 102 -0.624
20 24 64 0.685
39 7 124 -0.678
11 30 65 0.068
24 18 114 1.157
37 18 81 -0.184
38 12 131 -0.745
41 19 91 -0.657
22 21 27 0.760
36 13 12 -0.469
41 15 88 -0.661
28 26 41 0.277
17 22 34 2.069
17 28 26 -0.524
17 31 145 0.577
33 20 19 -0.691
25 28 4 -0.616
39 4 15 -0.684
38 19 131 -0.720
37 16 46 -0.668
23 25 1 2.010
42 14 88 -0.185
26 26 25 0.357
38 17 122 -0.194
17 31 138 -0.179
9 36 102 -0.251
41 9 90 -0.651
37 6 123 -0.748
28 15 115 -0.496
28 25 136 -0.673
37 13 13 -0.641
34 10 119 -0.605
24 25 135 -0.709
43 15 129 -0.711
39 18 91 -0.629
31 24 94 -0.740
42 9 50 -0.540
18 30 27 0.039
15 32 33 2.080
29 22 42 -0.282
27 19 60 -0.732
12 33 36 2.298
33 9 81 -0.581
32 13 117 -0.744
20 30 28 0.432
31 28 22 -0.584
17 22 110 -0.337
33 10 44 -0.589
28 24 76 -0.520
28 21 136 -0.750
38 12 17 -0.422
29 14 97 -0.618
11 29 69 -0.021
