34 9 45 -0.396
12 36 140 -0.432
15 30 27 -0.084
13 27 36 4.127
33 9 84 -0.684
25 20 3 1.440
25 26 5 0.454
12 37 69 0.894
31 6 79 -0.227
16 25 70 1.302
27 12 115 0.361
23 22 4 -0.572
39 7 90 -0.699
40 18 11 -0.370
37 6 123 -0.748
21 30 77 -0.594
42 10 49 -0.468
18 25 63 -0.345
37 7 123 -0.749
28 33 134 -0.698
17 23 33 3.402
43 8 17 -0.695
37 24 95 -0.663
26 16 5 0.348
35 13 82 -0.508
34 22 94 -0.733
34 9 126 -0.750
29 22 118 -0.230
35 17 19 -0.417
43 11 129 -0.703
21 28 75 0.448
40 10 16 -0.585
39 19 92 -0.750
35 14 89 -0.750
20 35 138 -0.375
16 20 34 0.792
39 13 10 0.906
40 16 11 -0.254
27 19 98 -0.612
17 32 64 0.437
37 9 127 -0.749
30 21 117 -0.408
33 13 9 -0.546
28 18 42 0.262
0 49 108 -0.642
16 25 34 2.633
17 35 103 0.678
22 18 3 0.540
15 41 68 0.480
39 6 12 -0.309
40 11 50 -0.207
34 12 119 -0.127
13 32 29 1.869
33 22 59 -0.623
21 32 26 -0.081
22 23 112 1.044
41 15 13 -0.410
31 17 41 0.597
24 16 1 3.014
34 9 9 2.067
42 13 129 -0.681
42 15 51 -0.353
32 7 7 -0.662
16 23 70 1.055
30 20 96 -0.746
43 8 15 -0.349
29 17 40 1.618
14 31 33 1.657
5 32 30 0.075
45 17 51 -0.697
16 19 74 0.232
13 26 70 -0.209
30 11 117 -0.400
13 36 68 -0.381
15 33 69 -0.072
10 33 143 -0.568
38 8 49 -0.377
15 25 141 -0.147
41 14 129 -0.669
37 20 19 -0.298
30 24 98 -0.297
15 25 103 1.672
16 31 75 -0.750
41 15 92 -0.702
20 29 113 -0.266
14 22 106 0.465
44 9 90 -0.750
18 27 27 1.389
24 24 139 -0.211
17 24 141 0.151
39 13 14 -0.054
31 28 58 -0.658
20 27 76 0.596
19 28 33 0.198
32 29 22 -0.336
35 20 41 0.021
39 17 55 -0.575
20 32 99 -0.702
16 33 103 -0.232
35 20 19 -0.375
13 30 67 -0.090
39 14 54 -0.313
27 32 134 -0.750
27 23 135 -0.734
28 21 116 -0.186
41 8 52 -0.438
16 29 141 0.750
15 38 143 -0.038
25 25 62 -0.216
32 16 44 -0.468
44 7 16 -0.586
11 35 71 0.407
19 19 64 -0.059
15 29 68 0.000
39 16 86 -0.698
29 12 115 0.955
30 14 118 -0.185
15 29 70 -0.268
29 24 115 -0.604
16 39 113 -0.670
42 6 13 -0.413
23 24 4 -0.367
23 35 115 -0.660
16 36 36 3.102
24 14 1 3.372
39 15 55 -0.616
37 9 85 -0.127
32 16 116 -0.643
19 26 64 0.557
19 24 37 0.688
42 8 127 -0.750
28 25 60 -0.168
14 32 36 3.667
25 24 116 -0.453
23 31 100 -0.388
32 6 123 -0.750
15 31 71 0.102
35 13 47 -0.482
13 40 143 -0.232
28 31 59 -0.736
17 30 74 -0.468
39 11 85 -0.090
16 23 140 -0.081
27 28 99 -0.570
24 29 62 -0.607
39 9 122 -0.537
35 4 82 -0.526
11 33 146 0.299
14 40 143 -0.389
38 12 56 -0.464
23 27 63 -0.569
43 14 128 -0.735
38 12 57 -0.590
23 29 24 -0.508
34 19 119 -0.749
35 17 18 -0.647
42 9 17 -0.668
37 9 87 -0.726
36 14 49 -0.750
25 20 4 0.062
15 32 144 -0.146
13 31 143 -0.384
12 29 146 -0.261
17 29 74 -0.543
41 8 14 -0.695
26 19 61 -0.178
30 16 5 0.052
20 25 25 1.981
38 15 53 -0.571
22 19 114 0.614
19 20 1 0.975
29 25 136 -0.682
34 14 7 0.160
23 29 25 -0.037
38 7 87 -0.702
13 29 105 0.290
29 26 60 -0.476
26 30 99 -0.489
41 15 130 -0.521
26 16 117 -0.724
34 7 45 -0.459
32 19 133 -0.601
40 8 47 -0.482
39 3 12 -0.695
41 12 15 -0.609
24 38 114 -0.650
44 7 46 -0.047
23 19 63 -0.031
38 16 132 -0.672
33 16 96 -0.606
40 11 128 -0.750
12 40 30 0.333
15 37 67 0.273
16 37 142 -0.372
34 19 21 -0.579
27 28 39 1.578
40 12 128 -0.727
15 22 103 0.356
28 30 23 -0.375
38 9 129 -0.750
22 32 100 -0.491
39 7 131 -0.702
16 39 36 2.793
25 23 38 0.001
13 39 71 0.031
12 40 68 2.826
16 36 75 -0.153
33 12 43 -0.066
37 10 124 -0.750
33 18 43 0.074
35 12 83 -0.735
35 16 11 -0.632
41 13 46 -0.121
21 25 38 3.262
38 6 18 -0.522
16 39 0 -0.383
34 15 43 0.369
36 19 8 1.012
12 38 145 0.522
42 9 128 -0.745
0 44 108 -0.685
14 28 142 0.318
24 24 3 -0.517
12 37 66 2.355
18 32 112 -0.226
33 0 82 -0.750
31 24 57 -0.569
37 17 10 -0.274
9 38 107 -0.413
18 33 106 -0.343
37 7 45 -0.336
30 20 115 -0.464
37 17 19 -0.573
16 28 73 -0.045
14 29 111 0.607
24 24 78 -0.586
36 15 7 0.276
23 34 99 -0.750
19 29 139 0.094
15 27 110 -0.394
40 11 126 -0.732
19 33 37 0.510
27 29 41 -0.455
14 28 70 1.862
40 7 123 -0.743
29 22 97 -0.459
35 16 41 0.005
42 9 90 -0.750
24 25 25 -0.241
28 29 60 -0.670
20 29 64 0.171
19 31 27 0.457
14 36 68 2.414
15 33 32 1.282
39 15 53 -0.705
26 12 4 1.628
29 23 39 0.280
35 14 117 -0.750
36 21 18 -0.220
28 14 5 -0.560
18 27 148 0.351
43 7 51 -0.561
39 7 91 -0.653
25 32 25 -0.316
25 24 3 1.156
41 7 92 -0.440
17 24 74 -0.133
42 2 17 -0.657
15 34 34 0.614
20 30 27 1.789
27 21 115 -0.690
14 31 74 -0.488
40 10 45 0.209
31 16 40 -0.566
15 22 29 0.371
35 17 94 -0.737
37 13 89 -0.750
14 26 66 1.030
38 13 48 -0.420
29 16 77 0.550
36 21 20 -0.272
41 7 51 -0.750
20 21 2 0.846
18 27 31 1.052
21 28 0 0.032
42 14 13 -0.559
41 12 51 -0.549
40 10 84 -0.019
36 24 130 -0.750
33 17 6 1.808
39 17 130 -0.750
36 9 45 -0.387
17 22 73 2.392
11 41 109 -0.271
29 22 60 -0.514
10 40 107 -0.422
35 12 43 0.230
11 41 106 0.140
36 14 122 -0.737
18 34 101 -0.493
35 8 126 -0.734
29 24 60 -0.354
16 25 27 -0.367
41 9 13 -0.362
37 6 7 1.504
34 15 121 -0.578
14 41 66 0.805
38 12 7 -0.491
14 41 140 -0.363
37 12 48 -0.750
13 30 36 0.860
27 23 62 -0.591
41 11 51 -0.721
14 36 112 -0.602
32 21 134 -0.273
38 9 13 -0.653
21 23 139 0.227
21 33 137 -0.562
9 38 35 0.781
35 14 131 -0.750
32 24 42 1.319
38 12 10 0.414
30 20 40 0.118
31 26 133 -0.748
42 20 125 -0.695
40 11 83 -0.068
35 14 87 -0.543
13 36 35 2.881
42 13 123 -0.540
42 12 50 -0.545
34 12 47 -0.256
25 32 114 -0.321
15 27 29 -0.264
14 30 34 -0.453
7 32 108 -0.224
24 27 78 -0.574
26 23 24 0.964
38 9 85 -0.695
14 22 34 1.310
14 36 143 0.137
37 12 54 -0.736
40 14 86 -0.583
15 24 149 -0.059
28 16 97 -0.720
20 20 3 -0.576
37 6 127 -0.750
37 17 7 -0.522
23 25 78 -0.210
19 28 27 1.715
15 29 71 0.351
35 0 82 -0.671
37 16 57 -0.548
30 24 136 -0.543
30 26 22 0.980
36 22 130 -0.750
35 13 43 0.180
37 14 121 -0.644
36 21 7 1.492
17 34 100 -0.704
41 6 90 -0.750
39 8 52 -0.638
40 10 91 -0.647
12 31 34 0.121
9 35 35 1.635
14 42 147 -0.114
36 17 10 1.285
24 30 62 -0.254
14 26 31 1.563
32 18 81 -0.572
34 10 81 -0.431
37 11 132 -0.649
36 8 10 -0.457
19 29 37 0.787
30 23 115 -0.508
42 9 92 -0.645
31 23 133 -0.740
31 15 120 -0.745
39 14 9 0.094
14 35 144 -0.312
22 32 0 0.661
39 3 131 -0.740
28 14 39 1.346
32 16 9 -0.662
24 27 62 -0.582
34 19 9 0.974
30 22 23 -0.458
29 13 39 1.765
33 21 21 -0.375
25 22 79 -0.288
40 5 46 -0.678
39 13 18 -0.711
34 23 57 -0.548
39 10 92 -0.705
20 15 149 0.694
36 16 118 0.102
36 22 80 -0.082
30 25 120 -0.572
12 35 143 0.748
38 13 17 -0.647
16 22 75 1.333
19 18 149 0.546
15 38 72 -0.676
18 30 76 0.049
15 33 147 -0.584
16 28 29 -0.459
38 8 9 0.689
13 37 104 -0.620
16 33 112 -0.359
34 21 95 -0.563
10 40 139 -0.657
23 28 24 -0.238
32 13 8 -0.399
36 7 127 -0.750
29 29 41 0.482
31 11 4 0.203
22 29 64 -0.070
12 34 29 1.600
37 1 46 -0.659
20 23 3 0.414
42 7 90 -0.750
18 16 34 0.514
37 12 120 -0.528
14 31 148 -0.602
22 23 3 1.415
40 17 88 -0.413
21 18 31 0.490
20 17 138 -0.446
23 17 138 -0.750
15 28 75 1.430
30 22 96 -0.750
33 13 121 -0.289
30 13 79 -0.570
20 24 76 0.661
28 31 99 -0.676
44 4 50 -0.310
12 32 33 4.718
42 17 129 -0.708
37 3 13 -0.695
38 7 54 -0.611
38 9 53 -0.618
16 37 103 0.930
35 20 80 -0.127
30 25 21 -0.249
13 29 65 -0.243
18 37 73 -0.020
13 34 35 2.609
16 34 37 1.212
13 30 148 -0.619
37 11 55 -0.672
36 9 47 -0.491
14 34 66 0.316
17 33 149 -0.463
13 38 106 -0.104
30 24 43 -0.743
35 19 55 -0.560
9 32 35 3.252
16 24 148 1.183
21 21 2 0.203
33 20 95 -0.725
36 13 80 0.019
19 18 1 0.953
15 30 67 0.794
15 37 103 0.510
28 22 118 -0.075
13 39 72 2.462
33 17 96 -0.583
12 36 71 -0.020
28 35 77 0.396
37 12 49 -0.737
36 10 87 -0.669
28 28 60 -0.738
40 9 14 -0.579
38 18 80 0.155
14 31 111 -0.051
34 24 6 1.807
25 26 25 0.251
20 23 0 0.375
26 21 59 -0.563
27 21 39 1.473
12 41 30 1.116
18 21 31 0.642
20 35 101 -0.605
31 13 4 0.474
22 24 37 0.567
20 31 37 0.569
35 18 118 -0.045
40 10 126 -0.698
38 12 18 -0.595
43 5 13 -0.130
30 21 61 -0.520
27 29 60 -0.506
21 17 138 -0.643
30 18 43 -0.447
29 17 22 0.625
20 27 65 -0.468
41 12 53 -0.748
37 10 90 -0.726
37 13 85 -0.637
28 26 134 -0.750
35 11 48 -0.638
12 30 66 -0.293
35 8 11 -0.189
12 24 146 1.526
17 34 148 0.238
24 24 62 -0.613
17 15 73 1.762
24 21 99 -0.748
14 24 70 1.177
42 17 52 -0.366
29 25 23 -0.190
42 7 15 -0.456
16 24 140 0.671
25 19 97 -0.750
19 33 137 -0.365
11 36 72 -0.065
38 15 48 -0.312
13 33 105 0.644
15 36 29 1.719
30 17 77 0.587
22 29 24 -0.382
15 33 71 0.362
40 17 91 -0.734
13 38 67 -0.418
31 25 97 -0.344
40 11 89 -0.734
35 12 118 -0.505
10 29 70 0.683
24 22 76 0.721
43 2 12 -0.496
12 30 71 -0.046
37 19 19 -0.590
17 26 68 0.501
17 22 31 1.843
15 36 148 -0.720
33 18 58 -0.430
20 26 38 2.815
37 11 13 -0.515
18 29 37 3.708
15 33 149 -0.506
32 21 97 -0.127
33 7 123 -0.750
11 32 29 2.217
31 18 134 -0.676
13 30 32 4.263
20 30 28 0.432
33 15 43 0.272
13 38 139 -0.686
15 36 144 -0.042
18 27 139 -0.672
41 9 90 -0.651
42 8 52 -0.647
27 15 40 0.999
42 17 88 -0.438
24 24 99 -0.698
30 22 41 0.247
29 27 43 -0.700
31 19 96 -0.750
14 22 110 -0.331
12 22 105 -0.137
37 22 6 1.408
36 19 83 -0.499
19 29 65 -0.253
38 17 121 -0.369
39 10 122 -0.266
18 30 26 0.422
39 12 90 -0.750
28 25 41 -0.406
36 20 6 1.207
15 30 68 1.983
25 15 5 0.007
20 27 137 -0.580
40 8 14 -0.627
39 11 53 -0.481
29 19 117 -0.732
35 13 46 -0.634
29 21 26 0.647
11 31 109 0.678
13 30 106 0.146
13 38 147 0.553
45 6 16 -0.597
30 20 41 0.098
35 21 57 0.509
40 5 16 -0.485
34 22 20 -0.068
16 27 31 0.826
28 22 39 -0.155
21 26 26 0.051
34 16 119 -0.650
28 22 115 -0.742
30 17 80 -0.658
30 21 57 -0.627
38 14 48 -0.326
39 15 91 -0.730
37 15 8 -0.207
42 11 51 -0.619
22 33 137 -0.750
17 39 68 0.030
17 23 34 2.251
21 32 65 0.357
37 14 131 -0.704
16 26 110 0.666
31 18 81 -0.470
16 34 66 0.457
31 23 22 -0.154
29 26 23 0.248
41 13 51 -0.541
22 37 78 -0.649
25 22 39 3.810
35 25 95 -0.701
23 21 139 -0.263
36 11 119 -0.638
18 30 1 0.614
22 19 112 1.427
36 19 20 0.882
30 22 135 -0.474
25 25 38 -0.210
40 8 16 -0.182
13 38 104 -0.347
37 7 84 -0.672
30 23 98 -0.176
19 23 28 1.636
27 23 41 -0.368
17 25 74 -0.261
42 16 129 -0.489
26 17 44 0.366
19 19 138 -0.329
19 21 110 1.914
28 26 59 -0.660
34 4 45 -0.572
39 7 13 -0.690
31 21 6 0.078
35 25 94 -0.688
34 12 10 -0.461
26 20 98 -0.574
17 26 75 2.560
35 11 126 -0.750
43 18 128 -0.741
29 17 5 0.160
30 21 40 0.539
9 29 107 -0.504
21 25 75 0.453
37 11 18 -0.167
12 29 68 -0.044
16 21 141 -0.662
25 26 60 -0.513
31 15 81 -0.692
39 11 14 -0.093
12 24 31 2.704
36 10 89 -0.748
8 37 102 -0.224
38 7 13 -0.695
15 32 68 2.390
38 12 11 -0.681
31 18 44 0.670
10 36 35 0.734
23 36 137 -0.737
36 17 80 -0.495
35 18 82 -0.552
41 13 53 -0.674
12 34 112 -0.475
17 24 147 0.938
31 20 118 0.376
13 32 140 0.105
33 18 80 -0.462
19 30 0 0.414
28 11 82 -0.742
31 16 118 0.190
32 27 58 -0.632
15 36 0 0.816
15 36 105 0.458
26 29 61 0.273
14 43 111 -0.552
36 21 133 -0.738
19 22 3 0.270
27 11 4 0.976
26 23 97 -0.748
13 36 149 -0.134
35 20 93 -0.750
43 15 49 -0.316
38 15 45 -0.419
26 20 78 -0.559
42 15 91 -0.647
23 21 26 0.198
42 12 52 -0.482
26 30 60 -0.597
12 34 143 0.738
40 12 92 -0.705
42 1 46 -0.646
38 19 91 -0.750
28 22 59 -0.746
42 14 50 -0.665
42 6 17 -0.675
31 20 42 -0.386
31 18 135 -0.750
37 16 48 -0.630
33 19 95 -0.728
34 18 96 -0.331
14 36 67 0.694
21 29 138 -0.611
29 24 133 -0.750
41 4 12 -0.570
19 21 74 -0.109
36 17 56 -0.630
11 38 72 1.889
28 21 61 -0.400
31 17 116 -0.344
21 17 112 1.726
31 21 98 -0.452
38 13 56 -0.464
35 18 20 0.236
37 5 123 -0.678
15 29 149 -0.477
21 28 28 1.308
22 12 3 0.828
15 35 140 0.112
25 27 62 0.039
17 33 100 -0.749
39 9 92 -0.736
38 13 7 -0.115
33 21 42 0.079
13 37 102 -0.654
28 19 4 0.586
34 20 9 0.747
33 14 45 -0.599
14 33 30 0.401
17 30 29 -0.273
39 10 50 -0.443
35 8 50 -0.720
30 9 4 -0.382
40 12 50 -0.658
37 10 131 -0.734
40 9 55 -0.472
15 32 34 0.611
14 27 103 1.201
39 7 85 -0.408
36 12 57 -0.559
31 17 120 -0.742
38 11 11 -0.344
24 30 27 1.674
13 40 142 -0.279
15 37 0 1.075
40 5 13 -0.581
16 29 104 -0.043
38 10 11 -0.237
27 24 42 -0.197
25 20 116 -0.427
38 11 91 -0.743
36 13 9 1.119
32 19 58 -0.545
37 10 53 -0.750
20 24 1 3.582
25 25 4 -0.635
35 22 82 -0.681
11 44 102 -0.296
14 31 140 -0.061
35 7 8 0.027
9 29 109 0.168
39 11 126 -0.716
37 14 18 -0.142
31 23 40 2.015
19 35 148 0.685
28 19 59 -0.537
35 15 20 -0.229
19 23 76 0.994
40 10 88 -0.654
34 13 43 -0.084
15 34 103 1.082
35 19 118 -0.031
35 10 8 -0.011
23 37 114 -0.641
27 20 114 -0.049
14 38 33 2.201
40 9 51 -0.688
18 20 31 0.887
27 28 26 0.096
41 10 53 -0.721
42 14 129 -0.662
32 20 44 1.071
38 12 55 -0.700
20 29 0 0.235
34 17 57 -0.101
32 19 95 -0.750
9 43 102 -0.305
42 11 13 -0.695
25 19 3 0.305
27 22 134 -0.659
26 31 60 -0.437
10 35 146 -0.034
41 16 128 -0.737
27 18 2 0.314
38 13 47 -0.281
30 19 21 0.378
18 29 113 -0.358
16 30 104 1.465
11 44 139 -0.612
25 24 136 -0.732
31 17 79 0.138
33 13 84 -0.486
14 32 34 0.125
33 26 43 -0.477
40 8 125 -0.750
22 25 114 1.310
18 25 113 1.297
27 16 39 0.544
26 26 61 -0.280
38 23 130 -0.750
12 32 108 -0.217
39 15 47 -0.491
36 22 7 2.298
37 18 121 -0.745
27 27 136 -0.586
16 31 32 1.700
43 10 46 0.643
35 17 9 0.872
42 13 91 -0.717
18 26 141 0.287
39 17 131 -0.522
31 19 59 -0.743
9 40 109 0.694
10 32 106 -0.698
41 6 14 -0.584
28 19 61 -0.384
36 6 84 -0.543
39 12 126 -0.700
14 26 29 -0.290
34 14 80 -0.720
12 39 72 1.171
19 24 65 -0.356
20 23 1 3.028
14 26 103 0.522
30 19 61 -0.241
18 24 28 1.509
40 8 51 -0.584
17 28 27 0.251
11 32 65 -0.267
9 33 32 0.736
30 24 61 -0.511
35 7 7 -0.470
16 32 70 0.119
38 17 132 -0.567
26 21 99 -0.730
42 2 12 -0.672
41 16 88 -0.256
19 31 104 0.208
26 20 59 -0.634
41 9 86 0.137
20 25 113 -0.376
38 13 55 -0.742
20 19 63 -0.584
40 8 90 -0.749
25 14 38 1.024
38 12 45 0.788
41 9 92 -0.612
14 33 70 -0.169
35 6 44 0.064
33 1 82 -0.682
23 37 62 -0.197
26 25 78 -0.670
14 40 112 -0.230
9 33 108 -0.383
31 18 40 -0.117
31 14 81 -0.459
11 28 67 1.631
27 19 61 -0.325
43 9 49 -0.585
27 20 59 -0.713
30 17 79 -0.559
15 31 32 5.514
14 35 147 0.055
11 34 35 0.752
38 13 122 -0.353
32 13 118 -0.200
37 9 123 -0.750
31 12 115 -0.560
17 29 112 -0.002
29 18 41 -0.500
24 38 62 -0.150
40 13 125 -0.750
19 15 75 -0.339
38 13 121 -0.618
32 19 10 -0.641
35 17 6 0.182
27 31 62 -0.704
23 24 101 -0.238
27 26 77 -0.679
37 14 53 -0.742
28 26 60 -0.475
12 36 70 2.065
31 14 79 0.045
14 29 67 1.189
24 19 59 -0.746
17 26 112 0.002
26 29 23 -0.544
17 33 103 -0.307
26 30 62 -0.204
13 39 29 0.267
39 13 89 -0.743
34 22 97 -0.354
28 17 116 0.807
13 28 107 1.612
15 30 141 -0.353
17 31 113 -0.432
7 35 145 -0.604
20 20 75 0.232
22 30 138 -0.572
23 28 5 -0.385
12 24 33 5.586
12 35 102 1.610
38 20 132 -0.636
39 11 123 -0.716
13 26 106 0.576
29 18 117 -0.464
13 33 34 -0.128
32 26 21 1.042
40 6 126 -0.672
15 22 73 2.333
13 33 143 -0.331
42 7 9 0.833
21 26 113 -0.621
10 37 30 0.447
27 16 40 0.421
16 33 75 1.080
32 6 119 -0.719
18 35 37 -0.142
27 15 115 -0.318
12 32 104 -0.734
22 31 138 -0.641
29 22 22 0.216
33 25 58 -0.137
39 19 55 -0.563
34 12 54 -0.747
11 32 66 -0.066
20 37 101 -0.588
36 22 94 -0.517
38 14 122 0.283
14 37 68 2.350
25 21 135 -0.497
41 11 18 -0.520
41 9 124 -0.698
29 22 43 -0.660
17 31 37 4.380
25 34 24 -0.066
36 7 7 0.520
17 38 68 0.134
40 18 18 -0.761
17 25 112 0.274
19 23 113 0.738
32 17 77 -0.370
12 36 107 -0.427
31 11 44 -0.463
16 25 68 1.376
37 3 7 0.833
15 28 71 0.096
42 15 17 -0.632
9 34 35 3.040
19 23 0 1.208
41 15 55 0.252
40 13 87 -0.125
34 15 54 -0.729
39 7 121 -0.426
25 33 23 0.065
41 14 17 -0.607
39 13 85 -0.597
25 18 39 2.532
17 33 29 0.014
42 12 124 -0.662
11 31 146 -0.420
15 42 137 -0.668
8 34 108 -0.550
28 23 44 -0.586
13 39 68 2.133
35 13 120 -0.723
34 22 80 -0.054
35 17 85 -0.747
10 41 71 -0.002
13 36 109 -0.598
31 20 41 1.337
6 45 108 -0.593
22 26 26 -0.237
38 10 53 -0.724
23 25 61 -0.456
42 12 51 -0.702
12 42 102 -0.318
31 19 5 1.513
21 28 37 4.302
17 27 75 -0.672
35 14 120 -0.717
21 21 26 -0.272
13 33 104 -0.275
31 14 96 -0.750
39 12 15 0.179
26 12 44 -0.750
14 33 0 1.511
32 15 58 -0.576
13 28 33 3.846
34 15 80 -0.457
28 15 97 -0.438
22 16 76 0.123
25 16 76 1.224
14 28 147 2.040
9 36 143 -0.482
31 27 59 -0.726
40 12 11 -0.345
39 17 128 -0.744
23 24 24 0.831
22 16 3 -0.613
30 25 115 -0.607
16 22 1 -0.239
18 25 73 0.857
15 31 75 0.883
22 21 26 1.179
23 26 139 -0.216
18 35 138 -0.296
42 11 91 -0.459
33 18 134 -0.536
23 22 114 1.658
22 19 27 0.345
39 11 9 0.905
34 13 8 0.326
35 3 7 -0.164
42 7 16 -0.149
10 32 143 0.178
24 14 38 0.671
41 9 126 -0.596
39 17 10 -0.611
14 34 104 -0.221
35 21 7 0.467
38 16 121 -0.327
26 24 6 0.014
41 8 127 -0.681
39 12 121 -0.161
11 34 72 1.171
32 22 59 -0.476
39 10 123 -0.693
20 25 139 0.319
38 20 86 -0.730
38 13 83 0.180
31 19 116 -0.597
40 10 13 -0.292
11 37 109 1.114
22 20 24 0.422
41 15 18 -0.403
40 6 127 -0.713
16 30 37 0.854
14 24 107 1.354
17 21 110 0.690
12 28 68 -0.602
31 24 22 0.030
12 31 68 1.708
35 20 57 -0.025
33 15 9 -0.458
13 34 140 -0.567
16 35 112 -0.403
30 18 5 1.154
30 11 79 -0.595
34 16 93 -0.750
24 19 99 -0.649
26 24 39 -0.087
13 29 146 4.085
32 27 95 -0.095
30 19 115 0.275
29 11 4 -0.013
25 30 4 -0.673
32 13 10 -0.450
27 31 99 -0.471
25 32 77 0.689
12 37 30 3.716
13 27 71 1.233
16 29 1 0.912
22 25 39 0.123
33 11 44 -0.474
31 16 42 -0.475
41 19 91 -0.657
20 31 63 -0.587
30 27 136 -0.742
34 12 8 0.821
29 14 39 1.169
29 17 118 -0.502
33 5 45 -0.595
35 14 9 0.766
24 30 99 -0.708
34 12 7 1.421
13 23 69 3.841
30 13 117 -0.451
43 10 91 -0.520
35 8 87 -0.750
33 19 80 -0.566
26 8 4 1.205
39 15 10 1.281
25 32 23 -0.230
13 27 33 2.792
13 39 147 0.137
35 17 81 -0.229
16 35 72 0.215
17 29 104 0.282
39 5 121 -0.744
17 31 111 -0.451
37 10 127 -0.748
27 28 135 -0.379
42 7 52 -0.732
29 19 39 1.437
33 15 10 -0.244
36 25 19 -0.770
31 19 44 0.344
27 23 42 -0.104
41 13 14 -0.406
23 25 114 1.892
16 27 104 -0.050
19 23 26 1.474
30 28 21 -0.718
16 24 73 1.173
24 29 135 -0.579
1 45 108 -0.572
10 43 109 -0.579
38 10 83 -0.107
33 10 123 -0.731
16 26 27 0.394
39 15 84 -0.596
30 25 135 -0.733
28 12 44 0.396
36 24 120 0.098
22 20 136 -0.685
42 7 51 -0.701
30 23 22 0.397
40 5 11 -0.213
9 39 108 0.987
40 8 45 -0.469
17 36 140 0.235
15 34 69 1.243
40 10 130 -0.749
38 6 46 -0.519
22 32 23 -0.516
22 29 139 -0.497
12 32 29 0.994
39 14 49 -0.750
11 34 69 0.127
31 12 117 -0.290
38 15 86 -0.750
13 33 70 1.781
13 34 106 -0.077
12 33 109 0.391
29 23 98 -0.013
40 15 86 0.147
33 26 22 -0.438
18 16 2 0.993
40 14 50 -0.477
21 19 112 0.164
28 21 135 -0.705
26 24 114 -0.134
15 31 38 0.230
24 14 0 1.781
18 32 65 -0.193
30 18 80 -0.511
36 13 48 -0.736
24 36 114 -0.608
33 16 95 -0.619
37 25 132 -0.747
37 13 9 0.284
15 31 111 -0.679
22 23 25 0.256
37 18 48 -0.686
32 28 134 -0.690
30 21 135 -0.750
19 25 27 3.278
22 15 138 -0.521
35 21 81 -0.202
15 31 148 0.405
38 14 89 -0.750
22 25 2 -0.331
31 23 21 -0.414
13 28 142 0.187
35 18 121 0.104
26 15 44 -0.725
31 17 117 -0.672
30 26 98 -0.616
15 32 109 -0.430
23 26 5 -0.232
35 8 127 -0.750
25 26 76 -0.181
16 33 109 -0.427
17 32 36 5.042
35 20 45 0.797
25 29 24 -0.476
21 30 138 -0.671
13 20 68 -0.075
37 8 15 -0.685
19 19 31 0.925
25 27 99 -0.732
31 25 96 -0.686
20 39 138 -0.645
18 22 147 2.140
32 27 134 -0.745
25 16 116 -0.492
41 9 83 -0.051
22 34 24 -0.122
14 33 103 1.396
39 10 86 -0.296
9 31 108 -0.318
38 13 123 -0.461
14 28 144 0.235
37 7 7 -0.164
8 35 102 -0.412
20 32 137 -0.577
39 10 91 -0.693
31 16 7 0.357
42 15 128 -0.750
14 30 146 0.396
20 22 3 0.196
13 30 144 -0.549
41 7 11 -0.554
39 13 17 -0.628
23 35 137 -0.714
41 14 16 -0.343
12 40 105 0.732
41 13 84 -0.648
29 27 96 -0.714
36 6 83 -0.728
28 26 116 -0.740
35 11 87 -0.749
29 24 96 -0.750
11 37 107 -0.486
22 31 63 -0.608
15 32 70 -0.296
20 30 63 -0.400
12 31 35 1.830
11 42 102 -0.222
32 22 116 -0.636
37 8 127 -0.750
12 30 140 -0.396
40 15 18 -0.655
20 25 26 0.669
11 34 65 -0.491
14 22 29 0.215
35 19 19 -0.404
24 27 136 -0.626
32 23 6 0.484
38 9 18 -0.667
9 43 105 0.218
39 13 124 -0.745
44 11 127 -0.750
32 22 21 -0.298
23 36 62 -0.417
16 23 145 -0.235
17 29 149 0.710
22 24 38 2.306
30 25 98 -0.301
32 20 116 -0.683
20 23 101 -0.539
29 24 80 -0.572
15 28 74 -0.383
14 37 110 -0.533
39 9 9 0.660
37 9 53 -0.750
31 22 94 -0.726
33 24 80 -0.436
14 37 106 -0.418
28 19 41 0.289
17 31 145 0.577
38 12 17 -0.422
16 39 137 -0.688
14 25 141 -0.325
16 28 75 1.687
22 22 3 1.029
35 11 82 -0.667
17 29 110 -0.113
34 24 58 -0.243
40 19 55 -0.434
10 33 145 -0.409
7 33 108 1.119
14 29 66 0.293
36 21 120 -0.207
20 17 0 2.573
31 15 118 0.216
38 13 90 -0.664
17 24 63 -0.547
41 11 127 -0.735
44 13 127 -0.750
42 5 16 -0.266
37 7 83 -0.680
24 17 2 0.327
40 7 16 -0.654
30 13 44 0.365
13 34 69 2.328
38 15 93 -0.696
40 13 49 -0.567
14 41 32 0.532
38 8 125 -0.749
29 26 100 0.901
31 9 119 -0.750
15 30 147 0.212
13 25 31 1.381
12 34 145 -0.132
42 8 15 -0.208
30 11 44 1.160
40 13 14 -0.313
23 32 100 -0.543
19 21 28 3.196
23 24 25 -0.066
17 31 68 0.112
44 15 124 -0.735
15 27 144 0.242
41 3 16 -0.583
23 21 3 -0.527
14 34 103 0.254
17 21 69 1.585
18 23 76 1.010
39 10 47 -0.411
40 17 84 -0.596
10 36 30 1.265
16 23 103 -0.684
19 31 73 -0.150
38 17 128 -0.750
17 21 31 0.921
31 20 94 -0.742
37 18 57 -0.336
41 12 123 -0.598
32 13 96 -0.694
17 26 73 3.048
37 17 121 -0.432
24 23 3 0.952
39 21 55 -0.353
16 27 142 -0.183
19 22 73 0.719
12 35 105 -0.020
33 10 121 -0.750
41 15 124 -0.665
16 33 69 0.249
40 10 49 -0.528
13 37 112 -0.169
32 21 118 -0.435
34 25 57 -0.597
36 17 87 -0.446
39 6 48 -0.694
41 10 14 -0.436
14 30 74 0.801
34 24 95 -0.657
16 21 74 0.353
38 10 91 -0.675
13 28 105 0.067
23 22 113 -0.693
13 30 71 -0.457
16 32 105 0.538
13 26 31 1.434
40 18 53 -0.479
43 14 125 -0.750
40 13 126 -0.727
33 16 118 0.117
30 22 44 0.762
41 6 15 -0.695
29 20 116 0.037
39 19 131 -0.711
39 10 14 -0.363
38 8 51 -0.656
37 16 122 -0.561
29 14 97 -0.618
10 32 102 1.350
27 19 23 -0.395
15 28 110 -0.654
14 37 72 0.152
27 29 25 -0.235
27 17 118 -0.635
41 16 130 -0.732
39 15 92 -0.750
39 7 124 -0.678
39 12 48 -0.663
41 21 55 -0.693
17 21 2 -0.113
20 24 27 3.223
22 22 4 -0.695
24 34 62 -0.585
15 36 72 -0.463
24 21 139 -0.350
25 20 114 0.874
38 8 129 -0.728
17 22 28 1.724
40 7 125 -0.729
39 16 94 -0.691
20 28 63 -0.457
18 32 104 0.186
31 16 41 0.515
17 33 113 -0.686
24 25 24 0.520
13 36 102 0.242
14 28 140 0.598
46 8 126 -0.750
20 18 63 -0.650
24 26 61 -0.293
23 30 24 -0.587
23 27 37 0.656
30 28 22 1.262
28 15 22 -0.302
17 33 37 0.207
38 10 45 -0.011
38 16 90 -0.750
27 16 114 -0.020
31 11 118 -0.244
37 9 49 -0.747
16 35 141 -0.157
39 7 14 -0.522
29 12 79 -0.347
41 14 48 -0.524
34 17 49 -0.712
28 24 97 -0.750
16 26 34 0.788
19 32 1 -0.038
17 28 29 -0.297
24 20 62 -0.660
34 15 18 -0.688
16 34 141 -0.402
23 28 25 -0.272
23 35 25 -0.395
25 25 137 -0.687
27 23 44 -0.748
27 26 60 -0.406
36 22 6 0.228
38 16 87 -0.091
11 32 143 0.237
14 28 106 0.798
36 23 56 -0.547
18 25 27 -0.400
41 5 90 -0.744
16 21 31 2.630
18 31 112 -0.399
15 29 75 -0.015
28 16 61 -0.466
15 34 110 0.021
22 23 27 0.953
38 15 92 -0.750
10 31 108 -0.389
24 33 114 -0.732
34 4 82 -0.482
30 22 133 -0.545
15 34 33 -0.567
36 23 83 -0.725
16 30 142 1.199
18 32 27 1.475
42 7 127 -0.750
27 9 119 -0.744
17 35 68 2.685
27 10 45 -0.742
20 26 76 0.702
37 21 56 -0.664
40 13 56 -0.550
19 30 1 -0.154
34 19 20 -0.116
42 10 53 -0.736
9 34 65 0.344
16 29 31 1.335
30 19 42 -0.061
42 13 54 -0.620
29 27 59 -0.743
34 15 83 -0.575
37 22 56 -0.296
38 18 121 -0.233
27 30 60 -0.647
16 21 147 0.833
18 32 38 1.785
34 20 80 -0.402
29 16 96 -0.750
25 25 25 0.532
39 22 94 -0.750
31 24 118 0.664
39 10 46 -0.350
14 24 68 -0.422
23 11 1 -0.440
11 39 30 3.530
38 18 122 -0.580
30 19 134 -0.750
33 19 58 -0.448
41 17 17 -0.451
13 40 30 0.047
14 27 27 0.759
37 14 83 0.349
35 5 11 -0.576
36 14 127 -0.738
19 27 64 0.248
23 30 39 0.201
12 25 33 3.281
17 30 70 -0.281
40 13 46 0.928
26 27 27 2.033
18 32 1 2.347
26 25 135 -0.248
14 29 144 0.071
32 21 21 -0.281
25 28 136 -0.748
12 31 144 -0.457
17 30 143 -0.508
15 23 140 -0.259
19 14 149 0.223
22 33 114 -0.727
44 12 51 -0.733
24 21 62 -0.743
37 12 123 -0.733
27 19 120 -0.705
12 32 145 0.112
22 26 0 0.577
17 22 74 -0.453
32 14 58 -0.710
42 15 11 -0.302
19 31 113 0.000
19 19 1 0.635
29 16 115 0.474
39 12 51 -0.608
37 12 84 -0.690
16 27 34 1.986
25 24 99 -0.718
33 17 97 -0.442
35 20 81 -0.244
27 30 59 -0.409
23 26 26 0.485
35 9 44 -0.501
29 20 61 -0.419
39 15 85 -0.094
28 30 136 -0.588
13 29 144 -0.451
14 30 31 1.467
20 31 0 0.420
37 16 46 -0.668
40 12 88 -0.521
39 6 50 -0.741
28 19 42 0.368
32 23 44 0.658
31 17 118 -0.425
14 20 34 1.784
34 20 96 -0.681
30 28 98 -0.689
25 19 2 -0.001
11 41 139 -0.670
25 15 3 1.433
38 12 90 -0.750
39 15 120 -0.688
33 17 119 -0.185
38 20 91 -0.693
23 32 26 0.157
12 37 35 3.407
36 12 120 -0.425
15 28 33 2.730
22 37 99 -0.642
41 17 55 -0.322
32 23 59 -0.223
33 8 117 -0.555
33 13 20 -0.561
17 27 144 -0.122
43 7 53 -0.726
15 40 113 -0.693
42 7 14 -0.480
36 7 18 -0.628
22 21 3 1.960
17 29 100 -0.600
16 24 74 -0.260
13 37 109 -0.134
36 23 58 -0.613
16 25 28 2.794
20 25 37 5.038
30 8 117 -0.588
12 22 34 2.995
15 25 146 0.578
32 7 119 -0.748
10 41 102 -0.295
25 23 116 -0.252
35 17 134 -0.702
36 9 18 -0.720
43 6 88 -0.741
8 26 107 -0.354
31 19 94 -0.746
16 33 105 0.130
21 32 101 -0.568
7 32 65 -0.035
18 23 110 0.994
39 11 130 -0.712
12 30 27 -0.475
27 15 78 -0.708
13 24 146 2.429
36 9 85 -0.548
17 32 104 1.187
12 40 70 1.867
15 35 141 -0.223
28 23 76 -0.390
27 16 42 -0.231
39 14 17 -0.382
41 13 88 -0.415
27 14 82 -0.745
37 18 56 -0.676
26 25 61 -0.488
18 26 75 2.092
40 4 46 -0.709
37 15 45 0.236
39 14 52 -0.446
40 12 129 -0.581
25 29 25 0.023
34 17 93 -0.750
21 34 138 -0.050
15 29 33 3.557
22 24 0 3.647
32 19 6 0.232
17 25 38 1.545
9 42 109 -0.083
22 21 27 0.760
15 20 74 -0.436
13 24 69 0.917
20 21 138 -0.456
34 20 58 -0.521
37 15 10 1.250
39 15 9 -0.195
38 13 51 -0.661
20 26 139 0.039
33 23 133 -0.506
21 25 138 -0.500
36 17 45 0.435
20 32 148 -0.037
26 33 23 -0.612
11 30 69 0.216
23 21 2 2.393
31 28 134 -0.750
42 0 12 -0.513
43 7 14 -0.348
41 12 50 -0.297
40 11 130 -0.745
18 32 37 5.526
19 34 26 -0.440
22 7 78 -0.738
17 30 64 1.868
34 15 134 -0.738
38 13 89 -0.748
21 36 137 -0.685
25 31 26 1.086
26 23 137 -0.695
15 25 144 0.332
20 20 26 1.008
40 20 54 -0.576
22 21 112 1.874
27 19 39 1.171
23 23 25 0.256
42 16 88 -0.712
16 37 143 0.102
24 22 78 -0.649
36 23 19 -0.167
26 23 59 -0.571
43 7 126 -0.736
18 31 64 1.230
40 5 126 -0.709
33 21 43 -0.033
16 22 73 2.046
13 28 29 -0.164
31 14 7 -0.259
37 7 131 -0.710
19 25 68 1.748
14 32 70 0.760
28 22 79 -0.439
37 8 129 -0.747
44 7 88 -0.731
12 24 107 1.085
24 20 38 -0.059
37 8 44 -0.463
21 33 26 0.110
41 12 125 -0.710
16 32 71 1.164
21 26 28 1.481
13 28 106 0.702
24 22 136 -0.750
26 25 39 0.847
18 25 69 2.385
35 22 19 -0.216
38 14 90 -0.750
41 0 12 -0.562
36 8 82 0.151
13 32 27 -0.574
34 12 124 -0.750
36 10 7 -0.579
22 35 115 -0.536
31 16 120 -0.729
14 31 67 0.597
41 15 50 -0.437
38 14 7 -0.129
17 22 110 -0.337
12 34 69 1.641
35 8 10 -0.112
13 24 31 2.660
35 10 121 -0.730
34 20 20 -0.143
23 28 39 0.124
35 15 82 -0.550
38 11 90 -0.683
40 16 13 -0.126
29 24 135 -0.659
32 19 40 -0.252
34 24 19 -0.294
35 15 122 -0.750
29 23 22 -0.754
29 20 79 -0.729
24 23 4 -0.530
38 10 90 -0.695
31 16 115 -0.516
15 37 74 -0.079
33 10 8 0.005
35 8 118 -0.402
38 17 122 -0.194
29 23 41 0.143
19 28 38 1.235
11 21 107 0.192
13 20 33 5.540
36 14 54 -0.629
41 12 91 -0.700
39 12 53 -0.622
31 19 77 -0.264
18 33 27 0.137
12 34 72 1.921
9 33 29 0.778
37 17 6 0.624
19 32 64 -0.148
23 27 24 0.014
31 29 96 -0.585
27 21 82 -0.582
30 19 22 0.113
16 34 143 -0.011
24 9 78 -0.638
41 11 46 0.746
31 22 118 -0.631
18 25 111 -0.338
39 10 15 -0.235
13 31 68 0.365
37 10 130 -0.747
36 7 84 -0.582
31 20 98 -0.421
38 3 46 -0.559
32 21 41 1.279
38 12 84 -0.554
39 13 84 0.321
20 31 1 -0.259
10 32 146 -0.449
42 14 92 -0.248
15 37 149 -0.623
16 30 149 -0.484
30 14 79 -0.738
34 15 118 -0.312
39 6 16 -0.405
30 21 43 -0.603
23 26 137 -0.738
35 20 18 -0.795
20 19 149 0.389
13 35 35 2.074
14 33 144 0.580
21 11 1 -0.300
40 15 11 1.031
40 9 49 -0.725
24 36 23 -0.488
28 28 40 -0.483
24 15 97 -0.747
16 23 148 0.630
23 16 1 2.367
11 28 35 1.322
25 29 61 -0.178
8 38 102 -0.243
26 26 25 0.357
42 8 12 -0.507
15 19 69 3.167
12 22 67 1.552
16 29 34 1.649
38 17 120 -0.186
38 7 124 -0.685
29 19 43 -0.548
17 28 141 0.426
23 25 0 0.362
15 38 140 0.258
40 7 14 -0.464
27 25 136 -0.736
14 33 147 -0.395
16 29 37 4.647
22 37 100 -0.510
40 11 47 -0.306
27 21 5 2.028
29 28 59 -0.727
40 12 52 -0.533
15 27 28 1.314
27 15 4 0.077
27 24 135 -0.404
31 24 98 -0.742
41 15 49 -0.718
38 14 88 -0.406
19 23 34 1.696
14 27 31 1.798
28 22 96 -0.744
33 15 81 -0.536
33 18 6 0.688
41 16 54 -0.460
21 18 3 1.367
36 12 15 -0.695
14 32 67 1.058
12 28 143 0.619
27 30 40 -0.495
11 33 104 -0.347
19 29 147 -0.464
24 30 24 -0.324
22 33 62 -0.272
32 16 5 1.308
22 36 100 -0.676
21 13 138 -0.610
12 27 111 -0.750
32 17 44 -0.236
19 17 31 0.562
31 18 120 -0.663
14 26 142 0.291
26 16 82 -0.747
18 26 64 1.168
24 15 2 0.096
39 8 51 -0.588
39 16 128 -0.698
43 8 90 -0.741
16 29 111 -0.241
33 18 21 -0.466
23 26 3 -0.258
26 20 61 -0.450
43 7 15 -0.648
21 16 75 -0.097
17 29 38 1.040
33 17 80 -0.463
13 34 66 1.417
37 6 85 -0.362
10 38 35 0.076
42 14 83 -0.095
17 28 147 -0.277
37 8 89 -0.750
31 24 94 -0.740
37 5 7 -0.278
28 32 23 -0.019
13 38 145 0.161
21 27 37 4.834
42 5 13 -0.364
37 17 132 -0.750
40 8 127 -0.750
32 18 79 -0.604
40 7 91 -0.748
38 13 9 -0.104
37 14 13 -0.675
37 21 6 2.365
40 13 16 -0.165
36 11 124 -0.750
15 32 74 -0.372
40 12 13 -0.618
33 14 97 -0.321
14 20 73 0.258
16 30 111 -0.297
16 24 65 0.115
16 37 112 -0.150
11 35 32 2.506
23 22 138 -0.578
14 30 66 -0.043
20 36 64 0.989
17 37 68 0.720
12 32 27 -0.697
21 23 138 0.046
36 12 50 -0.740
15 23 148 0.417
29 16 117 -0.733
24 28 100 -0.373
20 29 63 -0.571
34 25 58 0.130
18 23 34 0.336
22 37 114 -0.519
31 15 117 -0.618
40 19 88 -0.602
12 30 147 -0.052
20 22 74 -0.186
12 29 72 1.904
39 5 12 -0.470
36 4 8 0.177
23 28 0 0.173
36 19 6 1.174
34 18 8 -0.118
35 13 87 -0.545
21 30 75 -0.451
22 33 99 -0.588
17 23 64 1.367
15 32 104 0.674
36 12 12 -0.477
21 21 0 3.898
29 24 61 0.405
23 23 26 0.164
21 17 68 1.018
19 32 140 0.165
30 24 135 -0.750
38 14 132 -0.521
38 8 84 0.353
21 35 99 -0.666
26 25 136 -0.735
42 16 51 -0.363
16 35 149 -0.474
32 13 81 -0.627
15 33 70 -0.322
18 25 76 0.640
20 29 65 0.610
14 23 107 0.253
23 29 139 -0.636
38 8 16 -0.685
14 30 71 0.645
22 32 25 0.054
15 35 74 -0.040
25 28 23 0.117
39 4 15 -0.684
13 21 71 2.948
36 17 19 -0.239
41 18 129 -0.682
42 7 17 -0.644
35 9 11 -0.329
25 33 77 1.433
18 22 31 0.586
28 25 136 -0.673
30 24 94 -0.748
12 33 67 0.551
15 40 148 1.715
32 17 5 1.222
21 23 27 0.087
13 31 105 1.075
38 11 13 -0.527
26 15 38 1.453
19 29 38 1.456
32 24 6 0.336
18 29 64 0.659
33 12 117 -0.498
20 24 113 0.909
36 14 45 -0.222
37 16 131 -0.648
15 25 149 -0.495
26 24 97 -0.738
42 11 121 0.377
34 5 8 -0.543
28 33 96 -0.738
39 10 49 -0.593
31 17 80 -0.623
33 14 9 -0.176
16 27 103 -0.628
34 24 7 0.602
15 32 103 0.089
19 38 138 -0.522
32 26 42 0.276
35 14 54 -0.750
37 9 47 -0.736
37 15 18 0.002
40 12 54 -0.677
33 14 43 0.280
22 23 139 -0.618
26 22 39 -0.329
28 33 77 0.535
41 13 130 -0.658
32 13 121 -0.699
27 32 59 -0.403
18 32 100 -0.687
33 17 56 -0.709
35 14 8 1.140
9 42 146 0.066
19 33 73 0.541
36 9 84 -0.603
38 3 123 -0.743
37 9 48 -0.604
29 17 77 0.244
12 32 103 0.413
4 43 108 -0.610
26 29 135 -0.738
12 38 71 0.116
12 39 68 0.188
27 20 82 -0.454
20 18 138 -0.589
32 12 4 0.406
28 26 21 -0.443
17 30 31 0.762
40 13 86 -0.176
17 26 144 0.097
26 15 5 -0.092
17 32 148 -0.171
38 11 45 -0.081
40 13 92 -0.678
31 24 134 -0.733
36 16 20 -0.517
12 27 145 -0.465
25 29 62 -0.030
32 23 81 -0.636
13 32 67 1.425
34 15 9 0.032
19 24 64 -0.271
26 25 98 -0.248
31 20 40 -0.070
17 29 64 1.469
37 12 45 0.262
13 35 109 0.048
31 26 59 -0.566
36 20 20 -0.434
15 37 112 -0.316
21 24 139 -0.616
38 9 84 -0.306
15 32 72 0.213
14 36 141 0.055
20 27 1 3.051
35 10 49 -0.750
36 22 20 -0.422
20 25 112 2.192
12 33 36 2.298
15 19 73 1.032
10 28 65 0.210
10 38 72 -0.254
6 33 102 -0.561
34 26 43 -0.503
17 25 76 -0.350
15 25 28 1.430
16 18 1 -0.613
38 22 120 -0.201
39 12 85 -0.289
18 24 73 0.506
22 21 63 -0.738
32 22 81 -0.586
28 17 42 -0.295
26 27 99 -0.698
41 7 124 -0.734
15 28 103 0.530
29 25 60 -0.375
39 11 15 -0.695
10 37 146 -0.472
13 28 32 0.702
29 20 117 0.186
32 14 97 -0.470
41 12 55 -0.395
9 45 102 -0.559
16 23 73 1.338
34 21 93 -0.749
39 7 11 -0.469
13 17 34 1.772
18 23 73 4.279
11 39 109 0.523
32 14 81 -0.611
16 29 66 0.808
31 22 21 0.063
44 6 17 -0.375
18 28 139 -0.383
15 25 70 1.833
39 4 14 -0.660
12 33 146 0.731
32 23 40 -0.513
28 16 43 -0.563
16 27 37 5.173
22 24 2 1.628
18 31 102 -0.684
17 21 141 -0.197
28 18 97 -0.733
39 13 45 0.052
13 32 34 0.833
14 32 75 -0.316
29 19 115 -0.356
42 12 53 -0.649
20 32 63 -0.513
24 23 5 -0.334
13 37 147 -0.308
23 27 139 -0.661
16 26 29 -0.277
30 29 22 0.260
14 35 143 1.139
35 13 85 -0.720
31 18 6 0.115
25 10 44 -0.709
33 21 134 -0.654
13 36 29 -0.027
31 26 135 -0.695
43 10 17 -0.469
35 19 80 -0.293
41 15 53 -0.548
11 36 65 0.575
15 37 142 -0.311
14 27 106 1.297
40 9 50 -0.726
22 14 1 0.145
42 8 125 -0.713
26 17 3 1.146
19 27 37 3.061
19 26 149 -0.557
31 16 43 -0.435
14 33 31 1.717
38 7 86 -0.690
23 27 26 0.901
38 19 92 -0.720
38 6 12 -0.440
31 25 43 -0.672
15 30 142 -0.299
29 23 23 -0.338
35 14 53 -0.750
20 32 101 -0.691
36 20 120 0.077
13 40 29 0.158
31 27 43 -0.538
10 27 105 -0.545
14 33 75 0.138
34 22 133 -0.736
39 14 131 -0.644
39 9 129 -0.750
31 15 94 -0.750
32 19 42 -0.104
19 22 2 0.667
43 4 126 -0.667
14 29 142 0.912
20 24 0 2.030
38 10 14 -0.021
32 19 97 -0.679
29 23 136 -0.701
32 24 21 0.367
13 32 143 0.614
20 27 111 -0.545
25 27 61 -0.071
36 10 50 -0.254
38 18 86 -0.657
12 32 32 3.347
20 28 37 -0.231
40 16 129 -0.635
36 12 133 -0.715
16 21 73 1.344
38 10 54 -0.368
13 35 30 1.178
11 31 34 0.717
16 28 34 0.601
35 10 132 -0.698
18 33 104 -0.507
37 10 89 -0.750
14 18 74 0.321
33 23 80 -0.491
20 31 64 0.250
34 13 132 -0.742
42 12 129 -0.713
40 9 89 -0.670
27 24 25 0.559
11 37 71 0.136
36 12 49 -0.682
25 26 61 0.116
35 17 20 -0.054
42 2 15 -0.679
29 14 44 0.819
35 7 44 -0.618
14 37 74 -0.040
24 23 114 1.443
16 35 103 0.159
24 30 23 -0.440
27 29 39 -0.388
29 32 134 -0.692
18 20 27 -0.221
25 24 26 -0.053
26 21 78 -0.336
40 11 55 -0.624
29 28 62 -0.616
12 40 109 -0.068
35 18 19 -0.393
15 36 106 -0.122
16 31 144 0.147
26 26 136 -0.750
10 33 33 1.110
27 29 59 -0.437
23 26 99 -0.750
42 18 125 -0.313
29 9 79 0.088
28 24 44 -0.693
10 29 67 0.643
29 22 59 -0.711
39 13 128 -0.750
20 33 64 -0.040
18 34 73 0.209
34 10 7 2.673
18 30 139 -0.700
36 23 7 2.006
21 29 37 4.148
13 34 148 -0.698
40 14 92 -0.670
36 17 57 -0.508
12 31 106 -0.301
42 7 92 -0.688
18 15 2 0.232
14 36 71 0.217
34 16 120 -0.637
36 21 6 1.981
30 25 43 -0.597
44 12 128 -0.750
38 9 89 -0.750
14 34 106 -0.500
27 20 116 -0.493
26 33 59 -0.438
39 12 17 -0.602
20 40 64 -0.059
9 39 105 -0.418
11 33 70 1.154
26 29 136 -0.738
33 16 42 -0.162
35 19 7 0.733
42 11 124 -0.548
15 17 33 5.193
20 20 73 0.319
32 19 81 -0.482
24 29 60 -0.745
34 20 82 -0.691
18 30 112 0.725
20 28 2 2.227
27 25 42 0.075
28 25 44 -0.698
43 11 90 -0.637
43 10 127 -0.744
39 4 123 -0.720
41 14 88 -0.472
13 29 31 0.137
34 18 9 0.693
21 19 31 0.014
37 13 132 -0.686
20 25 138 -0.327
17 29 72 0.854
35 22 58 -0.140
20 28 101 -0.514
36 10 12 -0.695
31 17 44 -0.191
23 37 63 -0.686
14 35 106 0.305
28 15 4 0.761
29 21 136 -0.693
36 22 120 0.196
17 43 137 -0.629
24 26 149 -0.530
33 18 56 -0.750
36 16 120 -0.644
22 27 26 -0.105
32 19 94 -0.750
26 25 62 -0.408
35 12 85 -0.627
38 18 131 -0.743
12 30 144 -0.708
35 15 47 -0.576
21 31 64 0.170
26 22 5 1.095
31 13 117 -0.544
19 27 31 1.367
37 16 80 0.413
42 10 124 -0.534
15 26 146 0.181
13 26 107 0.783
32 19 80 -0.271
14 36 140 0.151
34 19 56 -0.477
19 22 1 1.411
39 18 55 -0.576
41 14 83 0.338
25 25 100 -0.523
32 27 97 -0.644
22 20 139 -0.472
16 32 143 0.162
24 24 114 -0.169
17 35 36 6.039
36 15 8 0.137
15 37 109 -0.317
27 22 39 2.217
32 19 96 -0.685
28 19 120 -0.728
33 14 115 0.883
28 11 4 0.539
22 32 24 -0.061
41 9 50 -0.472
33 12 46 -0.568
23 14 3 1.009
20 27 139 -0.047
14 27 75 1.089
26 26 62 -0.054
12 36 72 1.741
25 31 60 -0.497
38 19 93 -0.749
24 27 24 -0.510
34 18 119 -0.741
10 33 102 0.763
34 23 133 -0.750
17 28 103 -0.358
35 16 8 1.627
36 18 122 -0.736
29 27 23 -0.443
18 33 38 0.792
25 25 3 1.053
24 25 139 -0.374
24 22 77 -0.204
15 23 31 2.142
37 13 46 -0.715
39 11 49 -0.611
11 37 108 -0.306
18 30 103 -0.228
39 12 12 0.044
41 5 84 0.197
39 7 50 -0.669
38 11 12 -0.204
34 20 119 -0.282
15 27 34 2.010
29 28 22 -0.772
20 19 110 0.854
11 32 109 -0.380
14 34 142 -0.208
16 28 74 -0.259
34 22 95 -0.376
13 28 71 1.624
10 34 32 2.462
36 18 57 -0.570
20 29 137 -0.633
38 6 91 -0.672
21 18 138 -0.538
9 42 35 -0.022
18 27 142 0.357
11 41 72 0.683
40 10 125 -0.670
41 15 87 -0.750
16 33 66 0.379
33 21 58 -0.448
23 12 0 2.837
36 6 130 -0.750
43 12 52 -0.301
19 29 2 -0.415
39 4 12 -0.475
14 36 75 -0.693
14 25 67 -0.376
23 23 24 0.545
16 31 37 1.259
40 10 54 -0.610
36 22 18 -0.591
32 5 82 -0.688
35 24 20 -0.095
38 18 17 -0.553
19 28 64 1.102
33 20 132 -0.750
30 21 23 -0.397
33 11 9 -0.680
37 11 91 -0.689
42 10 90 -0.725
36 15 46 -0.698
24 24 82 -0.636
26 30 77 0.051
42 16 128 -0.746
32 23 133 -0.704
39 18 54 -0.463
28 9 4 -0.244
13 32 141 -0.104
20 30 64 0.394
15 33 30 2.649
15 35 148 -0.378
29 14 117 -0.733
40 20 88 -0.350
33 21 95 -0.559
38 6 50 -0.685
15 26 31 0.326
16 24 111 -0.728
18 21 147 0.920
36 13 83 -0.580
15 18 1 -0.620
25 33 39 -0.713
31 27 58 -0.693
31 24 136 -0.540
24 16 4 -0.231
11 31 35 2.005
38 11 84 -0.626
24 21 82 -0.650
34 7 8 -0.184
33 25 95 -0.102
26 30 25 -0.495
15 28 112 -0.279
41 8 90 -0.727
23 31 137 -0.693
18 28 38 2.818
41 12 48 -0.404
36 14 9 0.096
17 30 149 -0.131
38 14 93 -0.710
36 16 8 0.685
16 27 1 -0.090
13 27 29 0.246
10 38 108 1.146
41 8 50 -0.236
37 4 13 -0.673
32 13 117 -0.744
23 27 113 -0.684
23 24 114 1.802
37 8 47 -0.741
28 17 78 0.015
39 14 51 -0.506
20 30 2 1.173
26 15 4 -0.075
16 28 142 1.192
15 24 111 -0.427
21 26 63 -0.030
9 39 35 0.146
28 24 98 -0.417
34 20 6 0.472
23 19 27 0.455
28 12 118 -0.742
5 40 108 -0.574
39 13 88 -0.508
12 32 146 1.362
15 31 66 -0.316
37 18 87 -0.263
12 37 109 0.838
30 22 134 -0.422
39 12 125 -0.743
20 23 2 0.726
12 27 140 -0.334
31 18 96 -0.735
17 31 26 -0.362
17 21 75 2.560
16 26 73 0.051
13 39 112 -0.267
11 30 35 1.215
32 18 44 -0.002
32 16 81 -0.468
39 11 50 -0.467
34 12 85 -0.748
37 5 15 -0.686
30 26 58 -0.665
26 14 44 -0.735
13 32 110 -0.741
30 23 61 -0.272
40 13 122 -0.437
13 32 35 3.194
29 17 39 1.757
12 39 70 1.397
17 26 27 0.576
35 18 45 0.805
19 40 138 -0.550
26 30 63 -0.385
39 11 51 -0.734
29 26 21 -0.663
40 16 46 0.403
39 12 11 -0.417
20 28 27 2.454
26 32 39 -0.535
12 27 107 0.476
36 17 20 -0.716
38 12 132 -0.570
27 30 39 1.698
29 21 21 -0.770
37 8 13 -0.689
21 35 64 -0.252
43 9 17 -0.475
28 29 59 -0.650
39 21 94 -0.741
32 27 80 -0.379
16 35 148 -0.121
15 33 67 2.413
19 26 75 1.536
25 31 79 -0.719
13 42 70 1.367
15 35 137 -0.664
43 10 16 -0.571
38 15 9 -0.192
15 41 75 -0.698
30 18 134 -0.701
16 34 70 0.011
33 19 134 -0.610
41 13 50 0.046
14 33 34 1.702
25 31 77 0.246
15 29 141 -0.161
41 17 130 -0.746
14 27 144 -0.502
32 21 9 -0.692
41 9 46 -0.343
32 20 9 -0.638
19 20 34 0.144
12 30 29 1.022
31 32 96 -0.717
41 11 86 -0.720
30 24 120 -0.620
16 29 71 0.875
38 10 49 -0.373
12 28 66 0.583
13 40 67 -0.495
37 11 123 -0.736
37 17 20 -0.730
34 20 81 -0.115
15 28 37 0.627
16 26 1 -0.422
14 25 144 -0.465
10 33 32 0.969
10 42 71 -0.527
37 6 131 -0.626
38 9 90 -0.718
31 16 77 -0.353
11 33 109 0.731
32 19 59 -0.491
38 16 10 1.371
13 41 143 -0.226
26 19 117 -0.069
39 11 16 -0.611
15 34 102 -0.215
34 13 82 -0.607
39 5 131 -0.707
22 28 79 -0.750
16 34 102 -0.643
28 23 79 -0.252
13 26 36 4.194
4 42 108 -0.700
19 29 26 -0.286
12 37 106 -0.140
12 31 67 -0.078
29 23 43 -0.699
23 20 114 1.513
13 37 72 1.037
29 21 115 -0.296
42 15 88 -0.202
41 12 92 -0.639
25 23 79 -0.118
16 32 141 -0.406
23 14 0 3.199
43 13 124 -0.536
25 22 62 -0.750
13 35 34 0.605
37 9 45 -0.201
33 10 20 -0.738
38 7 46 -0.651
29 18 40 1.849
35 16 6 -0.580
25 11 82 -0.737
16 32 100 -0.627
9 38 109 0.919
11 37 147 0.049
20 27 2 0.550
32 18 43 -0.018
33 23 59 -0.739
23 36 23 -0.627
33 22 97 -0.538
14 33 33 0.811
32 23 43 0.042
39 16 10 -0.536
28 27 77 0.652
29 14 5 2.085
42 8 50 -0.164
41 14 92 -0.710
19 28 26 1.641
18 28 1 0.664
35 14 57 -0.750
38 17 92 -0.750
30 16 79 -0.574
20 28 137 -0.543
33 20 118 -0.440
40 6 15 -0.583
12 36 108 0.158
30 23 60 -0.596
32 22 95 -0.313
25 21 5 -0.219
28 20 21 0.153
14 40 147 -0.081
7 28 108 0.109
31 27 60 -0.595
18 30 2 -0.597
14 39 74 -0.420
12 30 148 -0.735
13 26 103 0.051
42 5 15 -0.320
30 14 5 0.530
16 25 73 -0.148
24 29 26 0.897
21 18 0 0.868
27 20 76 -0.534
40 14 55 -0.441
29 23 60 -0.379
11 35 107 -0.461
11 33 35 1.045
38 7 48 -0.612
39 14 123 -0.524
18 42 137 -0.577
12 36 35 2.259
39 18 94 -0.750
15 31 67 0.250
22 21 0 4.666
12 37 145 -0.289
12 40 72 0.473
25 26 62 -0.447
30 28 94 -0.738
31 19 118 0.263
30 19 79 -0.688
38 9 123 -0.750
18 22 110 1.239
36 13 45 0.221
12 29 35 1.676
37 14 122 -0.099
14 34 36 2.124
6 29 108 -0.620
18 32 139 -0.408
35 18 94 -0.588
42 11 54 -0.750
37 12 90 -0.711
17 24 65 1.171
8 36 72 -0.470
12 25 106 -0.218
17 26 141 0.182
37 17 56 -0.152
22 20 27 0.876
27 24 114 0.063
36 19 55 -0.435
40 13 18 -0.458
40 9 54 -0.718
34 20 21 -0.336
17 27 3 -0.695
41 17 18 -0.380
17 28 26 -0.524
42 6 53 -0.734
41 15 17 -0.442
16 28 33 0.810
13 36 32 0.175
24 22 25 -0.422
17 27 102 -0.714
22 29 37 -0.230
34 8 45 -0.382
33 21 133 -0.712
7 37 71 -0.551
37 15 17 -0.431
40 16 88 -0.247
27 18 40 1.242
36 18 83 -0.418
14 37 142 -0.159
29 23 135 -0.544
36 17 92 -0.669
39 14 91 -0.747
24 25 4 -0.692
38 7 90 -0.571
35 18 18 -0.716
14 33 110 -0.695
30 14 117 -0.472
12 31 107 0.167
37 20 130 -0.750
17 24 64 0.036
22 20 112 1.709
38 11 126 -0.684
29 31 135 -0.592
21 32 38 -0.526
25 24 5 0.543
17 31 143 -0.477
31 18 79 0.629
11 27 107 -0.302
34 16 95 -0.558
35 15 95 -0.314
12 35 107 0.632
43 14 49 0.237
35 11 7 1.990
30 24 60 -0.486
34 18 42 0.601
32 21 43 -0.574
11 34 110 -0.727
8 35 32 1.269
10 39 30 -0.152
33 20 58 -0.424
34 18 21 -0.651
38 21 131 -0.750
13 39 111 -0.583
17 23 141 0.273
41 15 129 -0.750
37 19 133 -0.657
20 19 2 0.662
31 17 40 -0.072
18 33 137 -0.472
42 10 128 -0.744
17 27 65 0.731
31 15 7 -0.235
16 21 33 2.256
33 9 119 -0.712
20 20 2 0.239
23 19 138 -0.719
39 15 88 -0.566
13 28 141 0.771
38 14 84 -0.501
19 21 2 1.030
38 12 125 -0.750
29 25 22 0.738
18 34 36 5.247
16 29 142 -0.231
38 10 86 -0.463
17 32 140 -0.425
26 19 116 0.716
41 11 92 -0.596
38 15 57 -0.620
36 5 85 -0.706
19 21 75 0.669
23 34 25 -0.474
25 13 4 -0.172
38 14 126 -0.686
41 12 90 -0.698
37 14 87 -0.522
37 18 122 -0.598
20 26 2 -0.474
34 6 83 -0.750
35 19 6 -0.053
40 10 124 -0.615
39 10 52 -0.704
12 38 33 0.277
39 11 90 -0.710
23 17 3 0.235
18 29 31 0.712
9 34 102 -0.175
21 23 63 0.068
26 16 39 0.883
26 26 99 -0.736
12 33 147 0.519
14 26 71 -0.593
11 27 35 0.880
25 26 136 -0.748
38 10 51 -0.738
32 14 44 0.484
26 9 0 1.645
24 10 0 2.391
19 17 138 -0.459
13 34 139 -0.750
12 38 35 3.230
18 24 75 2.765
11 26 66 2.200
14 34 29 1.306
14 38 143 -0.415
22 23 149 -0.196
29 26 39 -0.411
19 23 64 -0.311
22 27 4 -0.661
18 27 64 0.369
31 27 22 0.334
40 18 54 -0.555
18 28 140 0.204
6 41 108 -0.536
38 21 94 -0.747
23 30 1 1.749
31 17 10 -0.575
43 5 14 -0.560
32 26 43 -0.389
39 20 55 -0.631
37 13 48 -0.570
38 10 129 -0.713
39 17 132 -0.675
12 36 67 -0.371
39 10 88 -0.615
31 13 81 -0.275
31 23 94 -0.728
41 14 91 -0.575
26 22 62 -0.339
27 30 99 -0.500
23 34 23 -0.365
20 27 63 -0.638
40 9 92 -0.750
37 14 47 -0.586
44 9 124 -0.739
23 28 79 -0.725
15 25 104 -0.379
30 26 133 -0.643
18 25 141 -0.229
33 17 134 -0.708
18 30 27 0.039
28 15 117 -0.209
36 9 48 -0.673
36 14 133 -0.653
39 5 14 -0.695
14 38 70 1.976
41 5 11 0.136
39 13 49 -0.381
37 18 43 0.427
40 14 129 -0.750
41 13 55 -0.465
42 9 46 -0.425
26 23 100 -0.085
25 23 3 0.121
32 11 132 -0.750
30 13 40 0.248
23 31 0 -0.133
13 38 72 1.981
30 21 58 -0.626
36 14 134 -0.555
30 27 60 -0.327
21 30 37 4.032
37 18 17 -0.742
20 26 73 0.176
32 21 59 -0.438
35 21 132 -0.729
32 21 96 -0.612
25 21 3 0.629
34 19 97 -0.604
24 33 77 0.140
41 14 124 -0.748
16 28 145 0.100
30 24 21 -0.240
17 31 75 0.014
29 12 40 0.289
20 34 140 -0.377
12 29 107 1.471
35 23 94 -0.732
14 36 111 -0.572
28 29 135 -0.732
18 25 28 1.485
8 28 108 -0.301
13 35 143 0.439
38 13 128 -0.747
8 39 102 -0.618
41 9 14 -0.607
16 29 68 1.145
37 8 12 -0.589
35 9 47 -0.415
37 10 132 -0.659
36 15 132 -0.712
36 15 18 -0.526
12 31 72 1.860
23 35 23 -0.567
16 35 104 -0.054
17 32 69 1.044
28 27 60 -0.501
37 7 9 0.538
11 31 105 -0.339
24 18 114 1.157
43 6 50 -0.470
37 5 13 -0.695
14 38 142 -0.260
42 16 53 -0.719
32 24 97 -0.435
26 34 23 -0.738
11 37 70 0.866
37 20 57 -0.092
31 22 120 -0.579
21 20 112 0.768
38 21 84 -0.565
33 26 59 -0.621
39 9 124 -0.468
18 33 100 -0.643
11 40 30 3.249
37 7 11 -0.592
16 36 72 -0.037
14 26 33 3.802
37 17 122 -0.472
36 10 119 -0.040
26 20 5 1.608
35 2 82 -0.609
14 44 111 -0.710
5 44 108 -0.495
37 19 93 -0.750
39 5 15 -0.695
37 14 48 -0.714
11 37 67 -0.485
34 18 7 0.969
13 24 29 0.241
40 13 48 -0.496
21 24 111 -0.543
35 16 122 -0.750
11 30 30 2.517
13 34 29 1.448
36 5 118 -0.037
36 12 121 -0.750
39 19 88 -0.505
10 29 72 0.365
37 8 48 -0.747
14 29 68 0.427
27 25 114 0.528
12 32 72 2.064
18 17 138 -0.628
32 17 118 -0.550
22 31 100 -0.645
30 17 61 -0.195
12 31 149 -0.137
31 21 21 -0.356
14 32 144 -0.163
14 30 142 0.646
29 16 22 -0.122
39 11 54 -0.477
34 12 9 -0.555
18 37 137 -0.413
26 26 63 -0.618
33 14 10 -0.356
37 11 85 -0.626
14 32 148 -0.683
11 38 30 2.081
11 37 72 1.558
34 25 119 -0.688
38 11 89 -0.738
35 12 9 0.843
19 25 64 0.441
26 20 76 -0.450
40 14 18 -0.669
25 24 59 -0.572
34 16 56 -0.750
39 9 83 -0.252
16 26 144 -0.291
40 11 16 -0.693
13 34 30 2.071
28 15 82 -0.747
39 15 48 -0.671
18 28 68 0.684
18 34 1 1.941
39 6 11 -0.686
39 9 48 -0.531
29 21 61 -0.335
14 29 103 -0.738
40 8 12 -0.695
27 25 120 -0.709
23 25 136 -0.673
21 23 25 0.688
12 34 68 2.294
40 4 12 -0.636
41 15 125 -0.621
26 24 44 -0.724
28 22 136 -0.673
16 39 103 0.695
20 27 27 2.307
35 16 57 -0.559
35 21 133 -0.463
38 11 9 -0.009
30 30 60 -0.543
37 13 80 0.041
38 8 85 -0.375
24 28 1 3.263
20 23 31 0.432
24 21 98 -0.629
31 28 43 -0.632
27 24 61 -0.375
14 32 111 -0.639
39 18 92 -0.658
16 24 68 2.147
37 16 121 -0.745
14 30 147 1.711
19 28 73 -0.211
41 15 52 -0.615
32 16 97 -0.693
41 11 47 -0.261
11 38 107 -0.727
35 20 58 -0.213
32 12 8 -0.660
35 19 20 -0.284
43 5 12 -0.550
19 21 3 -0.256
13 34 34 -0.747
16 33 27 -0.406
11 38 145 -0.319
25 21 99 -0.743
31 21 120 -0.735
18 20 33 2.206
34 13 47 -0.154
20 37 62 -0.670
41 9 16 -0.387
7 39 105 -0.638
34 16 86 -0.667
12 33 69 1.518
17 24 149 0.191
17 22 34 2.069
12 35 106 1.270
11 38 147 -0.234
36 9 83 -0.728
36 11 121 -0.478
14 19 73 0.384
12 33 105 -0.221
37 15 120 -0.492
12 34 67 -0.252
27 30 24 0.002
25 29 101 -0.171
32 23 42 1.167
44 4 126 -0.672
22 16 63 -0.750
34 21 6 2.034
41 10 124 -0.722
12 37 71 -0.015
39 10 84 -0.045
40 11 13 -0.482
18 21 64 1.011
38 10 48 -0.608
29 31 96 -0.750
24 30 0 -0.006
24 23 136 -0.748
15 30 104 -0.173
37 5 87 -0.746
29 27 115 -0.663
42 9 15 -0.556
26 22 79 -0.452
19 28 112 0.969
15 30 71 0.203
18 19 73 2.658
24 26 62 -0.611
33 23 57 -0.594
9 38 32 0.311
37 11 90 -0.743
40 18 88 -0.303
31 19 81 -0.637
44 11 52 -0.624
40 8 49 -0.600
37 2 131 -0.709
15 36 103 0.624
12 37 112 -0.356
39 5 84 -0.200
38 8 15 -0.386
24 30 77 -0.467
38 10 15 -0.394
14 31 106 -0.609
35 10 48 -0.628
36 12 89 -0.724
18 34 138 -0.416
40 13 45 0.120
36 7 48 -0.726
14 34 33 0.425
17 20 73 0.923
39 13 53 -0.451
39 9 14 -0.330
39 7 15 -0.359
23 25 26 -0.156
28 18 39 0.413
25 21 61 -0.040
42 10 11 0.386
15 32 71 0.442
40 13 129 -0.721
31 16 119 -0.682
14 36 33 -0.035
38 16 8 0.525
28 23 39 -0.143
32 17 20 -0.331
44 0 12 -0.688
26 24 60 -0.441
40 14 83 0.643
28 21 41 0.022
18 38 148 0.514
37 14 8 0.622
27 25 116 -0.085
22 30 24 -0.275
9 35 146 -0.072
16 32 142 -0.126
36 12 47 -0.598
22 34 25 -0.178
30 20 21 -0.327
26 26 135 -0.503
26 24 135 -0.698
41 12 16 0.440
15 30 140 0.430
43 7 52 -0.615
45 3 46 -0.571
36 11 9 1.089
15 37 66 -0.409
22 12 78 -0.727
39 21 130 -0.750
25 32 99 -0.482
39 12 129 -0.696
33 10 124 -0.750
24 24 149 -0.452
28 15 115 -0.496
23 25 3 -0.130
20 30 65 -0.166
29 32 96 -0.750
18 26 26 -0.564
27 29 135 -0.180
15 35 33 2.524
11 39 145 -0.105
43 10 126 -0.345
41 6 127 -0.728
32 22 6 0.432
22 24 139 -0.704
37 13 122 -0.417
36 6 8 1.715
45 16 51 -0.655
37 16 89 -0.746
35 19 47 -0.725
18 26 140 -0.485
39 9 45 -0.393
17 37 67 0.884
27 25 59 -0.586
32 4 123 -0.735
37 13 53 -0.723
16 35 106 -0.090
15 42 147 0.102
36 13 121 -0.318
17 38 112 -0.401
22 28 2 -0.389
17 29 37 4.925
36 11 15 -0.507
33 18 9 -0.401
40 10 90 -0.750
33 27 80 -0.447
12 37 70 1.022
43 14 17 -0.645
13 28 74 -0.704
22 28 38 -0.139
13 29 36 6.410
37 18 81 -0.184
22 32 78 -0.711
33 24 43 0.312
28 21 60 -0.666
24 32 24 -0.357
13 33 139 -0.719
13 26 66 0.484
21 16 0 1.785
11 26 71 0.128
23 15 0 4.165
37 14 45 0.316
28 24 77 -0.593
28 26 136 -0.743
33 11 45 0.080
13 29 71 1.628
31 23 97 -0.669
31 25 41 0.809
10 25 66 -0.140
26 32 61 -0.040
13 22 29 -0.216
37 12 122 -0.728
39 8 86 -0.687
29 23 25 0.244
20 23 26 1.983
33 21 119 0.062
37 4 8 0.726
24 34 114 -0.634
12 41 143 -0.149
36 23 6 1.200
17 35 69 0.520
14 32 149 -0.586
36 15 45 0.188
13 39 32 0.799
23 21 101 -0.060
34 17 83 -0.182
20 29 75 0.694
39 22 83 -0.725
15 38 103 1.460
19 25 113 0.536
42 13 127 -0.732
19 18 138 -0.446
12 31 141 -0.693
30 21 136 -0.737
34 5 44 -0.626
13 31 36 1.525
30 21 41 0.205
7 33 102 -0.547
15 33 72 -0.398
13 25 147 0.510
16 34 65 -0.429
19 38 63 -0.136
30 18 61 -0.071
30 16 40 -0.321
11 40 71 0.005
27 21 24 1.675
31 16 79 0.221
39 14 93 -0.744
30 15 40 0.405
12 21 71 0.955
21 25 28 1.002
10 35 71 0.037
28 22 77 0.629
34 11 83 -0.750
34 21 59 -0.750
35 9 7 0.665
38 14 92 -0.691
41 10 90 -0.750
35 12 47 -0.648
43 15 124 -0.724
13 27 145 -0.320
16 26 140 0.385
14 33 74 -0.252
39 11 47 -0.458
38 15 122 -0.727
31 22 117 -0.695
41 3 12 -0.470
15 37 148 1.117
41 12 129 -0.672
32 23 22 -0.109
28 18 41 -0.391
29 26 40 -0.477
14 20 107 0.589
42 8 51 -0.684
11 39 139 -0.750
27 16 78 -0.596
31 28 97 -0.252
22 37 62 -0.286
29 26 134 -0.488
38 21 19 0.498
32 7 123 -0.750
11 37 106 -0.042
26 20 44 -0.750
33 12 81 -0.361
31 13 116 -0.291
17 29 141 -0.530
20 29 101 -0.563
42 6 90 -0.731
43 15 91 -0.702
40 13 13 -0.258
28 31 77 0.332
17 25 141 0.399
16 28 32 0.433
35 25 133 -0.713
11 25 33 3.225
38 13 10 0.645
27 32 23 0.528
37 15 122 -0.434
18 28 76 1.270
38 15 123 -0.447
34 26 60 0.560
33 12 10 -0.406
30 12 44 0.542
34 19 18 -0.693
29 19 40 1.435
23 34 24 -0.563
24 26 25 0.484
13 33 36 1.184
38 12 87 -0.584
43 12 126 -0.708
32 17 81 -0.325
11 40 72 0.689
34 17 96 -0.700
9 33 107 -0.626
27 24 136 -0.458
36 16 57 -0.427
20 21 73 0.835
35 12 10 -0.544
19 21 138 -0.318
40 12 49 -0.535
35 21 95 -0.582
30 24 134 -0.583
34 18 80 -0.492
18 18 110 0.550
13 39 105 1.365
35 15 11 -0.396
21 25 2 0.751
14 32 74 -0.356
12 18 34 2.991
38 16 11 -0.184
26 25 149 -0.661
19 28 76 0.597
18 27 28 0.996
33 22 98 -0.253
38 8 123 -0.721
13 37 142 -0.123
12 36 34 -0.140
18 36 38 -0.264
40 9 52 -0.370
41 17 88 -0.216
11 29 67 0.599
13 33 72 1.599
41 8 47 -0.168
37 13 92 -0.588
25 26 99 -0.750
35 7 47 -0.709
28 17 39 0.410
43 12 125 -0.724
29 14 79 -0.736
13 35 32 3.368
19 28 139 -0.045
22 32 137 -0.748
10 27 144 -0.595
15 33 74 -0.591
31 27 97 -0.686
23 22 76 -0.345
10 34 69 1.293
41 13 91 -0.733
16 28 141 0.597
22 25 139 -0.153
13 27 149 -0.535
23 30 78 -0.017
15 22 28 1.658
23 33 115 -0.560
15 27 66 -0.163
35 14 124 -0.750
38 12 85 -0.240
42 3 17 -0.681
33 5 8 -0.428
36 23 132 -0.724
33 15 80 -0.458
29 15 117 -0.247
39 11 125 -0.750
29 15 115 1.023
18 25 139 0.221
12 25 107 1.014
40 17 17 -0.390
28 29 23 -0.636
36 9 7 -0.212
15 35 36 1.878
37 4 18 -0.503
19 21 113 0.480
37 13 90 -0.748
34 17 6 0.436
45 7 88 -0.666
26 27 135 -0.750
38 17 93 -0.747
37 17 81 -0.234
15 38 102 -0.498
28 15 116 -0.344
37 7 16 -0.690
38 5 85 -0.702
31 17 5 0.331
26 28 58 -0.741
11 24 67 -0.314
11 36 68 0.271
40 20 55 -0.579
18 30 38 3.208
22 32 26 0.123
20 29 2 1.221
34 23 7 0.761
35 18 58 -0.442
31 17 77 1.395
24 13 1 2.972
36 20 57 -0.331
35 16 95 -0.225
15 23 74 0.678
19 26 73 0.439
31 13 79 -0.002
35 18 57 -0.277
35 18 6 0.284
34 17 132 -0.750
17 35 112 -0.175
24 28 0 0.439
28 25 116 -0.691
18 31 38 1.980
43 9 14 -0.530
31 22 133 -0.702
17 18 34 2.159
31 20 44 0.072
38 11 130 -0.457
11 31 106 0.000
34 14 6 1.444
19 28 37 0.783
31 20 22 0.790
44 13 51 -0.695
11 34 107 -0.451
36 14 47 -0.504
34 7 11 -0.695
16 30 148 1.228
27 21 26 0.787
17 30 37 2.555
34 16 46 -0.384
38 20 120 -0.360
27 17 39 1.515
17 34 141 -0.411
41 8 88 -0.689
30 25 96 -0.723
29 22 61 0.213
43 8 52 -0.527
34 10 85 -0.656
14 32 69 1.287
29 18 116 -0.038
39 9 47 -0.536
26 17 5 1.185
31 18 22 -0.106
13 29 106 0.487
33 17 117 -0.748
40 7 92 -0.732
21 20 0 1.517
36 3 84 -0.620
28 21 26 1.024
40 8 17 -0.695
37 19 83 -0.432
30 27 94 -0.750
38 14 45 0.728
27 23 117 0.203
29 24 41 0.577
36 22 19 -0.143
36 12 132 -0.687
17 32 65 0.155
20 27 5 -0.115
32 20 119 -0.592
20 15 75 -0.346
31 26 22 -0.063
13 38 111 -0.745
42 11 128 -0.746
41 11 87 -0.750
29 24 59 -0.750
16 33 147 -0.320
35 15 43 0.322
19 31 0 0.284
28 31 115 -0.339
17 21 1 0.082
18 22 138 -0.540
17 30 28 0.789
14 22 103 0.723
20 22 4 -0.555
16 34 103 0.418
35 14 133 -0.691
29 25 98 0.115
24 22 149 -0.472
35 20 132 -0.723
19 28 0 0.826
33 22 58 -0.673
26 30 137 -0.659
27 31 115 -0.685
34 17 117 -0.578
22 21 114 2.246
30 19 118 0.470
19 21 34 0.188
30 20 43 -0.509
31 20 119 -0.564
38 6 15 -0.695
27 23 116 -0.067
18 37 67 0.025
30 22 59 -0.743
15 30 33 3.253
18 28 74 -0.366
25 21 39 3.495
14 39 32 0.425
21 10 0 1.815
9 31 143 -0.342
36 9 12 -0.644
19 27 76 1.568
19 20 138 -0.546
37 16 45 0.817
21 26 5 -0.088
39 10 51 -0.669
41 7 90 -0.750
35 16 120 -0.684
30 18 40 0.153
29 27 60 -0.424
16 32 75 1.501
13 33 67 1.505
33 11 48 -0.750
31 16 133 -0.695
17 20 34 0.978
35 23 20 -0.034
39 12 10 0.366
11 36 146 0.742
32 20 40 -0.327
11 43 102 -0.250
15 33 68 0.435
30 17 42 -0.301
36 10 47 -0.745
35 20 95 -0.602
41 9 127 -0.700
34 13 54 -0.750
36 14 89 -0.746
40 15 88 -0.316
15 31 149 -0.304
31 24 59 -0.415
26 32 114 -0.237
37 15 129 -0.750
26 17 39 1.603
25 32 26 0.448
10 41 109 1.219
14 39 148 0.654
25 24 114 -0.274
20 21 76 0.651
15 37 102 -0.362
31 15 119 -0.701
23 26 4 -0.623
12 32 105 -0.482
44 8 126 -0.659
30 12 40 0.002
28 17 80 -0.720
24 31 26 0.701
36 18 18 -0.473
15 32 32 6.214
35 21 19 -0.345
14 37 145 0.577
13 30 31 1.653
29 18 39 1.546
40 9 124 -0.632
39 11 86 -0.492
37 14 92 -0.634
34 14 9 -0.527
14 33 71 0.055
45 14 129 -0.640
15 22 70 -0.512
25 15 61 -0.427
19 34 63 -0.196
16 28 148 1.212
28 18 116 0.014
18 30 33 0.529
18 25 64 0.345
41 7 123 -0.744
36 14 87 -0.571
42 9 127 -0.750
29 22 42 -0.282
13 37 66 0.290
34 9 85 -0.609
23 24 28 1.387
20 31 137 -0.615
11 26 67 -0.750
40 15 85 0.136
22 33 79 -0.750
21 26 149 -0.243
29 21 39 -0.084
38 5 7 -0.432
35 13 84 -0.470
18 27 69 1.836
41 15 48 -0.718
16 32 140 0.112
19 35 26 -0.341
14 25 66 0.280
37 16 56 -0.523
42 12 91 -0.394
22 33 138 -0.343
24 30 61 -0.495
36 8 124 -0.750
10 40 145 -0.388
12 36 30 2.689
36 17 89 -0.750
40 14 122 0.114
25 30 0 0.066
43 9 52 -0.561
22 27 2 -0.343
43 13 46 1.741
28 21 39 1.066
15 27 72 0.968
24 31 77 0.126
39 12 89 -0.726
37 7 87 -0.739
42 15 93 -0.617
12 35 71 0.833
27 21 99 -0.679
40 15 49 -0.727
8 33 102 -0.415
39 10 129 -0.668
39 9 50 0.470
29 18 23 -0.206
13 33 69 1.107
12 34 27 -0.704
39 10 48 -0.692
23 25 135 -0.646
21 27 113 -0.375
34 20 93 -0.750
16 25 143 -0.711
36 5 82 0.025
12 38 147 0.816
11 29 69 -0.021
26 16 4 -0.083
40 15 46 2.460
28 24 21 -0.797
37 17 120 -0.475
18 24 110 1.453
44 5 15 -0.466
40 8 13 -0.438
40 9 130 -0.736
35 9 119 -0.031
18 37 64 0.607
29 15 39 1.449
29 26 136 -0.662
17 25 37 3.565
23 25 63 -0.300
24 17 137 -0.713
15 23 103 0.320
18 22 69 1.735
33 25 133 -0.693
37 16 94 -0.750
12 41 102 -0.424
31 13 5 0.546
17 37 113 -0.649
37 11 89 -0.750
41 13 123 -0.745
25 18 76 1.507
36 16 19 -0.567
31 21 41 0.617
23 23 101 -0.304
24 26 76 0.213
30 24 57 -0.442
38 15 55 -0.647
36 10 9 0.214
39 7 49 -0.750
27 18 4 -0.078
16 34 148 1.319
37 17 96 -0.745
18 30 68 0.617
35 12 49 -0.641
38 14 55 -0.398
39 12 93 -0.718
42 15 86 -0.732
33 12 20 -0.577
36 15 93 -0.659
28 20 114 -0.138
41 8 124 -0.636
39 16 93 -0.710
18 36 1 -0.195
12 31 33 2.688
19 23 69 2.343
29 25 97 -0.750
32 15 94 -0.750
18 32 101 -0.486
33 15 20 -0.629
18 19 63 -0.516
40 13 53 -0.437
12 35 104 0.751
19 18 2 0.379
16 32 113 -0.721
31 14 120 -0.443
10 34 65 0.169
18 21 73 3.330
15 26 141 0.196
24 34 60 -0.728
33 9 81 -0.581
24 18 137 -0.717
23 27 39 0.282
17 25 104 -0.253
41 9 129 -0.750
16 41 36 2.486
21 29 101 0.073
38 19 8 -0.156
24 36 62 -0.231
37 16 9 -0.541
36 13 12 -0.469
36 19 95 0.031
38 6 131 -0.725
10 40 35 0.171
22 26 149 -0.612
43 6 16 -0.209
31 9 45 -0.750
22 38 114 -0.692
12 32 30 1.823
27 18 61 -0.471
13 32 32 3.404
33 22 81 -0.744
27 20 98 -0.711
19 26 31 0.605
25 27 25 -0.715
18 25 38 2.535
39 12 84 0.461
42 19 125 -0.515
18 34 38 0.452
13 36 106 -0.362
45 11 126 -0.585
41 9 84 -0.090
26 30 135 -0.710
30 17 118 -0.686
35 9 85 -0.609
13 37 140 -0.281
15 32 110 -0.538
38 12 121 -0.409
13 37 30 -0.216
33 18 81 -0.750
5 43 108 -0.586
23 25 24 -0.465
22 25 25 -0.147
21 24 113 -0.203
14 28 111 -0.278
24 11 116 -0.672
19 24 26 3.615
16 27 75 1.069
28 24 136 -0.646
29 18 115 -0.508
16 31 141 0.700
20 26 111 -0.505
34 19 41 0.523
32 28 22 1.567
38 10 121 -0.688
41 10 127 -0.748
17 28 72 1.935
25 17 5 0.737
5 46 108 -0.595
25 25 99 -0.745
29 24 21 -0.470
17 24 37 2.547
21 30 28 0.858
13 30 110 -0.537
31 25 135 -0.750
17 19 73 1.015
40 4 14 -0.605
31 30 97 -0.456
34 27 95 -0.267
36 15 10 0.453
35 16 83 -0.657
36 14 43 0.032
36 18 87 -0.515
33 16 9 -0.359
12 38 146 1.519
37 16 87 -0.266
25 20 82 -0.643
39 16 54 -0.560
24 22 5 0.072
36 19 56 -0.686
13 30 103 0.731
24 27 1 3.077
10 38 107 -0.552
9 37 146 -0.365
36 4 7 0.235
11 33 107 -0.416
14 26 144 -0.196
35 17 57 -0.327
21 24 1 2.069
12 29 27 -0.711
38 16 49 -0.743
36 2 85 -0.702
21 19 2 2.841
42 1 12 -0.570
40 11 91 -0.616
19 25 139 0.301
16 19 1 -0.500
22 26 2 0.583
38 11 131 -0.738
42 13 16 -0.238
35 15 85 -0.632
32 26 58 -0.519
39 13 87 -0.152
13 27 66 -0.118
33 13 96 -0.612
31 27 133 -0.650
22 22 2 1.837
40 12 124 -0.436
35 20 94 -0.687
26 27 114 0.440
37 7 18 -0.566
13 31 111 -0.695
28 21 23 0.070
13 41 71 -0.111
31 7 7 -0.507
39 12 87 -0.472
34 25 95 -0.200
41 12 11 -0.492
36 7 130 -0.750
11 39 66 2.667
37 14 9 -0.584
35 23 19 -0.331
15 32 113 -0.586
38 21 120 0.070
42 12 14 -0.569
39 11 83 0.075
33 18 96 -0.491
11 38 109 -0.443
29 30 135 -0.750
28 11 115 1.140
12 29 34 -0.241
37 3 85 -0.653
15 36 66 0.612
19 24 111 -0.234
38 11 14 -0.117
13 19 69 2.063
42 10 17 -0.613
38 15 8 0.954
10 29 35 1.762
26 24 63 -0.424
34 7 121 -0.729
37 21 19 0.860
28 21 77 -0.562
36 25 132 -0.709
28 27 62 -0.738
30 16 39 1.769
32 16 79 0.302
17 27 74 -0.633
5 29 108 -0.676
42 19 130 -0.574
38 11 93 -0.750
34 10 9 -0.600
25 24 60 -0.125
18 23 111 -0.657
24 22 139 -0.111
19 21 26 0.367
7 35 108 0.552
31 21 44 0.640
41 2 11 -0.669
19 21 38 1.588
28 24 60 -0.707
17 30 144 -0.047
26 28 79 -0.650
22 25 24 0.517
36 7 50 -0.750
21 30 64 0.052
30 28 60 0.160
37 18 6 1.102
38 12 13 -0.665
30 23 41 0.696
36 16 49 -0.540
29 20 4 0.302
15 34 104 0.239
21 26 1 3.200
40 10 18 -0.529
29 12 118 -0.707
19 33 26 -0.598
35 10 47 -0.691
31 19 22 0.351
41 7 12 -0.085
17 35 140 0.209
15 31 144 0.321
42 8 53 -0.662
26 19 39 3.115
38 16 47 -0.354
38 11 18 -0.601
25 16 2 0.059
32 26 133 -0.750
23 28 100 0.048
15 29 102 -0.356
23 33 137 -0.556
38 10 87 -0.743
25 27 23 0.388
11 34 70 1.119
40 8 46 -0.654
13 34 0 -0.695
14 34 112 -0.241
30 16 116 -0.273
40 10 51 -0.611
37 13 121 -0.744
12 29 70 1.530
24 21 4 -0.394
14 31 68 0.579
18 24 69 0.661
25 24 76 -0.148
12 35 34 0.203
33 16 121 -0.234
15 21 34 1.631
36 12 10 0.396
39 8 125 -0.750
13 29 66 0.567
31 25 22 0.337
39 14 86 0.135
38 11 56 -0.600
5 48 108 -0.504
14 31 70 -0.472
24 31 115 -0.672
12 33 103 -0.515
34 14 8 1.110
32 20 117 -0.387
26 30 23 -0.686
9 37 35 0.097
9 42 107 -0.715
35 16 87 -0.516
13 32 147 0.116
12 32 67 0.927
35 15 133 -0.676
24 32 23 -0.565
38 4 46 -0.547
33 22 95 -0.206
20 35 137 -0.619
24 22 63 -0.679
34 16 96 -0.586
13 37 145 0.791
12 34 35 1.176
41 10 11 0.108
39 7 123 -0.742
15 31 103 -0.209
38 16 93 -0.750
24 29 24 -0.024
15 27 103 -0.626
29 21 135 -0.695
19 19 110 1.048
39 12 123 -0.750
16 25 31 1.357
24 21 60 -0.602
39 12 83 0.257
19 37 140 -0.412
12 23 34 2.142
16 31 148 1.553
43 3 12 -0.592
27 7 4 1.136
17 30 111 -0.454
43 10 49 -0.688
39 1 12 -0.664
39 16 85 -0.399
39 12 55 -0.518
18 25 37 2.538
34 15 96 -0.679
18 22 68 0.501
36 10 83 -0.705
22 19 3 1.190
25 22 59 -0.483
31 17 21 0.607
29 22 80 -0.376
12 24 70 0.808
33 21 6 0.488
37 19 18 -0.063
31 22 136 -0.608
42 11 88 -0.381
24 29 139 -0.675
37 14 93 -0.707
36 13 85 -0.518
42 12 90 -0.747
21 15 0 0.783
15 27 68 2.019
12 34 105 0.978
37 7 86 -0.706
23 37 78 -0.657
32 15 5 0.837
15 36 112 -0.398
16 29 105 0.324
7 35 35 0.338
20 28 26 1.048
43 9 16 -0.663
42 7 11 -0.672
38 8 48 -0.525
19 37 63 -0.336
34 14 133 -0.553
13 36 104 -0.529
30 23 21 -0.212
38 15 121 -0.588
19 29 28 0.659
15 24 73 1.195
37 17 133 -0.741
14 24 71 3.123
32 20 6 1.129
14 31 103 0.448
44 6 52 -0.741
29 23 21 -0.568
36 1 82 -0.561
24 30 4 -0.638
11 34 109 1.226
23 20 136 -0.705
16 36 137 -0.527
31 15 116 -0.609
19 26 63 -0.291
29 19 79 -0.625
41 7 127 -0.750
35 17 95 -0.413
29 25 59 -0.638
31 19 40 -0.063
42 13 124 -0.738
31 24 97 -0.318
39 14 92 -0.678
15 28 144 -0.353
31 19 58 -0.738
41 9 123 -0.695
35 26 94 -0.697
11 34 32 1.312
40 5 127 -0.737
18 28 37 0.326
14 39 142 -0.262
42 11 129 -0.627
16 27 70 0.737
12 38 70 2.473
27 27 39 1.862
17 21 73 1.114
38 13 49 -0.264
15 32 149 -0.516
21 36 64 -0.171
38 5 12 -0.695
21 29 64 0.671
40 13 55 -0.561
42 14 128 -0.735
15 20 69 3.378
35 11 47 -0.238
11 35 35 2.172
35 24 57 -0.445
29 13 118 -0.718
35 7 127 -0.729
40 18 17 -0.793
13 32 109 -0.534
36 19 122 -0.750
32 22 134 -0.243
10 37 110 -0.646
23 34 137 -0.403
23 13 3 0.833
15 35 103 0.871
34 23 19 -0.415
15 33 112 -0.358
31 26 97 -0.456
36 6 118 0.216
36 9 87 -0.628
40 10 52 -0.630
26 17 2 -0.537
13 39 140 -0.375
8 38 109 -0.539
16 25 141 0.478
17 24 33 4.002
18 31 100 -0.750
36 18 92 -0.732
16 29 72 0.505
11 21 105 -0.391
31 18 77 -0.029
17 30 105 0.636
14 30 103 -0.554
14 36 66 -0.047
28 27 96 -0.676
16 24 64 1.250
26 22 135 -0.740
42 6 16 0.069
38 9 51 -0.750
26 21 61 -0.027
14 39 35 1.633
33 17 42 0.315
35 9 126 -0.750
34 26 95 -0.536
17 24 103 -0.622
37 19 95 -0.685
44 7 126 -0.558
41 14 128 -0.750
13 41 66 0.264
38 15 90 -0.700
22 28 113 0.536
42 15 125 -0.582
12 22 69 3.300
36 14 6 -0.695
33 23 119 -0.725
38 11 43 0.158
32 24 80 -0.428
29 14 21 -0.296
35 19 122 -0.732
21 24 63 -0.393
20 26 28 0.269
42 18 130 -0.750
40 17 130 -0.750
41 15 46 0.379
14 39 112 -0.236
38 8 89 -0.683
30 14 4 -0.002
20 26 75 0.505
31 17 94 -0.750
37 20 6 1.587
29 25 40 -0.616
12 25 69 2.610
39 11 13 -0.644
13 33 74 -0.259
25 17 38 1.985
13 22 33 6.672
31 18 80 -0.529
38 14 56 -0.374
23 32 62 -0.193
42 18 46 0.355
10 42 105 -0.063
18 28 104 0.032
40 14 131 -0.732
27 25 78 -0.672
34 12 44 -0.209
17 24 31 0.580
17 29 26 -0.680
23 12 1 1.099
15 25 73 0.783
28 25 39 0.064
22 22 113 -0.714
11 34 30 2.000
16 38 0 -0.364
40 10 55 -0.727
15 36 142 -0.206
31 24 42 -0.052
27 27 41 -0.419
18 18 31 0.860
34 20 10 -0.649
13 23 71 3.202
26 27 42 0.105
13 35 146 -0.145
13 24 74 -0.564
37 5 127 -0.750
34 15 8 0.448
14 15 31 0.154
36 23 22 -0.313
34 15 56 -0.750
12 38 104 0.046
39 16 129 -0.730
18 27 110 0.426
36 14 121 -0.603
28 14 40 1.089
25 24 62 -0.441
23 25 113 -0.683
9 44 105 -0.155
31 16 5 1.947
28 16 59 -0.636
25 31 62 -0.266
33 14 5 0.614
14 35 112 0.085
27 20 39 1.432
32 18 116 -0.641
13 32 66 0.858
15 31 146 0.699
16 29 74 1.076
42 10 54 -0.688
24 12 1 2.681
19 36 140 -0.268
30 17 5 2.123
15 30 110 -0.400
19 20 2 0.848
42 15 52 -0.224
15 31 110 -0.445
43 7 50 -0.501
18 22 75 2.901
30 12 115 -0.541
26 26 114 -0.038
13 38 30 1.939
25 29 114 0.143
13 29 107 -0.322
35 14 121 -0.750
18 23 69 2.240
40 14 46 1.846
18 20 113 -0.006
19 29 33 1.016
30 18 21 0.581
24 29 77 -0.630
15 24 144 -0.632
21 28 149 0.028
33 13 117 -0.557
38 20 133 -0.611
18 20 73 2.050
22 19 76 -0.450
20 28 113 -0.139
13 33 102 1.639
30 14 116 -0.494
30 25 23 -0.152
33 18 40 -0.311
27 27 25 -0.469
36 6 11 -0.664
38 15 54 -0.630
37 18 120 -0.217
14 23 71 2.469
23 18 61 -0.707
31 23 58 -0.667
40 6 91 -0.418
12 37 107 -0.040
17 34 37 -0.007
30 24 23 -0.322
30 14 40 0.929
33 17 58 -0.274
32 27 98 -0.685
43 9 125 -0.717
23 29 137 -0.681
36 18 20 -0.739
39 13 86 -0.660
28 15 118 -0.717
33 24 6 0.385
10 36 143 0.375
21 25 101 -0.343
31 11 119 -0.735
12 39 35 3.806
13 32 148 -0.730
37 20 8 0.365
16 35 109 -0.316
39 17 54 -0.645
35 18 95 -0.164
19 25 148 0.496
17 37 36 3.440
23 26 135 -0.729
30 21 95 -0.637
34 20 7 0.780
27 21 98 -0.613
13 37 35 2.187
22 29 113 0.262
13 31 141 0.165
10 31 68 0.216
12 36 146 -0.204
37 10 85 0.083
36 20 133 -0.712
21 19 139 0.406
16 22 27 -0.195
29 22 77 0.085
36 24 95 -0.291
24 38 77 0.825
17 26 69 1.932
23 7 78 -0.450
42 8 88 -0.510
37 10 121 -0.679
12 38 30 0.501
14 31 27 -0.276
36 11 89 -0.719
13 31 145 1.009
38 12 53 -0.695
31 23 98 -0.646
15 31 74 -0.233
35 6 82 0.169
42 18 128 -0.743
17 33 67 1.301
24 21 116 -0.459
39 10 54 -0.592
16 23 74 0.067
11 32 70 0.762
20 33 26 -0.405
12 43 147 -0.220
36 11 87 -0.750
26 18 4 -0.033
27 29 77 -0.048
36 7 118 -0.447
34 14 96 -0.596
35 26 20 -0.338
20 34 63 -0.470
28 28 77 0.894
38 11 85 -0.230
11 36 30 2.120
17 29 144 0.414
34 14 124 -0.747
40 10 83 0.051
35 24 7 1.387
18 33 37 0.054
34 9 81 -0.672
17 31 27 -0.185
36 16 18 -0.369
37 4 14 -0.672
22 29 63 -0.288
15 37 33 3.089
35 12 87 -0.442
32 23 58 -0.660
23 25 37 0.494
14 35 142 -0.301
25 26 4 -0.680
13 27 103 0.154
35 14 10 0.005
16 32 106 -0.401
32 21 6 0.734
35 11 127 -0.745
24 25 99 -0.701
18 24 34 0.823
38 9 56 -0.651
17 34 36 5.088
44 13 52 -0.599
40 7 51 -0.727
32 21 98 -0.745
36 1 131 -0.728
45 10 17 -0.484
19 20 73 0.156
12 33 142 -0.627
12 30 106 0.902
29 26 135 -0.612
15 31 141 -0.309
18 30 73 -0.317
18 24 112 1.153
13 31 106 1.208
37 16 18 -0.479
24 25 63 -0.098
38 17 87 -0.529
26 18 61 -0.142
37 10 15 -0.693
37 15 121 -0.363
25 26 79 -0.720
12 42 109 -0.553
18 29 1 1.438
16 24 28 2.704
23 34 62 -0.250
22 28 25 -0.221
26 21 60 -0.564
17 26 74 -0.149
34 19 59 -0.615
12 30 143 0.084
37 20 56 -0.547
13 37 67 1.178
20 22 63 -0.731
20 19 76 0.053
40 14 45 0.360
34 16 10 -0.375
37 13 131 -0.674
38 8 12 -0.131
19 32 101 -0.464
29 19 41 -0.112
27 20 61 -0.295
39 10 89 -0.750
39 9 56 -0.504
42 8 14 -0.339
34 15 47 -0.541
24 31 99 -0.732
12 33 33 3.990
10 36 146 -0.442
20 17 2 1.143
12 39 145 -0.154
21 16 2 1.408
26 26 39 0.119
35 11 119 -0.120
41 14 15 -0.422
31 26 42 0.121
16 32 72 1.399
40 14 54 -0.518
34 15 41 0.019
37 6 86 -0.627
12 32 147 -0.247
30 12 77 0.521
12 24 105 -0.492
16 27 69 2.907
28 16 116 0.733
18 18 2 0.084
28 19 118 -0.548
26 20 3 1.451
22 24 3 -0.347
14 35 71 0.330
22 15 1 -0.064
41 5 88 -0.662
25 30 100 -0.437
42 10 92 -0.724
19 16 75 0.103
14 37 111 -0.479
33 28 133 -0.749
32 25 80 -0.399
40 16 53 -0.262
38 13 15 -0.199
29 22 21 -0.461
16 22 70 0.638
34 19 19 -0.391
13 30 30 2.374
14 26 74 0.196
27 32 62 -0.723
37 21 83 -0.740
12 36 143 -0.376
38 16 127 -0.650
40 6 131 -0.693
18 20 34 1.274
24 21 76 -0.638
31 19 120 -0.743
14 28 31 1.260
14 37 109 -0.566
37 10 46 -0.748
28 12 4 0.189
12 33 30 2.453
23 37 77 0.880
43 19 130 -0.509
16 36 113 -0.689
28 23 116 -0.697
26 27 39 0.107
27 19 116 -0.344
14 31 34 0.831
14 34 147 0.712
15 35 32 0.354
25 30 114 -0.261
35 13 126 -0.740
32 14 9 -0.597
31 8 117 -0.717
27 25 82 -0.421
37 22 95 -0.682
23 27 101 -0.047
21 31 78 -0.750
29 15 22 -0.243
38 20 122 -0.525
37 13 120 -0.250
40 12 122 -0.430
28 14 116 0.569
19 24 113 0.266
32 18 133 -0.433
12 30 69 1.454
43 9 126 -0.750
14 32 145 0.104
11 20 68 1.344
30 10 117 -0.529
35 25 132 -0.694
35 15 93 -0.747
19 31 140 0.021
19 31 63 -0.258
35 16 82 -0.408
39 12 92 -0.641
36 23 121 -0.456
16 24 31 3.827
19 23 110 0.207
33 5 82 -0.524
28 20 115 -0.463
12 33 70 1.458
23 30 62 -0.526
42 6 46 -0.238
16 27 144 0.151
38 16 55 -0.616
29 18 59 -0.693
26 19 78 -0.633
21 25 37 2.601
25 22 99 -0.746
15 31 142 0.595
32 20 81 -0.750
22 20 0 0.822
35 22 57 -0.568
38 9 9 0.533
21 21 3 -0.239
40 14 125 -0.661
30 14 77 0.442
30 22 22 0.821
42 11 50 -0.525
36 6 7 -0.152
39 9 11 -0.372
31 25 98 -0.399
26 16 3 1.039
40 9 125 -0.735
42 12 49 -0.227
32 8 123 -0.747
17 31 138 -0.179
11 43 139 -0.562
37 11 131 -0.746
36 11 45 -0.278
11 34 143 -0.196
34 18 47 -0.672
16 37 113 -0.670
31 18 5 0.529
35 15 10 0.012
26 11 4 1.732
40 6 14 -0.683
42 13 125 -0.682
24 25 3 0.084
40 15 126 -0.656
16 39 140 0.562
22 34 138 -0.697
43 11 91 -0.750
12 36 66 2.563
35 7 85 -0.609
27 28 25 -0.575
36 16 9 -0.577
37 4 84 -0.020
12 37 67 0.205
14 24 31 2.375
12 41 112 -0.263
30 23 97 -0.728
34 17 54 -0.750
19 22 26 0.214
34 15 20 -0.513
39 20 94 -0.750
25 23 5 0.235
35 14 46 -0.491
15 33 142 -0.185
37 10 9 0.578
34 9 44 -0.546
36 19 132 -0.717
22 34 100 -0.457
26 23 42 0.073
35 12 89 -0.749
12 27 66 2.691
13 22 106 0.228
20 23 25 2.080
14 39 105 0.047
30 34 60 -0.647
22 26 113 0.505
41 15 88 -0.661
28 13 4 0.642
40 7 90 -0.721
35 16 93 -0.687
15 34 105 -0.436
20 24 64 0.685
11 39 106 0.885
14 38 32 0.823
24 20 114 0.938
25 29 99 -0.460
39 16 8 2.015
23 20 3 -0.283
9 40 35 0.206
25 34 25 -0.291
37 8 87 -0.593
30 21 5 -0.613
13 32 105 1.300
8 35 108 0.313
10 35 72 -0.109
12 33 68 1.774
13 23 74 -0.306
21 22 2 1.029
42 14 126 -0.565
20 27 149 -0.254
38 23 56 -0.430
42 7 46 -0.180
41 12 49 -0.139
14 27 74 -0.692
37 23 19 0.126
23 21 112 1.131
17 20 63 -0.350
12 30 34 0.028
38 10 123 -0.575
31 18 118 0.290
40 12 16 -0.135
35 17 43 0.433
41 6 84 -0.191
44 10 52 -0.750
9 37 147 -0.561
21 30 26 -0.229
35 7 87 -0.750
17 29 148 -0.152
40 2 131 -0.646
36 12 13 -0.596
27 19 60 -0.732
28 15 114 -0.269
31 25 6 0.035
7 36 109 -0.175
14 32 66 -0.487
39 8 90 -0.750
27 30 62 -0.684
12 38 143 -0.368
41 16 17 -0.617
40 10 121 -0.346
40 5 84 -0.281
31 17 22 0.047
41 14 125 -0.613
20 35 65 -0.304
35 12 48 -0.736
18 31 1 2.217
10 35 32 0.406
14 29 31 1.292
36 14 83 -0.507
22 26 101 0.044
31 5 79 -0.348
15 30 36 1.827
28 28 135 -0.556
42 14 18 -0.472
27 24 41 -0.736
41 14 52 -0.402
35 10 80 -0.152
34 22 7 0.924
19 26 28 2.085
22 23 114 2.132
30 20 42 -0.081
44 7 17 -0.575
27 31 24 -0.336
30 15 5 1.421
12 28 65 -0.516
27 31 25 -0.491
35 16 10 -0.289
28 12 82 -0.745
12 42 72 0.214
32 19 117 -0.695
29 21 76 -0.547
36 17 120 -0.122
44 14 51 -0.671
34 22 57 -0.697
42 14 125 -0.283
34 19 6 1.256
40 11 10 1.196
34 9 8 -0.202
37 13 13 -0.641
21 21 38 2.116
25 27 4 -0.682
39 13 12 -0.695
33 14 44 -0.326
23 31 26 1.942
22 16 0 2.496
20 29 5 0.088
23 21 149 -0.636
31 23 118 0.681
31 23 6 0.020
30 27 97 -0.680
40 6 11 -0.680
34 9 80 -0.371
35 24 19 -0.150
17 27 112 0.192
31 23 42 -0.340
41 17 128 -0.742
26 26 60 -0.743
11 42 109 -0.316
20 24 3 0.236
18 24 65 0.896
26 31 25 -0.040
43 15 53 -0.719
36 16 45 0.136
22 28 26 0.316
23 24 100 -0.553
19 30 140 -0.158
40 14 128 -0.750
33 15 7 1.155
18 19 31 0.576
11 20 33 4.190
42 8 11 -0.429
20 24 74 -0.150
17 33 111 -0.170
31 25 58 -0.727
17 33 36 4.727
13 30 35 4.146
22 32 99 -0.634
28 27 136 -0.693
12 24 29 -0.134
28 24 39 0.265
12 31 71 1.321
28 20 118 -0.282
37 9 15 -0.695
29 24 136 -0.722
16 32 104 -0.078
25 23 61 -0.575
36 19 130 -0.750
19 21 63 -0.745
17 25 28 0.931
39 15 86 -0.737
19 23 2 0.330
43 16 52 0.109
38 15 124 -0.729
33 21 57 -0.436
27 15 61 -0.494
32 19 5 1.347
16 22 34 2.430
14 34 105 -0.334
13 29 67 0.911
35 14 11 -0.565
36 5 18 -0.486
33 18 20 -0.396
26 11 44 -0.237
31 15 58 -0.653
32 21 116 -0.585
12 34 34 0.249
40 12 91 -0.750
16 24 33 3.978
27 24 117 0.298
22 34 26 0.042
39 17 120 -0.319
13 33 145 0.075
39 16 84 -0.591
34 8 44 -0.385
28 22 60 -0.516
33 17 9 -0.499
39 19 54 -0.460
27 19 42 -0.507
13 36 70 2.718
16 33 68 0.055
38 14 13 -0.690
35 14 82 -0.703
21 14 0 0.683
31 19 42 0.696
21 19 0 5.196
36 15 83 -0.644
15 25 147 1.225
14 37 146 0.397
34 17 119 -0.631
21 19 63 0.298
23 19 3 -0.430
43 7 90 -0.561
20 26 65 -0.145
20 22 76 0.639
38 18 132 -0.715
26 22 137 -0.678
21 33 101 -0.707
35 16 19 -0.662
30 25 41 0.108
37 20 95 -0.718
15 26 33 3.361
30 22 61 -0.219
34 10 121 -0.705
18 26 113 0.124
16 37 75 -0.322
22 26 38 0.339
23 23 3 -0.241
8 32 32 1.260
31 14 5 0.716
13 34 67 0.884
11 32 107 -0.240
11 22 105 -0.507
30 18 41 0.510
30 20 118 -0.729
17 35 111 -0.517
41 20 88 -0.205
17 31 112 0.573
16 28 28 1.524
40 9 129 -0.692
43 13 125 -0.596
39 13 126 -0.700
14 28 74 -0.375
39 16 92 -0.724
41 18 17 -0.638
38 16 84 -0.632
15 25 34 2.638
42 14 52 0.097
18 19 110 0.165
27 26 62 -0.292
39 8 50 -0.577
36 15 131 -0.714
11 30 143 0.232
25 22 3 1.077
32 23 61 -0.395
39 8 11 -0.507
26 19 5 0.938
31 9 79 0.105
24 31 24 -0.532
35 12 8 0.905
35 6 85 -0.616
39 18 88 -0.230
8 33 30 0.301
13 32 36 2.376
32 25 59 -0.584
42 11 49 -0.685
29 13 117 -0.750
34 24 57 -0.599
45 4 88 -0.750
24 25 0 -0.247
28 27 115 -0.732
39 8 49 -0.725
40 14 88 -0.576
10 33 110 -0.701
28 21 22 0.185
38 19 83 -0.688
15 29 32 4.242
34 8 85 -0.574
41 8 51 -0.635
39 15 17 -0.396
17 31 69 0.646
33 20 131 -0.750
28 30 59 -0.745
26 27 23 -0.675
38 12 83 -0.174
15 29 111 -0.686
38 10 13 -0.628
14 32 147 -0.126
40 13 128 -0.750
15 35 110 -0.108
36 16 133 -0.750
18 26 112 -0.405
23 33 99 -0.719
30 15 22 -0.529
33 11 84 -0.482
6 35 108 -0.724
14 31 146 0.319
31 26 60 -0.638
27 23 82 -0.431
40 11 49 -0.638
22 29 4 -0.695
15 42 75 -0.750
32 10 119 -0.742
22 36 78 -0.712
32 18 41 1.362
23 25 28 0.434
10 35 109 1.285
37 12 121 -0.235
34 8 8 -0.234
31 15 21 -0.327
10 29 108 -0.309
21 33 23 -0.284
32 18 42 -0.159
13 41 105 0.130
29 21 97 -0.624
40 11 129 -0.742
35 17 82 -0.373
22 28 138 -0.494
21 22 0 3.688
30 17 43 -0.517
36 18 133 -0.611
45 2 88 -0.709
25 24 63 -0.284
37 8 124 -0.686
24 34 25 -0.352
13 33 33 0.699
21 36 78 -0.728
40 3 16 -0.541
40 4 16 -0.692
20 24 38 0.182
12 34 66 -0.013
35 27 94 -0.750
29 17 117 -0.637
27 21 78 0.237
4 39 108 -0.641
12 34 32 2.993
23 25 25 -0.211
40 13 11 -0.482
23 32 77 0.601
29 9 117 -0.609
27 18 5 1.994
18 29 144 -0.297
41 11 52 -0.469
43 13 91 -0.707
23 25 1 2.010
36 24 19 -0.498
40 7 87 -0.502
29 13 116 -0.427
21 22 139 0.238
19 31 33 0.907
15 39 0 0.474
19 23 73 1.064
38 11 48 -0.632
27 25 135 -0.675
31 26 57 -0.520
37 16 132 -0.692
30 27 42 0.144
44 13 128 -0.663
31 23 134 -0.452
13 35 69 0.664
37 15 127 -0.716
31 28 94 -0.741
14 40 113 -0.601
31 12 118 -0.179
19 32 149 -0.248
41 11 85 0.114
35 21 20 -0.417
13 34 68 1.711
30 17 44 0.521
8 36 109 0.778
22 29 99 -0.701
16 25 1 -0.493
32 16 118 0.215
38 24 130 -0.749
23 23 4 -0.476
12 30 149 -0.299
30 22 118 -0.660
28 14 4 0.761
24 11 0 2.164
29 22 23 -0.434
42 3 12 -0.376
14 31 105 0.821
43 12 88 -0.538
39 13 8 0.717
12 30 67 -0.515
34 20 57 -0.724
19 39 63 -0.099
37 5 18 -0.716
23 36 114 -0.713
38 17 8 0.444
30 30 22 -0.281
37 12 127 -0.745
12 35 32 2.547
32 19 79 0.924
16 30 34 0.802
35 9 80 -0.346
11 30 144 -0.416
15 26 75 -0.750
33 7 121 -0.747
41 11 14 -0.465
19 34 73 0.288
24 30 25 -0.266
43 8 53 -0.749
34 23 58 -0.513
19 23 31 0.534
36 17 18 -0.529
14 30 141 0.354
26 26 77 0.656
26 28 61 -0.532
13 34 70 0.594
13 35 66 0.771
28 25 135 -0.707
14 32 146 0.592
27 21 116 -0.222
39 14 129 -0.745
34 16 81 -0.354
29 20 43 -0.470
39 12 124 -0.551
34 21 133 -0.746
44 12 52 -0.730
18 23 0 2.047
16 38 137 -0.740
40 14 13 -0.074
16 30 32 0.423
28 20 60 -0.675
19 22 148 -0.046
40 7 15 -0.493
9 29 35 1.722
36 21 121 -0.470
33 13 119 -0.740
44 11 126 -0.750
34 10 45 -0.536
30 26 41 0.964
40 21 55 -0.388
22 31 137 -0.750
29 22 136 -0.743
35 7 118 -0.490
22 31 26 0.141
32 23 98 -0.409
30 25 60 -0.463
26 21 76 -0.279
14 35 34 1.424
28 29 26 0.696
34 16 20 -0.491
40 15 17 0.145
17 35 38 0.521
28 17 40 1.178
42 16 91 -0.424
18 36 138 0.515
19 30 100 -0.705
20 25 28 2.049
36 5 45 -0.603
39 17 121 0.049
28 27 59 -0.750
42 13 92 -0.513
28 21 97 -0.750
40 11 51 -0.338
27 12 4 0.797
41 9 51 -0.546
11 39 104 -0.137
16 37 148 -0.453
41 13 127 -0.743
30 16 120 -0.750
25 30 24 -0.354
37 9 118 1.001
22 20 62 -0.661
27 28 42 0.128
9 36 146 -0.146
39 11 84 0.648
39 11 48 -0.361
15 28 141 0.543
23 19 136 -0.750
34 26 57 -0.674
38 11 54 -0.721
20 28 73 -0.231
19 28 28 0.801
27 16 61 -0.143
34 21 97 -0.463
37 13 93 -0.721
27 27 60 -0.106
37 19 56 -0.743
33 19 6 1.212
16 38 147 -0.577
28 22 41 -0.110
24 26 4 -0.464
14 22 28 0.923
11 32 144 -0.240
25 32 79 -0.692
9 27 29 0.912
32 16 41 0.787
34 22 6 0.503
14 30 37 0.178
42 11 127 -0.748
39 10 16 -0.548
27 24 44 -0.656
24 30 115 -0.739
11 21 31 2.747
16 21 1 -0.183
17 29 65 0.063
40 9 84 0.011
11 40 65 -0.507
28 27 79 0.160
27 22 117 0.164
43 13 128 -0.737
12 35 69 1.542
35 16 20 -0.261
16 33 74 1.981
29 22 115 -0.542
15 35 34 0.718
29 32 60 -0.726
42 15 10 0.847
40 10 92 -0.659
32 25 58 -0.561
32 23 57 -0.692
39 11 18 -0.629
24 35 77 -0.289
38 17 80 0.384
27 22 99 -0.737
17 30 141 0.574
29 17 42 -0.188
18 24 37 2.047
38 2 12 -0.630
36 11 10 0.810
17 27 27 0.578
35 9 84 -0.480
33 20 97 -0.542
42 6 15 -0.691
29 15 44 0.553
31 27 95 -0.351
16 32 103 0.620
12 33 145 0.199
12 28 107 0.313
34 23 21 -0.451
36 20 7 1.119
29 20 41 0.102
33 24 58 -0.696
36 9 118 0.500
23 29 77 -0.741
41 10 92 -0.535
31 20 81 -0.611
18 31 139 -0.239
36 18 56 -0.608
35 8 82 -0.192
40 13 52 -0.440
16 37 68 0.618
37 14 55 -0.720
16 32 32 1.526
38 16 122 -0.593
14 19 34 3.853
21 24 101 -0.327
42 10 13 -0.088
36 8 45 -0.246
12 35 35 2.004
40 13 83 -0.101
16 33 144 0.287
13 20 34 3.483
24 20 3 -0.004
23 34 114 -0.647
15 31 31 0.678
22 22 28 0.979
35 12 11 -0.678
25 24 135 -0.604
34 0 82 -0.668
37 3 123 -0.743
23 27 149 -0.470
13 31 109 0.506
28 26 79 -0.225
12 36 142 -0.438
11 27 144 -0.002
37 19 94 -0.745
41 16 53 -0.700
16 35 74 2.110
41 8 84 -0.112
41 14 130 -0.750
17 23 65 0.366
13 36 105 0.048
35 24 58 0.385
16 26 148 1.153
16 23 33 5.507
16 33 102 -0.368
34 17 133 -0.630
22 17 0 2.477
38 13 129 -0.750
27 18 39 1.726
16 36 103 -0.145
20 18 139 -0.084
31 24 60 -0.267
43 4 88 -0.610
30 12 79 -0.503
25 22 135 -0.550
31 12 4 0.626
28 18 114 0.014
35 24 119 -0.697
28 24 23 -0.492
29 23 79 0.005
14 35 140 0.122
30 17 96 -0.647
18 33 68 1.360
20 30 139 0.535
38 9 11 -0.275
23 24 112 0.617
38 13 93 -0.692
22 25 38 -0.247
38 11 15 0.378
14 32 140 0.637
14 32 143 -0.475
15 30 149 -0.535
30 24 118 0.697
34 14 83 -0.536
17 32 138 -0.220
41 6 12 -0.233
20 30 101 -0.738
33 20 134 -0.521
39 9 125 -0.740
13 33 107 0.610
32 12 45 -0.572
36 11 54 -0.678
38 17 129 -0.750
16 31 103 -0.304
28 17 4 0.183
43 12 17 -0.630
30 13 116 -0.449
32 25 57 -0.534
28 31 25 -0.127
12 39 143 -0.057
38 7 12 -0.220
23 31 78 -0.018
34 16 118 -0.120
24 26 139 -0.575
17 28 38 1.642
44 12 16 -0.386
14 31 102 1.787
21 27 1 3.793
15 32 143 -0.169
33 22 134 -0.728
12 26 107 0.636
28 20 23 0.025
38 13 53 -0.576
14 37 147 -0.101
38 14 131 -0.688
28 21 114 -0.422
13 34 109 0.171
29 21 42 -0.356
18 25 110 0.464
30 20 117 0.256
23 24 5 -0.366
42 10 129 -0.672
35 22 94 -0.514
38 11 51 -0.492
21 28 63 -0.472
23 21 63 -0.705
34 16 54 -0.750
19 30 2 -0.136
31 10 4 -0.131
19 22 64 0.942
36 14 82 -0.395
15 26 74 -0.300
34 20 95 -0.518
37 18 83 -0.723
32 17 121 -0.477
11 28 143 -0.147
25 29 26 0.221
19 33 139 0.045
21 22 138 -0.455
29 21 5 -0.682
41 10 123 -0.702
27 22 78 -0.161
18 22 148 -0.229
38 11 83 -0.292
18 16 73 2.021
18 36 37 -0.667
33 20 43 0.223
12 31 70 -0.543
16 34 36 5.232
37 9 121 -0.350
19 30 149 -0.381
37 22 83 -0.703
12 32 35 0.951
13 24 107 1.076
30 18 22 -0.543
37 23 120 0.448
10 38 110 -0.743
36 12 126 -0.745
16 22 110 0.955
38 16 89 -0.750
13 41 70 1.776
12 25 67 0.255
42 2 11 -0.381
32 14 45 -0.748
29 26 42 0.149
16 40 36 3.487
29 24 23 -0.211
13 33 32 3.423
34 12 117 -0.455
16 31 38 0.621
12 34 106 -0.250
41 10 49 -0.710
26 20 116 -0.290
36 22 132 -0.727
13 26 147 1.694
12 38 67 -0.399
21 29 26 0.287
28 22 23 -0.229
15 25 74 0.373
15 31 36 1.701
43 4 46 -0.370
11 35 106 -0.186
29 22 41 0.691
30 23 94 -0.750
44 9 52 -0.659
31 13 7 -0.244
40 16 86 -0.548
38 14 86 -0.285
8 41 108 1.385
39 10 45 -0.309
36 20 18 -0.510
12 43 72 -0.190
14 32 141 1.180
10 32 35 2.917
22 22 101 0.470
35 13 9 0.550
33 1 7 -0.466
20 37 137 -0.631
12 36 109 1.802
33 16 119 -0.358
27 22 41 -0.020
18 30 101 -0.595
39 10 126 -0.723
35 22 7 2.676
31 15 5 0.476
37 14 17 -0.717
38 14 57 -0.274
26 29 39 0.410
18 30 28 0.692
16 31 36 3.340
26 23 62 -0.387
42 9 16 -0.487
24 27 23 -0.173
41 13 47 -0.267
43 12 53 -0.626
21 28 25 0.609
15 33 105 0.021
40 15 50 -0.629
21 24 75 1.808
15 29 144 -0.233
18 24 113 1.560
17 28 140 0.693
23 32 24 -0.376
40 10 89 -0.661
38 12 89 -0.743
30 24 42 0.191
39 8 91 -0.725
30 9 79 0.034
38 12 123 -0.729
42 3 46 -0.513
36 18 93 -0.705
13 40 70 2.194
23 30 25 0.451
34 21 80 0.080
31 12 45 -0.585
13 36 67 1.208
17 21 113 0.313
18 18 73 2.592
38 4 12 -0.592
38 8 14 -0.619
32 25 95 -0.448
19 32 65 1.482
29 19 42 -0.502
14 31 142 0.085
10 38 32 2.507
32 25 43 -0.552
40 5 14 -0.661
32 15 96 -0.698
13 30 72 1.554
37 16 84 -0.449
13 37 36 1.253
17 27 111 0.201
38 11 53 -0.731
15 29 31 1.488
22 29 25 -0.393
14 27 71 1.276
37 10 13 -0.690
38 22 132 -0.662
20 31 26 -0.400
15 35 0 1.222
37 10 48 -0.737
14 32 103 0.577
17 29 143 -0.334
22 23 38 3.976
36 12 82 -0.672
24 21 25 -0.361
13 28 68 2.460
11 31 102 1.124
40 17 55 -0.477
30 0 82 -0.750
16 31 104 -0.360
36 11 123 -0.750
42 12 17 -0.513
12 30 142 -0.659
20 26 0 2.428
26 10 4 1.777
37 16 17 -0.546
21 37 137 -0.587
25 31 24 -0.604
12 39 32 1.645
20 23 139 0.164
31 13 115 -0.558
15 22 74 1.560
20 25 149 -0.661
33 27 133 -0.742
8 38 35 0.160
31 25 95 -0.337
15 32 148 -0.552
23 29 100 0.067
41 7 14 -0.562
39 12 91 -0.750
20 36 63 -0.470
34 18 41 0.329
18 29 76 -0.114
25 25 61 -0.242
42 9 88 -0.726
35 10 46 -0.738
19 27 65 0.346
14 26 145 0.491
16 20 141 -0.422
27 27 62 -0.202
37 13 87 -0.405
12 32 66 0.241
10 35 143 -0.625
41 11 15 -0.285
40 11 54 -0.638
38 18 57 -0.661
36 20 56 -0.651
28 32 59 -0.745
37 9 18 -0.453
23 28 27 -0.014
38 12 129 -0.734
35 16 47 -0.750
41 11 54 -0.625
16 26 75 0.445
32 17 134 -0.667
14 22 73 -0.352
15 34 142 -0.377
33 10 80 -0.180
16 30 144 0.176
13 36 69 0.154
43 14 91 -0.582
33 26 58 -0.572
6 34 108 -0.618
22 36 138 -0.651
21 29 63 -0.458
39 0 12 -0.673
23 27 25 0.285
18 38 112 -0.289
35 23 57 -0.666
15 34 66 0.480
32 26 95 -0.385
19 33 1 0.662
41 6 16 -0.693
34 18 19 -0.709
35 21 94 -0.659
15 33 103 0.446
32 14 10 -0.671
41 15 11 0.405
17 19 110 1.274
12 28 105 -0.260
13 23 146 4.657
19 19 34 0.071
40 13 17 -0.581
33 21 20 -0.157
35 23 95 -0.626
29 19 44 -0.664
37 15 131 -0.747
19 30 65 0.444
15 30 66 0.951
15 31 104 0.498
34 17 82 -0.741
35 10 11 -0.686
23 25 100 -0.391
19 30 73 -0.420
17 23 28 1.834
26 18 3 1.433
37 12 15 -0.695
14 36 144 -0.391
39 10 85 -0.241
37 16 92 -0.620
34 14 119 -0.146
19 26 26 -0.349
9 31 106 -0.664
6 32 108 -0.402
31 25 21 -0.103
21 18 2 2.389
32 21 120 -0.738
28 34 77 0.471
17 28 104 0.049
33 19 41 0.464
42 13 51 -0.407
12 37 72 0.959
16 38 69 -0.055
36 19 120 0.074
16 29 27 -0.179
29 28 115 -0.750
34 16 43 0.365
11 40 145 0.676
44 5 16 -0.695
14 32 106 -0.435
13 32 31 0.392
43 10 15 -0.258
17 26 103 -0.680
41 18 91 -0.701
11 31 143 0.167
22 20 114 0.452
21 26 101 -0.161
17 24 73 4.115
13 41 72 0.146
28 18 61 -0.234
14 30 68 2.109
11 33 108 0.219
25 29 39 0.107
13 38 143 -0.208
15 39 140 0.532
15 34 113 -0.687
13 27 72 0.942
32 15 79 0.330
17 33 72 -0.100
28 20 98 -0.553
25 24 24 0.747
34 11 47 -0.203
27 19 97 -0.706
15 39 75 -0.582
25 28 39 -0.716
35 18 56 -0.631
10 35 108 0.069
32 18 80 -0.372
37 12 9 -0.688
26 22 61 0.023
16 33 148 1.597
20 25 73 -0.341
39 11 121 0.154
29 23 77 0.778
36 17 83 -0.143
27 27 116 0.078
24 18 82 -0.669
38 12 9 0.153
40 6 124 -0.721
27 26 115 -0.558
37 11 54 -0.625
14 38 145 -0.336
19 30 64 0.656
40 16 18 -0.500
7 33 107 -0.669
40 12 130 -0.736
34 16 79 0.654
17 22 113 1.337
14 25 103 -0.750
35 21 120 -0.109
30 28 41 0.687
41 12 47 -0.144
29 24 22 0.754
38 6 123 -0.724
29 16 43 -0.644
20 30 26 -0.350
29 16 44 0.837
10 34 66 0.420
20 21 75 1.275
41 10 83 0.175
26 28 62 0.133
37 10 50 -0.682
39 14 15 -0.570
39 9 16 -0.605
41 5 12 -0.118
12 31 146 -0.358
41 11 49 -0.750
14 30 149 -0.711
16 37 0 -0.274
37 15 48 -0.736
16 33 67 0.172
20 30 149 -0.676
13 39 142 -0.197
41 10 122 -0.750
22 30 25 -0.408
41 15 47 -0.263
38 9 45 0.016
34 11 124 -0.750
22 34 137 -0.747
24 34 77 -0.630
29 16 5 -0.447
19 30 38 2.049
42 4 50 -0.744
28 28 136 -0.460
13 40 68 2.331
33 21 19 -0.260
27 23 120 -0.726
35 14 132 -0.750
11 39 102 -0.403
36 21 94 -0.728
31 16 117 -0.390
33 19 97 -0.249
39 2 12 -0.695
31 24 58 -0.707
25 30 23 0.215
38 3 87 -0.688
11 24 69 3.235
14 32 110 -0.532
16 36 104 -0.282
23 18 3 -0.584
17 35 113 -0.727
40 15 130 -0.709
43 13 129 -0.750
15 37 144 0.385
38 19 131 -0.720
10 35 30 1.509
19 22 110 2.269
40 10 129 -0.737
42 9 49 -0.718
20 33 101 -0.432
37 14 46 -0.750
32 22 57 -0.670
22 24 101 0.188
17 37 72 0.013
12 29 31 1.235
37 13 7 -0.381
34 19 7 1.474
27 21 97 -0.738
19 24 2 0.456
19 29 104 -0.134
23 29 113 0.126
42 18 91 -0.707
17 30 27 -0.181
25 37 77 0.960
40 11 86 -0.040
22 22 26 -0.319
12 41 147 -0.177
18 31 65 -0.409
17 39 137 -0.356
11 36 143 0.455
16 18 31 0.379
37 19 130 -0.740
37 14 54 -0.494
21 23 2 -0.032
14 31 147 1.324
33 18 117 0.421
13 25 106 -0.111
11 27 105 -0.453
41 5 14 -0.683
16 31 29 -0.484
16 21 27 -0.411
14 32 71 -0.135
40 12 14 -0.189
11 36 107 0.385
37 12 53 -0.598
40 7 86 -0.678
13 37 32 1.808
24 25 135 -0.709
25 34 62 -0.334
28 20 77 -0.738
37 20 91 -0.750
39 13 48 0.014
37 9 7 2.965
14 34 0 0.914
40 11 15 -0.376
21 37 100 -0.578
25 22 76 -0.045
15 26 70 1.046
23 33 114 -0.709
13 36 72 2.871
42 17 91 -0.714
13 35 67 0.417
15 28 148 0.658
10 31 35 1.412
11 33 30 1.508
43 7 11 -0.450
16 39 69 -0.117
20 28 28 1.287
37 15 92 -0.750
41 13 92 -0.611
10 32 109 1.893
37 20 18 -0.609
15 34 148 0.078
36 19 57 -0.354
34 17 20 -0.233
40 12 85 -0.120
13 30 70 0.904
12 40 102 -0.526
9 37 107 -0.470
25 19 38 1.635
14 31 36 5.001
12 33 143 0.279
11 41 71 -0.554
22 29 2 -0.647
16 33 37 1.991
37 16 133 -0.657
13 38 102 -0.738
41 13 18 -0.398
15 27 74 -0.146
23 19 112 0.197
31 27 120 -0.505
39 12 86 0.417
20 18 27 0.490
8 32 146 -0.453
15 33 66 0.126
32 16 20 -0.523
42 4 17 -0.612
38 14 49 -0.724
18 29 101 -0.566
18 20 141 -0.111
37 7 85 -0.730
27 27 23 -0.475
43 6 17 -0.412
39 9 55 -0.700
6 37 108 0.377
35 15 18 -0.751
38 16 56 -0.234
36 19 7 0.795
36 19 94 -0.649
11 43 147 -0.387
13 37 105 1.169
8 36 146 -0.652
33 4 123 -0.750
19 31 137 -0.334
44 9 15 -0.598
14 33 105 0.314
32 11 8 -0.543
14 35 36 0.923
38 12 49 -0.244
19 25 141 -0.150
16 26 31 1.596
20 24 25 1.142
27 28 61 0.025
38 16 7 -0.306
26 23 61 -0.534
35 13 133 -0.743
21 34 64 -0.170
18 22 64 1.827
28 22 134 -0.717
20 23 110 1.958
21 12 0 2.643
12 36 105 -0.309
16 34 100 -0.738
21 24 0 3.279
36 6 45 0.294
19 29 137 -0.351
43 11 16 -0.300
20 35 26 -0.443
15 33 141 -0.229
35 4 8 1.311
43 12 16 0.675
35 13 56 -0.684
25 27 79 0.281
35 13 10 -0.470
28 25 77 -0.622
15 35 144 -0.484
15 36 140 0.521
37 10 122 -0.156
16 32 102 -0.259
19 26 113 -0.434
20 32 65 -0.306
22 36 63 -0.676
22 26 4 -0.507
12 34 109 2.392
40 11 53 -0.741
37 16 83 0.155
25 19 62 -0.534
20 32 64 0.087
36 5 7 -0.486
37 12 126 -0.699
19 28 111 -0.559
12 34 140 -0.004
19 31 101 -0.710
27 24 99 -0.685
36 23 20 -0.607
27 21 120 -0.684
39 9 89 -0.737
17 26 143 -0.643
38 15 91 -0.686
41 10 87 -0.422
11 27 66 -0.221
16 37 33 1.837
41 12 84 -0.176
33 19 42 0.451
28 22 44 -0.668
23 16 3 1.189
27 16 82 -0.738
34 17 9 -0.695
29 22 135 -0.736
29 20 21 -0.495
38 3 131 -0.729
31 29 60 -0.147
20 16 31 0.163
43 14 129 -0.456
41 10 50 -0.653
22 32 79 -0.740
27 29 21 -0.603
39 5 11 -0.501
17 24 34 2.306
11 40 32 0.933
31 22 42 -0.073
8 40 145 -0.237
11 34 67 2.082
13 35 29 0.749
24 24 61 -0.441
38 4 123 -0.707
37 9 119 -0.750
7 38 108 -0.013
41 13 11 -0.150
35 18 132 -0.750
38 12 92 -0.713
34 9 121 -0.728
37 6 13 -0.683
39 9 127 -0.750
16 36 140 0.466
37 17 8 0.983
10 29 65 0.128
16 40 140 0.949
33 19 20 -0.600
39 18 91 -0.629
36 16 93 -0.741
16 26 65 0.149
31 28 22 -0.584
19 27 28 1.639
45 8 126 -0.400
11 36 140 -0.691
38 14 121 -0.323
17 32 72 0.189
14 26 36 4.176
17 36 36 4.961
15 25 31 3.350
36 15 89 -0.708
23 26 78 -0.387
19 25 31 0.191
33 26 120 -0.150
35 14 80 0.121
12 32 143 0.033
38 9 48 -0.636
36 20 19 -0.444
30 21 42 -0.137
37 13 17 -0.631
38 14 47 -0.302
28 31 135 -0.178
15 37 140 0.285
36 14 81 -0.309
39 11 88 -0.716
32 30 59 -0.672
23 25 76 0.428
23 31 63 -0.662
37 2 7 -0.455
32 3 82 -0.728
39 10 124 -0.489
37 11 47 -0.534
41 12 127 -0.739
22 28 149 0.049
37 14 20 -0.497
18 21 110 1.312
41 10 15 -0.586
29 18 134 -0.476
26 13 44 -0.660
36 15 133 -0.750
31 18 7 -0.226
36 13 87 -0.508
37 24 130 -0.740
15 26 145 -0.323
13 28 111 0.173
15 29 67 -0.147
37 22 19 -0.144
25 21 116 -0.332
13 37 71 0.063
23 33 62 -0.173
38 11 86 -0.680
34 21 57 -0.603
27 28 23 -0.402
35 18 47 -0.472
34 14 81 -0.425
32 21 42 -0.286
35 7 119 -0.090
20 30 38 0.569
36 24 132 -0.749
9 34 107 -0.437
12 30 68 -0.750
21 37 101 -0.634
21 20 2 -0.153
42 6 127 -0.750
39 18 122 -0.455
18 25 33 2.833
24 30 100 -0.052
38 13 13 -0.489
16 32 37 4.625
14 29 36 5.511
37 20 122 -0.561
38 8 11 -0.683
18 30 64 0.530
32 14 8 -0.429
15 26 71 -0.031
30 19 59 -0.463
19 27 3 -0.672
34 11 120 -0.750
34 17 7 1.176
38 7 121 -0.328
38 17 85 -0.741
16 31 142 -0.018
12 28 33 3.651
40 14 130 -0.724
23 15 3 1.382
17 23 27 -0.279
41 7 15 -0.531
26 19 4 -0.361
20 27 38 3.643
38 3 84 -0.729
40 7 89 -0.745
23 23 62 -0.607
15 36 149 -0.603
16 31 113 -0.730
11 42 146 0.863
20 12 3 -0.568
35 17 41 0.430
32 24 43 -0.300
24 22 38 3.158
44 12 88 -0.544
9 41 109 0.389
40 8 126 -0.650
29 19 23 -0.352
23 23 114 1.385
38 8 13 -0.684
25 19 117 -0.000
39 16 122 -0.750
34 23 20 -0.379
40 14 124 -0.710
36 21 80 -0.245
30 26 21 -0.573
41 19 88 -0.655
40 15 129 -0.591
34 20 19 -0.411
21 27 2 1.919
9 39 107 -0.570
24 24 24 0.376
27 16 77 0.341
42 12 88 -0.669
18 26 65 0.219
22 31 78 -0.738
9 35 107 -0.380
24 37 137 -0.746
18 32 26 -0.536
26 19 76 -0.210
14 28 37 0.944
39 17 122 -0.339
25 28 62 -0.341
38 13 87 -0.588
41 11 50 -0.324
17 25 34 1.620
12 35 66 -0.107
40 14 87 -0.362
31 26 58 -0.591
41 16 91 -0.750
15 40 0 -0.695
31 24 80 -0.338
28 13 116 0.620
25 26 149 -0.431
35 11 118 -0.243
39 10 127 -0.736
9 28 102 0.494
30 22 42 -0.193
26 20 39 3.975
12 30 107 0.803
27 16 59 -0.738
41 13 122 -0.682
18 28 0 0.901
33 12 123 -0.729
35 22 6 2.620
24 24 136 -0.702
14 33 111 0.426
36 7 11 -0.439
14 31 71 0.081
28 23 60 -0.516
34 14 56 -0.750
14 25 106 1.635
41 12 14 -0.504
11 33 32 2.338
13 31 33 -0.672
11 29 109 0.233
19 32 137 -0.218
32 9 45 -0.642
23 23 5 -0.274
42 8 126 -0.750
43 9 88 -0.466
39 13 125 -0.616
19 23 111 -0.421
33 21 96 -0.465
44 9 126 -0.695
36 11 130 -0.750
24 19 76 -0.037
43 10 53 -0.654
14 34 148 0.697
15 33 148 0.256
42 12 16 -0.476
39 13 54 -0.440
11 33 145 0.002
14 25 142 0.432
15 27 104 -0.750
27 29 23 -0.748
11 35 109 0.985
15 30 144 0.234
39 16 87 -0.204
15 28 105 0.226
35 17 119 -0.624
16 30 1 -0.360
38 13 18 -0.449
24 32 77 0.018
27 26 39 1.305
37 14 57 -0.659
35 6 119 -0.406
42 16 17 -0.641
17 33 139 -0.242
13 31 71 0.698
13 41 109 -0.331
38 16 48 -0.644
32 14 121 -0.750
38 9 87 -0.635
19 30 26 -0.472
14 27 142 -0.014
15 33 104 -0.255
43 9 50 -0.519
16 26 113 -0.605
39 16 17 -0.359
27 25 98 -0.550
27 20 44 -0.679
38 16 129 -0.739
33 20 19 -0.691
30 26 97 -0.722
44 5 14 -0.306
41 7 49 -0.608
17 19 1 -0.252
36 5 8 -0.434
18 27 113 -0.186
18 26 147 2.693
11 33 29 0.494
32 20 43 0.182
28 16 117 -0.746
31 17 97 -0.738
15 32 33 2.080
41 5 51 -0.750
20 26 3 0.458
43 9 15 -0.295
15 32 66 0.759
31 14 80 -0.570
41 4 16 -0.673
9 35 108 0.651
34 12 46 -0.637
39 3 123 -0.743
24 15 76 0.715
36 22 57 -0.446
18 23 28 1.252
16 28 37 2.427
43 11 46 0.876
29 16 58 -0.652
28 28 116 -0.684
20 24 2 -0.031
30 18 42 -0.152
20 28 149 -0.511
36 13 10 -0.445
34 17 8 1.214
13 36 30 0.687
11 29 102 1.746
27 17 79 -0.599
32 16 134 -0.572
16 24 110 0.917
37 15 46 -0.740
25 16 3 0.820
42 10 50 -0.750
40 16 10 0.788
18 37 148 0.653
40 17 53 -0.219
39 11 122 -0.009
11 38 32 3.330
17 25 33 2.763
22 35 100 -0.416
22 27 37 0.498
13 35 149 -0.234
12 27 35 3.381
18 31 33 0.573
15 27 27 -0.261
31 20 6 -0.125
25 29 135 -0.601
29 26 96 -0.721
9 32 70 -0.600
18 27 143 -0.602
39 15 122 -0.644
24 12 0 2.737
38 18 93 -0.747
18 30 37 1.440
39 10 53 -0.744
18 17 2 0.632
26 29 62 0.066
1 47 108 -0.624
35 13 49 -0.738
31 22 44 0.771
13 33 30 3.921
39 10 90 -0.750
32 15 117 -0.453
29 22 98 -0.702
41 10 130 -0.728
28 23 41 0.426
23 12 78 -0.705
18 35 113 -0.741
37 12 10 0.628
20 31 73 0.152
40 15 55 -0.297
10 31 30 1.750
25 31 39 -0.476
38 7 123 -0.730
35 17 47 -0.739
16 30 141 -0.466
35 5 44 -0.679
33 7 47 -0.691
36 13 92 -0.670
33 26 95 0.027
16 21 113 0.470
40 12 86 -0.683
13 33 66 -0.005
35 16 81 -0.536
34 15 95 -0.052
29 20 115 0.085
23 16 0 4.026
40 10 86 -0.747
30 27 41 0.813
13 25 107 1.502
19 28 149 -0.322
20 28 139 -0.026
25 26 100 -0.483
42 10 127 -0.741
14 36 109 1.324
14 27 145 0.050
21 28 101 -0.250
26 27 59 -0.623
37 12 13 -0.666
13 40 102 -0.556
42 20 130 -0.745
14 30 105 0.582
17 24 110 0.954
11 32 142 -0.497
33 16 8 -0.424
31 22 6 0.353
20 32 26 -0.237
23 27 78 -0.505
10 31 29 0.623
22 33 100 -0.575
12 29 66 2.908
31 20 57 -0.750
11 30 65 0.068
28 27 134 -0.547
14 39 67 2.038
43 10 129 -0.736
21 26 2 1.368
30 21 98 0.005
11 30 107 0.605
33 10 119 -0.535
34 9 119 -0.490
25 30 25 0.219
40 6 13 -0.695
34 24 132 -0.742
40 7 127 -0.723
27 22 5 1.265
42 8 13 -0.118
19 24 76 -0.343
32 15 6 1.069
16 20 68 1.850
28 21 117 -0.736
30 19 44 -0.740
26 18 60 -0.683
40 12 125 -0.737
15 32 75 1.863
39 9 90 -0.750
23 23 76 -0.205
14 32 68 0.518
33 14 80 -0.695
15 34 70 -0.295
40 7 11 -0.499
30 29 60 -0.358
41 7 46 -0.352
24 23 26 -0.255
26 17 4 -0.009
16 36 68 1.891
19 28 63 -0.200
17 29 103 -0.184
29 15 116 -0.153
34 17 44 -0.750
20 27 28 0.954
25 15 78 -0.724
36 15 48 -0.710
15 33 27 -0.263
40 13 85 0.093
42 12 127 -0.713
35 8 48 -0.750
9 39 102 -0.300
14 33 36 1.684
18 39 140 -0.422
26 25 137 -0.726
33 14 56 -0.750
37 13 45 0.068
26 13 4 0.617
35 17 10 -0.513
32 21 133 -0.698
36 12 45 0.059
42 7 53 -0.729
15 29 66 0.412
16 32 110 -0.081
35 19 45 0.586
21 27 138 -0.299
13 35 65 -0.013
38 15 56 -0.566
15 22 69 3.324
25 21 38 -0.184
22 25 1 1.805
42 4 15 -0.682
33 11 20 -0.754
13 27 144 -0.425
11 41 30 0.135
38 17 94 -0.750
41 13 54 -0.724
40 9 85 -0.018
34 17 47 -0.448
36 20 121 -0.553
36 22 56 -0.576
14 35 33 3.051
14 40 111 -0.541
39 12 52 -0.436
36 8 118 0.455
38 17 9 -0.568
41 3 17 -0.695
10 32 145 -0.662
