25 19 97 -0.750
27 23 116 -0.067
20 30 65 -0.166
41 13 90 -0.693
15 23 103 0.320
37 20 8 0.365
22 34 24 -0.122
17 33 72 -0.100
14 32 149 -0.586
29 25 40 -0.616
18 27 143 -0.602
14 39 35 1.633
22 22 113 -0.714
18 28 110 0.235
27 27 136 -0.586
17 20 27 -0.515
15 42 147 0.102
38 11 15 0.378
13 31 145 1.009
40 13 18 -0.458
31 26 42 0.121
14 22 29 0.215
15 26 31 0.326
29 16 96 -0.750
38 7 87 -0.702
43 13 129 -0.750
32 19 95 -0.750
16 29 69 1.786
30 12 7 1.269
27 23 120 -0.726
21 26 37 3.552
36 24 130 -0.750
28 17 80 -0.720
42 8 13 -0.118
42 3 12 -0.376
19 28 27 1.715
12 29 70 1.530
20 17 0 2.573
26 15 5 -0.092
28 21 39 1.066
39 15 53 -0.705
25 31 77 0.246
41 5 14 -0.683
29 12 115 0.955
29 22 43 -0.660
19 21 1 0.485
32 18 79 -0.604
40 11 86 -0.040
42 17 91 -0.714
30 14 40 0.929
38 12 90 -0.750
15 19 73 1.032
12 36 71 -0.020
41 11 14 -0.465
31 26 22 -0.063
14 30 104 -0.572
15 27 104 -0.750
36 18 56 -0.608
37 15 55 -0.741
12 29 35 1.676
30 23 43 -0.709
15 30 144 0.234
19 34 26 -0.440
36 6 8 1.715
30 25 60 -0.463
38 12 57 -0.590
39 14 83 0.128
31 22 120 -0.579
37 18 17 -0.742
39 7 15 -0.359
12 37 72 0.959
19 36 140 -0.268
22 17 138 -0.588
37 10 89 -0.750
38 11 51 -0.492
17 24 64 0.036
32 18 81 -0.572
22 24 37 0.567
31 16 42 -0.475
23 30 25 0.451
37 13 85 -0.637
37 13 131 -0.674
29 26 136 -0.662
38 10 90 -0.695
21 27 2 1.919
28 21 114 -0.422
36 4 8 0.177
30 13 44 0.365
40 7 90 -0.721
34 22 20 -0.068
16 37 36 6.126
18 20 65 0.731
38 16 91 -0.685
37 13 124 -0.750
34 9 8 -0.202
16 28 145 0.100
31 16 115 -0.516
11 38 107 -0.727
9 43 102 -0.305
25 27 62 0.039
14 22 73 -0.352
12 37 35 3.407
35 14 132 -0.750
38 13 124 -0.613
15 28 148 0.658
36 8 85 -0.720
25 21 116 -0.332
20 28 101 -0.514
13 27 36 4.127
39 2 12 -0.695
5 32 30 0.075
25 34 24 -0.066
22 26 149 -0.612
29 28 22 -0.772
16 19 31 1.757
31 9 45 -0.750
27 16 78 -0.596
41 15 126 -0.700
38 14 92 -0.691
16 37 75 -0.322
16 29 141 0.750
38 10 47 -0.413
22 37 114 -0.519
15 31 112 -0.615
21 21 112 1.608
17 24 74 -0.133
33 19 95 -0.728
39 7 49 -0.750
38 8 49 -0.377
43 13 125 -0.596
31 24 94 -0.740
31 14 81 -0.459
18 25 111 -0.338
39 16 122 -0.750
37 17 7 -0.522
16 35 104 -0.054
35 24 95 -0.568
39 12 126 -0.700
22 24 2 1.628
33 27 80 -0.447
38 14 8 0.303
17 33 75 0.114
40 11 83 -0.068
31 22 44 0.771
38 22 132 -0.662
34 19 93 -0.750
20 34 64 -0.045
33 21 42 0.079
35 9 7 0.665
30 16 40 -0.321
12 36 107 -0.427
24 27 136 -0.626
40 11 89 -0.734
13 37 140 -0.281
34 19 18 -0.693
12 37 68 0.960
35 20 19 -0.375
30 25 115 -0.607
38 7 91 -0.675
30 18 5 1.154
31 9 79 0.105
35 16 56 -0.716
32 18 9 -0.602
41 10 48 -0.484
22 28 25 -0.221
18 31 65 -0.409
43 11 16 -0.300
17 37 36 3.440
37 19 56 -0.743
16 26 68 2.018
24 33 114 -0.732
14 32 146 0.592
23 25 24 -0.465
41 11 52 -0.469
11 34 30 2.000
11 29 102 1.746
39 12 48 -0.663
38 11 93 -0.750
37 13 92 -0.588
16 24 28 2.704
16 36 104 -0.282
17 39 68 0.030
33 15 43 0.272
19 22 138 -0.496
26 10 4 1.777
18 27 27 1.389
13 30 36 0.860
33 21 57 -0.436
17 31 112 0.573
37 13 120 -0.250
11 37 67 -0.485
25 20 3 1.440
16 41 36 2.486
16 28 75 1.687
34 20 93 -0.750
45 6 16 -0.597
18 34 64 0.685
10 39 30 -0.152
36 12 120 -0.425
30 21 5 -0.613
15 35 137 -0.664
29 11 4 -0.013
14 33 31 1.717
16 31 144 0.147
22 32 23 -0.516
18 34 36 5.247
11 34 106 -0.605
17 19 110 1.274
27 26 60 -0.406
15 32 142 -0.218
34 16 56 -0.750
29 9 117 -0.609
34 18 119 -0.741
13 37 30 -0.216
36 18 18 -0.473
14 26 31 1.563
17 28 103 -0.358
12 34 69 1.641
39 10 126 -0.723
11 33 145 0.002
41 12 16 0.440
30 13 40 0.248
29 19 79 -0.625
42 1 46 -0.646
36 18 133 -0.611
22 28 26 0.316
40 11 47 -0.306
16 20 68 1.850
15 33 66 0.126
10 27 144 -0.595
34 19 57 -0.738
15 34 69 1.243
12 36 108 0.158
34 15 20 -0.513
35 11 126 -0.750
26 21 99 -0.730
36 1 131 -0.728
35 21 133 -0.463
42 9 127 -0.750
36 20 20 -0.434
18 32 65 -0.193
32 12 4 0.406
14 27 144 -0.502
12 31 144 -0.457
15 22 34 2.076
34 20 80 -0.402
35 20 58 -0.213
37 19 94 -0.745
11 31 143 0.167
34 17 5 1.412
35 14 89 -0.750
16 21 28 1.565
43 12 17 -0.630
19 23 2 0.330
17 28 27 0.251
13 37 145 0.791
31 17 44 -0.191
19 21 26 0.367
44 7 46 -0.047
18 27 64 0.369
24 18 137 -0.717
38 18 122 -0.580
34 17 8 1.214
38 13 128 -0.747
39 10 86 -0.296
23 31 63 -0.662
25 20 82 -0.643
30 21 117 -0.408
28 20 77 -0.738
20 17 149 0.630
41 8 50 -0.236
40 13 125 -0.750
32 25 95 -0.448
28 32 23 -0.019
15 31 72 -0.463
9 36 146 -0.146
31 24 57 -0.569
16 22 27 -0.195
37 17 20 -0.730
23 25 37 0.494
39 10 9 -0.108
35 15 122 -0.750
35 13 46 -0.634
36 17 20 -0.716
39 13 131 -0.698
28 27 79 0.160
37 10 87 -0.732
40 7 123 -0.743
43 9 52 -0.561
25 32 114 -0.321
14 40 147 -0.081
38 11 14 -0.117
19 28 37 0.783
21 19 2 2.841
41 11 46 0.746
25 21 5 -0.219
17 29 74 -0.543
12 34 67 -0.252
27 25 39 0.406
14 32 141 1.180
12 24 107 1.085
17 35 113 -0.727
19 39 63 -0.099
35 12 8 0.905
36 12 133 -0.715
32 14 8 -0.429
44 9 90 -0.750
38 12 56 -0.464
37 20 95 -0.718
18 30 37 1.440
12 19 33 5.307
15 27 68 2.019
42 6 127 -0.750
10 37 146 -0.472
38 14 131 -0.688
32 29 22 -0.336
13 26 36 4.194
18 22 148 -0.229
21 27 138 -0.299
14 36 110 -0.507
37 14 83 0.349
18 37 67 0.025
36 22 94 -0.517
21 28 37 4.302
14 30 37 0.178
15 36 140 0.521
22 24 4 -0.635
21 31 64 0.170
40 16 129 -0.635
38 11 46 -0.711
20 27 139 -0.047
24 25 24 0.520
38 19 131 -0.720
24 24 139 -0.211
25 28 24 1.416
45 3 88 -0.716
40 9 129 -0.692
7 32 108 -0.224
13 36 71 -0.747
13 32 106 -0.239
39 17 93 -0.743
41 8 52 -0.438
9 44 105 -0.155
26 14 116 -0.425
42 15 91 -0.647
11 35 109 0.985
13 28 111 0.173
29 28 115 -0.750
11 30 69 0.216
9 38 32 0.311
38 11 11 -0.344
14 36 140 0.151
26 24 6 0.014
18 32 104 0.186
14 24 106 1.087
32 15 44 -0.027
24 27 25 -0.033
30 18 42 -0.152
28 6 44 -0.709
36 21 18 -0.220
15 35 144 -0.484
16 32 27 -0.250
18 24 75 2.765
33 17 58 -0.274
38 20 120 -0.360
18 23 34 0.336
30 21 77 -0.391
16 24 111 -0.728
29 14 115 1.181
31 14 120 -0.443
14 39 112 -0.236
20 29 63 -0.571
39 17 130 -0.750
12 22 69 3.300
38 15 89 -0.750
40 9 84 0.011
33 15 119 -0.745
40 15 85 0.136
20 28 139 -0.026
39 19 54 -0.460
35 13 83 -0.275
38 20 94 -0.741
20 23 138 -0.256
30 27 136 -0.742
7 35 145 -0.604
16 33 103 -0.232
43 11 126 -0.750
22 33 138 -0.343
35 14 80 0.121
35 15 49 -0.644
32 22 81 -0.586
26 26 44 -0.691
44 0 12 -0.688
20 28 137 -0.543
36 9 85 -0.548
38 11 56 -0.600
34 15 47 -0.541
23 28 79 -0.725
20 28 27 2.454
28 17 42 -0.295
14 24 37 2.606
26 33 59 -0.438
19 31 63 -0.258
24 36 114 -0.608
20 24 75 -0.314
19 23 31 0.534
32 14 9 -0.597
11 36 72 -0.065
38 13 83 0.180
27 21 82 -0.582
14 37 66 -0.001
18 26 26 -0.564
35 8 82 -0.192
35 9 84 -0.480
17 34 141 -0.411
35 7 127 -0.729
31 19 42 0.696
35 12 80 -0.197
13 32 110 -0.741
21 33 26 0.110
31 27 59 -0.726
40 11 49 -0.638
40 9 50 -0.726
28 16 97 -0.720
38 17 80 0.384
41 10 49 -0.710
38 15 123 -0.447
29 22 80 -0.376
43 13 128 -0.737
35 10 132 -0.698
10 33 143 -0.568
16 33 109 -0.427
37 3 87 -0.741
26 29 135 -0.738
39 16 126 -0.691
37 16 122 -0.561
31 19 40 -0.063
41 11 53 -0.744
36 15 131 -0.714
20 27 1 3.051
19 30 73 -0.420
17 26 38 1.519
37 14 121 -0.644
41 13 49 -0.665
23 24 5 -0.366
29 18 59 -0.693
15 31 149 -0.304
27 18 4 -0.078
15 18 74 0.708
26 29 137 -0.750
36 9 118 0.500
31 26 96 -0.750
9 33 107 -0.626
25 34 62 -0.334
25 24 60 -0.125
37 4 18 -0.503
37 10 132 -0.659
35 22 58 -0.140
30 14 5 0.530
37 15 46 -0.740
32 26 43 -0.389
34 18 21 -0.651
19 34 63 -0.196
17 25 38 1.545
34 21 6 2.034
32 20 44 1.071
15 30 68 1.983
32 19 5 1.347
41 12 123 -0.598
37 8 15 -0.685
24 25 63 -0.098
12 24 105 -0.492
23 37 63 -0.686
31 21 120 -0.735
31 15 119 -0.701
12 42 147 -0.281
38 12 85 -0.240
40 14 18 -0.669
34 19 119 -0.749
13 28 107 1.612
18 32 112 -0.226
21 30 28 0.858
23 26 137 -0.738
11 27 105 -0.453
32 23 40 -0.513
25 19 38 1.635
11 34 65 -0.491
20 31 1 -0.259
18 20 27 -0.221
19 24 111 -0.234
13 36 102 0.242
42 12 46 1.360
16 33 27 -0.406
22 23 2 0.028
40 11 53 -0.741
29 25 59 -0.638
32 17 5 1.222
18 31 112 -0.399
13 33 105 0.644
34 23 20 -0.379
40 14 50 -0.477
24 34 25 -0.352
25 33 77 1.433
26 18 5 1.019
34 14 83 -0.536
27 27 39 1.862
29 29 98 -0.572
37 13 17 -0.631
18 30 33 0.529
34 14 96 -0.596
27 31 99 -0.471
17 30 70 -0.281
25 25 99 -0.745
38 6 123 -0.724
21 12 0 2.643
29 18 116 -0.038
13 36 36 1.529
32 19 134 -0.234
27 10 45 -0.742
38 14 53 -0.686
38 13 47 -0.281
41 14 52 -0.402
11 32 70 0.762
11 28 67 1.631
33 15 9 -0.458
38 21 131 -0.750
40 9 51 -0.688
16 29 70 0.374
35 14 120 -0.717
32 16 41 0.787
28 26 39 -0.090
39 8 50 -0.577
16 36 113 -0.689
42 10 50 -0.750
29 25 23 -0.190
22 28 2 -0.389
25 30 114 -0.261
37 7 86 -0.706
11 34 109 1.226
34 14 91 -0.750
29 24 136 -0.722
36 14 57 -0.701
32 21 133 -0.698
24 38 62 -0.150
44 13 52 -0.599
11 20 68 1.344
35 13 120 -0.723
37 7 11 -0.592
33 22 59 -0.623
13 30 34 1.687
15 30 141 -0.353
33 15 80 -0.458
36 10 50 -0.254
28 20 21 0.153
41 13 129 -0.739
23 34 114 -0.647
25 26 62 -0.447
13 27 140 0.210
18 15 2 0.232
21 28 79 -0.750
35 27 94 -0.750
40 13 92 -0.678
35 20 57 -0.025
42 4 50 -0.744
31 19 41 1.375
39 9 84 -0.305
11 44 139 -0.612
14 36 143 0.137
13 31 109 0.506
17 18 34 2.159
34 21 93 -0.749
25 26 5 0.454
38 9 45 0.016
33 19 80 -0.566
27 26 115 -0.558
19 22 1 1.411
18 28 0 0.901
30 27 22 -0.227
31 14 5 0.716
38 15 45 -0.419
40 13 54 -0.624
35 19 47 -0.725
40 10 51 -0.611
36 5 18 -0.486
37 13 87 -0.405
31 20 44 0.072
40 6 13 -0.695
37 18 48 -0.686
11 31 69 1.199
37 19 93 -0.750
13 30 67 -0.090
24 23 3 0.952
22 19 3 1.190
34 17 119 -0.631
27 21 98 -0.613
42 4 17 -0.612
12 35 32 2.547
13 33 106 1.492
40 8 126 -0.650
40 8 127 -0.750
16 36 103 -0.145
14 38 33 2.201
38 11 18 -0.601
12 31 68 1.708
29 36 96 -0.750
24 23 136 -0.748
16 27 29 -0.309
36 12 15 -0.695
35 17 119 -0.624
14 23 69 2.452
19 18 149 0.546
42 1 12 -0.570
12 26 107 0.636
11 30 107 0.605
34 12 9 -0.555
15 29 111 -0.686
41 5 90 -0.744
36 19 8 1.012
42 8 15 -0.208
19 22 2 0.667
29 31 98 -0.419
32 21 96 -0.612
39 18 54 -0.463
27 18 2 0.314
16 38 137 -0.740
22 31 26 0.141
37 16 94 -0.750
42 14 18 -0.472
17 34 148 0.238
24 19 59 -0.746
20 28 37 -0.231
16 37 33 1.837
14 34 71 -0.177
25 34 99 -0.339
35 16 57 -0.559
34 16 46 -0.384
19 31 0 0.284
32 15 94 -0.750
18 25 76 0.640
43 16 52 0.109
31 17 41 0.597
20 25 76 0.329
18 30 28 0.692
27 16 82 -0.738
35 19 93 -0.703
14 36 149 -0.626
16 40 140 0.949
18 20 33 2.206
32 7 119 -0.748
22 32 100 -0.491
38 11 126 -0.684
16 27 103 -0.628
16 29 71 0.875
43 7 52 -0.615
21 16 75 -0.097
34 7 48 -0.728
24 26 4 -0.464
30 21 134 -0.750
29 21 76 -0.547
27 26 42 0.001
21 21 2 0.203
30 20 117 0.256
41 4 16 -0.673
14 32 31 1.891
37 16 87 -0.266
42 15 51 -0.353
20 32 64 0.087
20 28 28 1.287
24 26 149 -0.530
41 12 125 -0.710
42 9 46 -0.425
12 41 147 -0.177
11 29 69 -0.021
37 9 87 -0.726
37 24 121 -0.384
19 32 64 -0.148
38 11 83 -0.292
31 26 43 -0.406
14 39 33 0.976
37 22 95 -0.682
39 17 128 -0.744
24 25 99 -0.701
32 16 118 0.215
13 28 31 1.613
29 27 77 0.863
14 35 111 -0.467
34 16 20 -0.491
15 26 33 3.361
15 34 103 1.082
38 11 55 -0.741
19 31 112 -0.008
32 16 79 0.302
35 2 82 -0.609
31 24 44 0.565
39 9 124 -0.468
25 33 23 0.065
14 35 140 0.122
33 17 97 -0.442
31 16 40 -0.566
39 13 124 -0.745
38 14 56 -0.374
17 21 113 0.313
12 40 30 0.333
37 13 13 -0.641
15 33 147 -0.584
25 28 62 -0.341
29 15 22 -0.243
18 37 148 0.653
16 26 110 0.666
9 41 107 -0.502
20 28 1 1.767
18 35 138 -0.296
41 11 49 -0.750
17 29 72 0.854
10 40 105 -0.225
32 19 6 0.232
10 40 145 -0.388
30 19 43 -0.634
32 23 22 -0.109
42 11 11 -0.252
26 15 44 -0.725
30 22 134 -0.422
27 26 135 -0.659
25 25 114 0.232
31 15 120 -0.745
19 22 73 0.719
31 17 79 0.138
15 29 69 0.510
17 23 141 0.273
35 10 80 -0.152
23 25 28 0.434
18 38 112 -0.289
27 25 98 -0.550
33 18 6 0.688
44 12 16 -0.386
35 10 49 -0.750
41 18 125 -0.565
39 9 55 -0.700
28 31 115 -0.339
36 17 120 -0.122
14 35 141 -0.088
40 5 11 -0.213
30 23 42 -0.252
27 30 25 0.023
31 15 7 -0.235
27 16 42 -0.231
38 11 85 -0.230
43 11 91 -0.750
21 25 28 1.002
18 32 37 5.526
24 19 76 -0.037
38 13 122 -0.353
13 37 102 -0.654
33 20 118 -0.440
22 34 138 -0.697
14 26 144 -0.196
43 10 49 -0.688
37 12 123 -0.733
14 29 66 0.293
20 26 65 -0.145
27 28 42 0.128
36 10 118 0.006
25 27 114 -0.336
14 25 142 0.432
29 11 115 0.681
10 36 30 1.265
33 13 20 -0.561
32 13 118 -0.200
26 27 59 -0.623
12 27 111 -0.750
20 30 139 0.535
36 19 83 -0.499
39 16 8 2.015
11 27 107 -0.302
35 20 80 -0.127
30 23 60 -0.596
28 25 44 -0.698
37 12 10 0.628
18 35 140 0.064
40 10 129 -0.737
22 16 0 2.496
19 30 113 -0.443
33 20 131 -0.750
26 23 62 -0.387
27 30 99 -0.500
30 24 23 -0.322
27 20 61 -0.295
26 20 39 3.975
33 22 19 -0.432
15 30 27 -0.084
17 26 28 1.592
32 23 6 0.484
36 6 7 -0.152
21 26 63 -0.030
25 27 4 -0.682
29 23 22 -0.754
14 39 142 -0.262
42 6 17 -0.675
23 14 0 3.199
35 19 6 -0.053
37 13 122 -0.417
34 16 96 -0.586
17 24 147 0.938
13 28 141 0.771
8 36 109 0.778
36 15 83 -0.644
13 34 68 1.711
25 33 24 -0.528
36 19 56 -0.686
36 7 18 -0.628
39 9 125 -0.740
41 6 12 -0.233
19 21 75 0.669
32 26 95 -0.385
41 15 125 -0.621
36 8 118 0.455
36 22 120 0.196
15 30 36 1.827
37 4 84 -0.020
12 25 33 3.281
38 13 17 -0.647
29 16 77 0.550
39 12 124 -0.551
16 19 34 2.313
28 13 116 0.620
20 24 26 1.519
36 19 6 1.174
23 32 62 -0.193
40 7 92 -0.732
16 27 37 5.173
38 9 15 -0.579
10 33 32 0.969
37 5 7 -0.278
35 10 11 -0.686
23 26 3 -0.258
12 37 143 -0.048
17 23 64 1.367
35 19 55 -0.560
31 22 133 -0.702
17 27 149 0.023
15 31 31 0.678
20 34 63 -0.470
34 7 131 -0.750
37 17 92 -0.600
43 18 128 -0.741
14 30 66 -0.043
33 17 9 -0.499
13 32 35 3.194
30 27 94 -0.750
20 25 38 3.417
43 9 88 -0.466
27 15 61 -0.494
44 11 127 -0.750
28 26 136 -0.743
26 24 135 -0.698
24 22 38 3.158
41 13 127 -0.743
24 20 38 -0.059
19 18 1 0.953
28 19 4 0.586
16 34 148 1.319
16 24 34 3.497
19 30 65 0.444
34 15 96 -0.679
41 15 49 -0.718
24 12 0 2.737
24 30 100 -0.052
20 33 0 0.259
26 28 58 -0.741
39 9 16 -0.605
42 15 93 -0.617
29 21 42 -0.356
39 12 86 0.417
19 35 113 -0.586
38 17 132 -0.567
39 10 11 -0.446
29 12 79 -0.347
42 5 16 -0.266
37 16 56 -0.523
38 17 121 -0.369
31 22 117 -0.695
33 17 81 -0.745
25 17 5 0.737
37 11 123 -0.736
28 21 97 -0.750
43 7 11 -0.450
33 10 8 0.005
9 31 143 -0.342
12 30 106 0.902
28 18 114 0.014
18 30 76 0.049
37 5 18 -0.716
14 38 142 -0.260
19 23 0 1.208
31 28 58 -0.658
24 16 114 1.167
45 7 88 -0.666
12 27 141 0.310
36 13 46 -0.728
22 21 139 -0.695
12 41 112 -0.263
38 14 18 -0.211
37 9 50 -0.750
25 25 62 -0.216
40 12 128 -0.727
37 18 131 -0.729
29 16 58 -0.652
30 20 98 -0.418
23 27 139 -0.661
13 32 67 1.425
38 15 57 -0.620
11 41 106 0.140
35 4 82 -0.526
33 23 95 -0.511
18 18 73 2.592
33 7 47 -0.691
41 7 15 -0.531
29 28 136 -0.736
33 10 119 -0.535
36 5 85 -0.706
25 23 3 0.121
16 24 73 1.173
29 23 98 -0.013
33 22 95 -0.206
28 23 41 0.426
35 16 10 -0.289
18 22 69 1.735
13 28 32 0.702
35 14 117 -0.750
35 14 10 0.005
23 27 25 0.285
14 33 110 -0.695
44 12 88 -0.544
26 27 135 -0.750
26 20 98 -0.574
19 30 1 -0.154
37 10 45 -0.156
26 13 44 -0.660
12 29 34 -0.241
36 16 57 -0.427
41 8 15 -0.525
27 30 60 -0.647
37 9 121 -0.350
18 24 68 1.619
21 20 0 1.517
11 38 30 2.081
14 28 140 0.598
19 35 101 -0.664
30 22 21 -0.550
27 26 77 -0.679
16 23 33 5.507
43 11 17 -0.416
38 17 120 -0.186
14 34 148 0.697
42 7 16 -0.149
38 11 12 -0.204
40 10 86 -0.747
27 24 135 -0.404
41 14 91 -0.575
12 39 72 1.171
18 30 64 0.530
29 24 133 -0.750
38 8 11 -0.683
38 15 55 -0.647
16 29 104 -0.043
28 21 60 -0.666
29 23 136 -0.701
38 9 84 -0.306
41 10 15 -0.586
19 28 38 1.235
18 28 76 1.270
9 37 35 0.097
37 14 17 -0.717
18 36 138 0.515
31 0 82 -0.748
12 30 147 -0.052
34 17 83 -0.182
15 18 1 -0.620
14 31 36 5.001
35 2 85 -0.715
35 9 119 -0.031
39 4 123 -0.720
18 28 140 0.204
41 7 90 -0.750
31 24 21 -0.346
41 6 90 -0.750
16 26 27 0.394
29 21 59 -0.527
12 24 70 0.808
36 13 12 -0.469
14 36 36 1.016
40 10 91 -0.647
37 17 17 -0.444
35 24 57 -0.445
23 24 3 -0.532
25 21 99 -0.743
16 25 70 1.302
29 13 117 -0.750
11 37 108 -0.306
15 34 148 0.078
39 12 51 -0.608
16 26 144 -0.291
20 23 26 1.983
36 23 22 -0.313
29 18 41 -0.500
34 17 47 -0.448
17 25 33 2.763
19 28 139 -0.045
20 33 64 -0.040
38 20 131 -0.714
19 28 149 -0.322
41 12 55 -0.395
14 38 74 -0.091
14 29 67 1.189
24 19 63 -0.536
38 14 13 -0.690
34 23 21 -0.451
40 12 129 -0.581
23 25 61 -0.456
23 36 62 -0.417
30 22 98 -0.434
36 11 120 -0.729
42 16 51 -0.363
41 14 53 -0.541
18 27 110 0.426
37 18 6 1.102
36 12 12 -0.477
14 31 148 -0.602
29 16 44 0.837
20 29 23 -0.586
9 39 35 0.146
21 27 38 -0.091
31 21 98 -0.452
40 2 12 -0.695
38 12 9 0.153
31 19 81 -0.637
28 24 135 -0.647
8 37 102 -0.224
36 17 8 0.369
24 30 61 -0.495
30 21 96 -0.750
40 5 14 -0.661
33 20 19 -0.691
42 10 11 0.386
16 25 34 2.633
39 11 54 -0.477
29 27 23 -0.443
43 12 53 -0.626
38 16 48 -0.644
15 26 29 0.096
28 22 39 -0.155
19 21 74 -0.109
36 15 10 0.453
22 29 4 -0.695
12 22 34 2.995
33 21 96 -0.465
36 6 130 -0.750
13 33 145 0.075
41 13 130 -0.658
37 17 19 -0.573
39 15 122 -0.644
43 12 125 -0.724
0 44 108 -0.685
30 20 21 -0.327
22 21 26 1.179
40 12 16 -0.135
31 17 10 -0.575
43 10 13 -0.023
36 18 57 -0.570
37 11 47 -0.534
39 12 91 -0.750
18 32 26 -0.536
12 31 149 -0.137
37 17 81 -0.234
34 20 20 -0.143
17 33 37 0.207
39 12 85 -0.289
36 16 18 -0.369
14 34 32 5.445
26 20 59 -0.634
39 3 12 -0.695
37 10 53 -0.750
17 20 34 0.978
40 14 55 -0.441
17 26 112 0.002
17 24 65 1.171
30 19 41 0.381
32 13 10 -0.450
14 30 105 0.582
30 17 77 0.587
11 23 65 -0.634
37 14 80 0.462
9 35 108 0.651
39 11 124 -0.747
26 20 116 -0.290
39 8 52 -0.638
32 12 45 -0.572
13 25 31 1.381
19 23 34 1.696
35 13 10 -0.470
34 0 82 -0.668
21 25 75 0.453
39 20 131 -0.685
32 16 9 -0.662
12 35 147 1.113
41 17 128 -0.742
36 15 7 0.276
27 15 78 -0.708
11 33 30 1.508
24 31 77 0.126
14 31 102 1.787
30 23 21 -0.212
25 33 39 -0.713
35 16 94 -0.703
24 30 27 1.674
34 19 56 -0.477
10 36 109 0.307
14 33 144 0.580
16 37 147 -0.498
29 36 60 -0.669
16 20 34 0.792
16 36 147 -0.397
19 29 38 1.456
27 29 26 0.299
17 36 38 0.008
22 28 138 -0.494
22 28 38 -0.139
24 27 1 3.077
34 18 20 -0.215
18 29 113 -0.358
38 21 91 -0.065
34 7 8 -0.184
35 19 19 -0.404
41 10 83 0.175
23 18 61 -0.707
12 31 34 0.121
32 15 9 -0.311
38 18 131 -0.743
43 5 13 -0.130
26 19 4 -0.361
23 25 135 -0.646
34 24 133 -0.695
16 28 27 -0.143
39 11 130 -0.712
19 21 63 -0.745
29 28 135 -0.745
11 31 102 1.124
40 14 53 -0.577
18 22 68 0.501
43 11 49 -0.482
20 27 149 -0.254
42 7 11 -0.672
23 22 114 1.658
31 28 97 -0.252
19 20 31 0.551
38 9 51 -0.750
12 30 27 -0.475
22 35 115 -0.536
33 15 7 1.155
30 25 136 -0.676
36 10 89 -0.748
42 7 92 -0.688
34 9 85 -0.609
32 26 21 1.042
41 4 12 -0.570
32 14 80 -0.606
42 5 46 -0.274
31 27 97 -0.686
14 26 146 -0.139
35 13 121 -0.533
28 20 118 -0.282
11 33 70 1.154
24 26 1 2.529
37 10 50 -0.682
16 31 148 1.553
14 22 110 -0.331
35 10 87 -0.744
42 12 88 -0.669
18 24 112 1.153
40 13 16 -0.165
36 17 6 1.070
19 16 75 0.103
27 17 39 1.515
16 32 110 -0.081
26 12 4 1.628
10 24 67 -0.457
26 24 60 -0.441
24 24 61 -0.441
28 24 21 -0.797
41 11 54 -0.625
18 31 100 -0.750
42 11 51 -0.619
39 13 86 -0.660
14 33 36 1.684
15 29 109 0.114
17 24 33 4.002
39 15 85 -0.094
13 38 145 0.161
17 28 137 -0.635
30 24 135 -0.750
38 7 16 -0.506
30 20 40 0.118
39 9 89 -0.737
22 37 62 -0.286
39 13 88 -0.508
16 33 67 0.172
15 23 31 2.142
8 36 72 -0.470
34 13 43 -0.084
34 4 85 -0.714
34 19 19 -0.391
26 30 60 -0.597
33 19 58 -0.448
20 31 63 -0.587
15 26 70 1.046
34 20 82 -0.691
27 22 134 -0.659
41 8 127 -0.681
36 16 19 -0.567
21 26 5 -0.088
35 21 19 -0.345
37 12 15 -0.695
15 36 103 0.624
23 18 3 -0.584
10 30 35 0.649
39 10 48 -0.692
37 16 91 -0.750
37 19 92 -0.743
18 25 69 2.385
18 22 27 -0.309
23 34 115 -0.641
42 4 12 -0.479
40 14 124 -0.710
36 8 45 -0.246
20 27 27 2.307
18 27 139 -0.672
14 34 142 -0.208
16 37 68 0.618
37 18 120 -0.217
13 42 102 -0.184
30 24 41 0.298
28 15 82 -0.747
12 40 102 -0.526
27 24 117 0.298
19 18 73 0.183
12 30 149 -0.299
33 12 46 -0.568
37 10 127 -0.748
32 26 135 -0.750
11 32 29 2.217
34 12 46 -0.637
13 30 144 -0.549
26 17 2 -0.537
13 27 106 1.353
34 17 9 -0.695
25 11 82 -0.737
19 19 138 -0.329
41 12 53 -0.748
10 38 30 1.362
16 21 1 -0.183
11 21 107 0.192
26 24 97 -0.738
42 9 17 -0.668
5 40 108 -0.574
25 11 116 -0.692
12 28 66 0.583
32 27 97 -0.644
11 42 102 -0.222
36 19 19 -0.364
11 41 71 -0.554
39 16 17 -0.359
13 27 35 1.958
21 28 64 0.004
40 13 46 0.928
16 28 142 1.192
13 33 30 3.921
15 28 141 0.543
34 21 97 -0.463
16 31 113 -0.730
32 23 98 -0.409
19 26 111 -0.620
35 21 95 -0.582
38 8 129 -0.728
21 24 113 -0.203
39 15 84 -0.596
16 31 104 -0.360
12 43 72 -0.190
9 45 102 -0.559
31 25 58 -0.727
16 32 143 0.162
29 20 21 -0.495
27 22 99 -0.737
12 38 145 0.522
13 38 143 -0.208
11 39 66 2.667
24 28 27 0.898
17 31 65 -0.347
22 34 26 0.042
39 8 49 -0.725
32 23 42 1.167
34 15 8 0.448
37 19 83 -0.432
40 10 55 -0.727
18 26 140 -0.485
27 29 135 -0.180
19 33 37 0.510
38 15 90 -0.700
26 17 5 1.185
36 7 118 -0.447
16 27 1 -0.090
39 7 11 -0.469
16 33 66 0.379
11 33 108 0.219
30 23 120 -0.629
43 19 130 -0.509
8 34 108 -0.550
12 38 35 3.230
36 12 50 -0.740
32 10 119 -0.742
24 30 23 -0.440
21 21 3 -0.239
10 32 35 2.917
34 16 10 -0.375
32 21 134 -0.273
38 12 92 -0.713
44 11 126 -0.750
25 24 99 -0.718
24 37 137 -0.746
20 32 101 -0.691
31 28 43 -0.632
40 11 91 -0.616
15 33 141 -0.229
17 34 33 -0.056
21 26 149 -0.243
19 28 111 -0.559
21 19 139 0.406
22 25 4 -0.528
19 33 137 -0.365
35 17 81 -0.229
27 28 25 -0.575
20 33 26 -0.405
36 19 134 -0.659
18 21 147 0.920
32 24 80 -0.428
30 14 118 -0.185
27 25 135 -0.675
38 13 15 -0.199
25 25 61 -0.242
7 37 71 -0.551
30 17 43 -0.517
38 10 15 -0.394
30 18 134 -0.701
39 17 132 -0.675
35 16 83 -0.657
32 4 123 -0.735
24 29 99 -0.715
39 14 86 0.135
21 26 2 1.368
14 33 111 0.426
22 19 76 -0.450
19 29 137 -0.351
19 33 26 -0.598
28 21 22 0.185
37 14 48 -0.714
29 25 60 -0.375
11 33 109 0.731
23 24 114 1.802
36 20 83 -0.415
25 26 99 -0.750
12 27 140 -0.334
38 16 8 0.525
25 28 23 0.117
34 19 20 -0.116
40 7 124 -0.727
31 27 60 -0.595
36 14 48 -0.727
34 19 59 -0.615
10 29 67 0.643
14 20 73 0.258
30 17 118 -0.686
16 30 34 0.802
35 20 132 -0.723
40 4 16 -0.692
23 19 101 -0.150
44 7 88 -0.731
34 12 117 -0.455
35 13 43 0.180
37 15 84 -0.443
40 7 51 -0.727
41 14 83 0.338
31 15 5 0.476
16 31 36 3.340
37 9 49 -0.747
18 25 27 -0.400
14 31 105 0.821
25 25 25 0.532
37 14 87 -0.522
13 42 70 1.367
16 23 31 2.560
12 30 109 0.054
12 36 67 -0.371
28 21 61 -0.400
34 8 45 -0.382
35 14 121 -0.750
15 25 64 -0.038
33 14 47 -0.499
21 30 26 -0.229
39 5 14 -0.695
25 16 137 -0.740
13 37 71 0.063
32 22 58 -0.673
37 18 133 -0.695
13 40 142 -0.279
40 10 14 -0.420
19 23 1 1.301
15 40 0 -0.695
36 12 13 -0.596
13 39 72 2.462
43 9 14 -0.530
42 6 16 0.069
33 16 118 0.117
19 23 76 0.994
10 32 102 1.350
10 35 146 -0.034
23 33 99 -0.719
17 28 38 1.642
36 11 45 -0.278
39 15 10 1.281
35 7 45 -0.401
17 34 140 -0.453
36 23 6 1.200
32 22 95 -0.313
30 20 115 -0.464
42 3 46 -0.513
16 27 34 1.986
17 29 110 -0.113
15 28 37 0.627
26 23 42 0.073
13 31 106 1.208
15 28 75 1.430
42 7 50 -0.412
30 25 98 -0.301
13 41 109 -0.331
33 18 96 -0.491
19 31 33 0.907
35 19 122 -0.732
12 33 68 1.774
15 29 103 1.915
12 37 71 -0.015
11 31 106 0.000
34 15 53 -0.744
27 26 62 -0.292
33 14 5 0.614
45 14 129 -0.640
16 33 105 0.130
36 13 92 -0.670
14 34 66 0.316
38 10 12 0.170
20 30 28 0.432
37 20 132 -0.704
24 25 3 0.084
36 22 20 -0.422
35 12 9 0.843
14 37 106 -0.418
23 26 2 1.265
24 21 60 -0.602
31 26 133 -0.748
28 28 40 -0.483
10 42 102 -0.349
18 28 38 2.818
40 16 54 -0.488
40 6 16 -0.590
16 35 149 -0.474
16 31 112 -0.022
16 22 75 1.333
31 24 134 -0.733
16 27 28 4.229
15 36 142 -0.206
37 13 90 -0.748
42 6 12 -0.442
40 11 128 -0.750
28 26 134 -0.750
38 3 12 -0.689
22 29 63 -0.288
41 16 53 -0.700
13 32 141 -0.104
37 7 87 -0.739
41 9 50 -0.472
35 18 41 0.167
38 14 89 -0.750
33 28 120 -0.646
34 16 118 -0.120
32 6 119 -0.719
9 37 146 -0.365
23 27 63 -0.569
30 12 79 -0.503
14 33 71 0.055
13 20 31 1.837
40 11 126 -0.732
37 18 57 -0.336
27 19 61 -0.325
17 23 33 3.402
40 14 83 0.643
29 24 96 -0.750
30 19 61 -0.241
45 8 17 -0.513
16 38 69 -0.055
11 39 139 -0.750
20 26 0 2.428
17 31 36 3.430
32 15 96 -0.698
42 6 46 -0.238
16 31 29 -0.484
42 10 54 -0.688
13 41 105 0.130
39 13 49 -0.381
14 40 29 0.776
22 21 27 0.760
15 27 29 -0.264
14 43 111 -0.552
32 26 133 -0.750
30 17 79 -0.559
18 16 2 0.993
24 23 26 -0.255
17 20 63 -0.350
39 16 87 -0.204
12 30 69 1.454
11 41 72 0.683
30 23 97 -0.728
18 16 34 0.514
35 8 48 -0.750
22 15 138 -0.521
11 33 146 0.299
26 26 99 -0.736
25 33 60 -0.649
43 10 91 -0.520
31 14 96 -0.750
18 34 101 -0.493
25 28 39 -0.716
24 24 78 -0.586
30 15 22 -0.529
19 18 2 0.379
12 39 102 -0.274
35 7 44 -0.618
28 28 116 -0.684
16 26 72 0.890
41 13 14 -0.406
13 26 33 2.490
39 18 91 -0.629
13 36 30 0.687
38 6 131 -0.725
33 19 41 0.464
14 33 103 1.396
37 11 48 -0.547
17 36 69 0.130
19 27 28 1.639
37 11 53 -0.750
14 34 72 2.078
31 20 116 -0.596
26 19 61 -0.178
22 23 112 1.044
22 27 37 0.498
38 14 123 -0.555
17 33 33 1.419
30 26 58 -0.665
12 24 33 5.586
13 37 147 -0.308
28 19 61 -0.384
40 10 121 -0.346
26 9 4 0.975
20 29 113 -0.266
38 15 54 -0.630
29 19 44 -0.664
25 31 26 1.086
15 32 70 -0.296
32 21 21 -0.281
31 27 43 -0.538
15 39 75 -0.582
28 27 134 -0.547
35 16 85 -0.729
18 31 139 -0.239
37 11 89 -0.750
42 2 15 -0.679
26 26 135 -0.503
28 28 135 -0.556
32 21 40 -0.266
36 13 80 0.019
21 24 111 -0.543
15 32 144 -0.146
39 11 51 -0.734
29 17 40 1.618
22 21 112 1.874
28 16 117 -0.746
19 18 138 -0.446
25 20 114 0.874
36 11 119 -0.638
30 21 23 -0.397
37 12 89 -0.743
12 36 66 2.563
27 25 120 -0.709
25 26 98 -0.661
32 16 97 -0.693
24 23 114 1.443
33 20 95 -0.725
20 30 26 -0.350
11 22 105 -0.507
17 22 33 4.441
34 24 58 -0.243
41 15 50 -0.437
20 37 101 -0.588
32 16 6 1.408
32 11 53 -0.750
26 14 44 -0.735
40 10 130 -0.749
14 34 103 0.254
23 21 26 0.198
23 35 23 -0.567
13 35 143 0.439
28 15 115 -0.496
19 31 73 -0.150
32 20 9 -0.638
14 30 68 2.109
26 20 76 -0.450
15 32 66 0.759
17 28 26 -0.524
33 19 20 -0.600
10 35 143 -0.625
18 16 73 2.021
16 36 36 3.102
42 12 129 -0.713
12 31 146 -0.358
26 33 23 -0.612
16 22 28 2.351
32 16 44 -0.468
29 22 60 -0.514
12 40 70 1.867
30 24 57 -0.442
14 30 149 -0.711
15 30 66 0.951
12 32 35 0.951
33 21 81 -0.721
35 15 10 0.012
40 9 92 -0.750
31 11 119 -0.735
38 13 87 -0.588
29 23 61 -0.732
32 16 134 -0.572
11 37 109 1.114
35 8 7 0.744
28 33 96 -0.738
10 40 35 0.171
25 26 136 -0.748
29 26 115 -0.745
40 15 122 -0.341
24 27 78 -0.574
17 35 68 2.685
12 25 69 2.610
38 7 85 -0.488
16 29 1 0.912
14 28 103 0.303
37 3 13 -0.695
34 20 9 0.747
15 27 144 0.242
38 11 123 -0.664
25 20 116 -0.427
14 26 33 3.802
40 6 124 -0.721
26 20 78 -0.559
11 37 32 2.375
37 13 46 -0.715
15 30 110 -0.400
37 14 8 0.622
31 16 118 0.190
35 15 133 -0.676
16 32 105 0.538
38 17 94 -0.750
16 32 102 -0.259
14 31 71 0.081
13 27 149 -0.535
11 37 147 0.049
38 10 53 -0.724
13 36 139 -0.666
32 23 43 0.042
37 23 132 -0.614
36 8 82 0.151
34 15 118 -0.312
12 24 66 -0.732
29 23 79 0.005
39 16 86 -0.698
36 9 126 -0.604
12 40 35 4.244
9 34 107 -0.437
33 23 57 -0.594
41 3 15 -0.682
12 41 143 -0.149
38 13 51 -0.661
21 24 26 0.354
38 7 121 -0.328
16 24 37 3.193
18 25 33 2.833
38 17 129 -0.750
30 22 118 -0.660
25 21 135 -0.497
37 8 18 -0.521
31 23 134 -0.452
27 27 41 -0.419
39 12 83 0.257
12 37 32 1.677
28 37 60 -0.750
34 22 57 -0.697
23 27 78 -0.505
29 25 136 -0.682
24 36 62 -0.231
40 12 54 -0.677
38 12 17 -0.422
38 16 7 -0.306
14 39 32 0.425
37 13 80 0.041
37 21 56 -0.664
18 27 28 0.996
33 18 56 -0.750
27 19 60 -0.732
35 11 118 -0.243
24 25 135 -0.709
43 7 126 -0.736
31 16 21 -0.036
10 34 65 0.169
27 12 115 0.361
39 10 52 -0.704
34 17 54 -0.750
11 31 35 2.005
31 12 45 -0.585
30 13 116 -0.449
7 39 105 -0.638
23 23 76 -0.205
17 35 140 0.209
19 25 2 -0.615
38 11 121 -0.410
22 28 149 0.049
30 17 10 -0.695
37 19 133 -0.657
29 23 60 -0.379
17 22 34 2.069
30 28 98 -0.689
39 12 93 -0.718
20 28 149 -0.511
27 14 82 -0.745
12 32 107 0.139
41 7 14 -0.562
29 24 41 0.577
16 34 66 0.457
38 20 84 -0.476
37 14 93 -0.707
31 26 58 -0.591
35 8 118 -0.402
8 28 108 -0.301
35 20 18 -0.795
39 9 56 -0.504
41 10 50 -0.653
35 13 47 -0.482
12 28 33 3.651
35 18 82 -0.552
18 20 73 2.050
29 26 96 -0.721
19 40 138 -0.550
40 13 52 -0.440
16 27 27 0.035
22 23 114 2.132
11 40 106 0.453
36 13 87 -0.508
13 23 146 4.657
39 17 55 -0.575
31 25 21 -0.103
37 13 20 -0.637
19 27 64 0.248
41 14 128 -0.750
22 35 100 -0.416
37 7 48 -0.709
10 33 102 0.763
41 11 13 -0.580
21 23 25 0.688
31 16 41 0.515
33 19 43 0.170
34 13 119 -0.660
42 14 128 -0.735
34 14 10 -0.145
43 9 49 -0.585
13 32 29 1.869
24 34 24 -0.399
7 30 108 -0.563
20 20 26 1.008
14 31 70 -0.472
26 27 27 2.033
18 19 31 0.576
37 8 87 -0.593
25 35 77 0.802
8 32 32 1.260
12 33 66 -0.160
42 9 50 -0.540
37 15 127 -0.716
20 36 63 -0.470
18 29 111 -0.234
38 16 131 -0.692
17 27 3 -0.695
22 32 79 -0.740
26 12 44 -0.750
16 30 104 1.465
13 29 67 0.911
19 26 73 0.439
13 32 109 -0.534
30 22 135 -0.474
30 23 44 0.753
33 17 10 -0.592
36 20 120 0.077
21 30 149 -0.438
34 18 96 -0.331
26 24 5 0.793
13 35 70 0.771
26 10 44 -0.730
27 27 25 -0.469
25 14 38 1.024
30 26 41 0.964
17 22 31 1.843
17 30 65 -0.291
14 36 112 -0.602
22 26 4 -0.507
13 35 66 0.771
22 36 138 -0.651
37 7 9 0.538
45 6 15 -0.684
33 27 97 -0.686
36 14 54 -0.629
33 25 95 -0.102
38 8 51 -0.656
21 13 138 -0.610
35 14 46 -0.491
39 12 10 0.366
17 30 104 0.242
33 18 20 -0.396
16 32 113 -0.721
30 26 60 -0.316
30 28 94 -0.738
25 24 24 0.747
37 15 8 -0.207
25 24 59 -0.572
13 41 70 1.776
20 7 0 0.392
17 32 104 1.187
33 22 81 -0.744
33 13 119 -0.740
21 20 114 0.677
38 12 18 -0.595
38 9 56 -0.651
22 21 0 4.666
34 20 95 -0.518
16 32 140 0.112
30 24 42 0.191
17 32 72 0.189
14 33 74 -0.252
38 12 10 0.414
37 20 57 -0.092
16 26 65 0.149
38 3 84 -0.729
14 22 28 0.923
36 20 19 -0.444
18 28 1 0.664
39 14 49 -0.750
42 9 49 -0.718
28 22 118 -0.075
11 34 110 -0.727
33 26 22 -0.438
41 8 14 -0.695
27 7 4 1.136
18 25 63 -0.345
32 22 40 -0.476
16 25 141 0.478
18 26 113 0.124
12 37 109 0.838
23 20 38 -0.018
16 23 74 0.067
26 27 99 -0.698
19 28 28 0.801
41 5 12 -0.118
29 22 41 0.691
14 33 66 0.208
35 19 7 0.733
40 9 52 -0.370
16 26 140 0.385
19 30 0 0.414
15 31 66 -0.316
29 22 59 -0.711
28 33 77 0.535
35 11 7 1.990
39 15 17 -0.396
17 32 69 1.044
40 12 11 -0.345
46 8 126 -0.750
31 18 96 -0.735
19 27 76 1.568
17 35 103 0.678
36 7 50 -0.750
41 7 52 -0.622
32 27 95 -0.095
16 32 68 -0.017
25 28 99 0.845
28 16 42 -0.210
18 22 75 2.901
28 25 136 -0.673
18 26 147 2.693
28 21 59 -0.626
13 31 68 0.365
16 39 69 -0.117
24 30 0 -0.006
16 27 70 0.737
16 38 33 1.575
39 17 92 -0.743
33 18 21 -0.466
12 43 147 -0.220
14 27 106 1.297
37 10 49 -0.294
12 29 31 1.235
20 26 38 2.815
21 18 0 0.868
37 11 90 -0.743
30 14 116 -0.494
14 25 103 -0.750
20 37 137 -0.631
36 16 120 -0.644
35 23 57 -0.666
33 22 97 -0.538
36 15 89 -0.708
11 38 32 3.330
37 20 19 -0.298
42 12 52 -0.482
42 15 11 -0.302
17 36 138 -0.085
41 11 16 -0.443
13 34 0 -0.695
25 30 0 0.066
11 27 144 -0.002
41 11 15 -0.285
32 27 133 -0.750
38 6 46 -0.519
14 34 0 0.914
34 16 81 -0.354
13 32 143 0.614
34 16 93 -0.750
42 19 125 -0.515
37 14 20 -0.497
31 27 95 -0.351
26 13 4 0.617
34 22 6 0.503
15 31 146 0.699
12 30 102 1.165
16 32 74 2.315
33 16 134 -0.750
30 14 4 -0.002
12 36 35 2.259
41 19 91 -0.657
13 36 33 1.368
26 27 24 2.021
30 27 21 -0.610
24 21 25 -0.361
16 33 69 0.249
39 8 123 -0.694
31 23 22 -0.154
28 31 59 -0.736
36 23 7 2.006
20 33 101 -0.432
14 27 75 1.089
18 32 27 1.475
22 20 112 1.709
15 33 149 -0.506
35 17 19 -0.417
41 15 88 -0.661
39 15 120 -0.688
13 35 109 0.048
27 23 117 0.203
43 13 16 -0.244
23 31 137 -0.693
35 13 11 -0.695
16 23 141 0.102
18 22 138 -0.540
13 31 105 1.075
40 9 55 -0.472
34 12 10 -0.461
19 23 110 0.207
32 20 43 0.182
32 17 44 -0.236
42 15 52 -0.224
31 27 120 -0.505
39 21 130 -0.750
44 5 15 -0.466
15 25 104 -0.379
36 17 49 -0.693
28 27 136 -0.693
26 15 38 1.453
29 24 98 -0.042
16 23 70 1.055
35 22 57 -0.568
40 10 49 -0.528
12 30 34 0.028
42 15 125 -0.582
38 16 47 -0.354
10 29 65 0.128
14 28 37 0.944
34 25 58 0.130
13 37 36 1.253
38 15 86 -0.750
28 11 115 1.140
31 12 118 -0.179
10 31 30 1.750
41 16 130 -0.732
26 19 76 -0.210
33 19 42 0.451
37 8 13 -0.689
21 15 0 0.783
28 28 60 -0.738
43 5 14 -0.560
37 19 18 -0.063
11 28 144 -0.325
32 25 59 -0.584
15 26 145 -0.323
41 17 18 -0.380
39 12 12 0.044
28 23 116 -0.697
35 18 20 0.236
35 7 7 -0.470
38 16 55 -0.616
39 11 85 -0.090
22 25 2 -0.331
24 22 76 0.721
37 8 16 -0.627
41 15 128 -0.750
31 18 81 -0.470
17 26 73 3.048
12 29 107 1.471
23 21 149 -0.636
24 24 62 -0.613
35 11 47 -0.238
22 31 149 -0.407
42 8 127 -0.750
35 3 84 -0.686
15 40 148 1.715
35 25 94 -0.688
30 0 82 -0.750
13 28 142 0.187
32 24 133 -0.750
34 17 6 0.436
11 33 29 0.494
32 14 45 -0.748
29 23 43 -0.699
24 27 24 -0.510
35 21 57 0.509
33 17 56 -0.709
12 34 105 0.978
18 21 33 4.227
29 19 22 -0.112
23 24 28 1.387
39 11 126 -0.716
13 29 31 0.137
40 3 15 -0.695
23 23 113 -0.697
20 29 75 0.694
16 32 72 1.399
23 32 26 0.157
33 21 20 -0.157
23 29 25 -0.037
35 6 119 -0.406
28 22 79 -0.439
31 20 94 -0.742
12 39 145 -0.154
28 19 120 -0.728
14 30 141 0.354
37 13 48 -0.570
17 27 139 -0.738
13 36 35 2.881
11 32 66 -0.066
14 32 145 0.104
37 9 53 -0.750
13 41 71 -0.111
12 34 145 -0.132
35 18 19 -0.393
11 30 30 2.517
9 42 107 -0.715
40 18 88 -0.303
33 26 120 -0.150
32 13 117 -0.744
11 20 33 4.190
19 22 110 2.269
33 22 98 -0.253
31 13 79 -0.002
25 19 117 -0.000
15 41 68 0.480
39 19 55 -0.563
17 22 28 1.724
36 17 89 -0.750
32 23 58 -0.660
18 33 137 -0.472
31 11 118 -0.244
37 10 85 0.083
25 31 62 -0.266
42 13 124 -0.738
14 34 36 2.124
30 25 22 0.221
27 28 61 0.025
18 30 2 -0.597
34 26 57 -0.674
37 6 86 -0.627
16 32 70 0.119
32 21 59 -0.438
31 23 42 -0.340
41 8 49 -0.750
37 9 47 -0.736
23 37 78 -0.657
18 19 63 -0.516
34 16 119 -0.650
13 20 33 5.540
42 14 126 -0.565
16 32 36 4.922
12 26 106 -0.036
15 36 144 -0.042
37 14 46 -0.750
40 7 125 -0.729
36 21 133 -0.738
26 29 77 0.618
16 25 28 2.794
39 11 15 -0.695
18 23 65 0.417
22 26 38 0.339
29 27 115 -0.663
32 21 41 1.279
37 4 13 -0.673
35 12 121 -0.688
39 10 88 -0.615
36 14 81 -0.309
37 7 16 -0.690
15 35 36 1.878
20 24 2 -0.031
16 23 140 -0.081
31 18 40 -0.117
21 24 139 -0.616
40 12 17 -0.659
12 32 32 3.347
25 30 62 0.018
24 26 61 -0.293
14 32 66 -0.487
13 39 68 2.133
41 9 13 -0.362
41 9 51 -0.546
16 20 141 -0.422
40 11 130 -0.745
14 35 143 1.139
20 30 63 -0.400
25 31 79 -0.719
16 24 148 1.183
15 42 75 -0.750
34 20 81 -0.115
32 20 119 -0.592
21 25 101 -0.343
31 5 82 -0.721
31 17 77 1.395
30 20 61 -0.151
28 27 59 -0.750
36 21 19 -0.620
17 29 103 -0.184
36 23 83 -0.725
37 5 13 -0.695
39 11 83 0.075
42 17 130 -0.727
6 29 108 -0.620
29 25 97 -0.750
29 26 100 0.901
15 27 72 0.968
9 29 35 1.722
36 5 45 -0.603
38 6 18 -0.522
11 45 139 -0.626
22 16 112 0.922
16 26 142 0.502
12 33 30 2.453
34 16 9 0.048
22 36 100 -0.676
39 10 54 -0.592
40 14 54 -0.518
13 38 72 1.981
18 36 1 -0.195
34 20 10 -0.649
40 19 88 -0.602
30 19 134 -0.750
25 27 24 0.867
21 25 38 3.262
34 15 10 -0.462
24 22 78 -0.649
23 12 78 -0.705
31 13 7 -0.244
34 20 96 -0.681
23 25 0 0.362
39 19 93 -0.745
10 43 109 -0.579
37 11 127 -0.749
12 31 141 -0.693
41 19 88 -0.655
39 7 131 -0.702
42 8 16 -0.512
38 4 87 -0.700
32 11 132 -0.750
37 9 15 -0.695
19 20 63 -0.450
11 34 145 -0.120
11 24 69 3.235
38 5 15 -0.625
28 23 59 -0.446
28 29 60 -0.670
11 43 147 -0.387
39 13 89 -0.743
30 12 115 -0.541
15 33 27 -0.263
29 32 96 -0.750
36 17 45 0.435
12 38 147 0.816
16 32 69 1.438
21 29 101 0.073
23 29 139 -0.636
19 21 3 -0.256
13 35 35 2.074
38 10 87 -0.743
36 23 19 -0.167
17 23 27 -0.279
19 29 37 0.787
35 18 95 -0.164
36 20 121 -0.553
25 21 3 0.629
39 9 48 -0.531
24 16 1 3.014
22 28 79 -0.750
29 26 61 -0.610
16 34 102 -0.643
29 23 115 -0.308
30 25 94 -0.750
36 9 10 0.078
35 25 133 -0.713
25 22 99 -0.746
24 25 25 -0.241
40 10 125 -0.670
39 9 83 -0.252
13 26 71 1.116
39 13 51 -0.447
27 12 4 0.797
38 16 57 -0.189
29 24 115 -0.604
37 13 53 -0.723
13 33 102 1.639
33 18 81 -0.750
18 20 113 -0.006
32 13 96 -0.694
15 28 144 -0.353
40 16 13 -0.126
24 14 0 1.781
23 28 0 0.173
27 28 26 0.096
38 15 80 -0.519
28 15 117 -0.209
35 16 8 1.627
36 14 49 -0.750
21 27 37 4.834
30 25 96 -0.723
22 25 139 -0.153
15 23 148 0.417
10 34 69 1.293
36 19 132 -0.717
11 30 65 0.068
34 17 49 -0.712
21 26 101 -0.161
36 1 82 -0.561
15 24 29 -0.002
41 14 15 -0.422
34 13 47 -0.154
12 21 71 0.955
18 19 34 0.714
31 15 21 -0.327
17 33 113 -0.686
29 26 60 -0.476
21 24 101 -0.327
25 30 24 -0.354
38 11 129 -0.750
39 14 131 -0.644
27 29 39 -0.388
33 19 6 1.212
32 24 59 -0.512
1 47 108 -0.624
16 24 65 0.115
38 15 18 -0.066
13 32 140 0.105
30 11 117 -0.400
15 37 66 -0.409
18 28 104 0.032
28 23 136 -0.683
14 26 71 -0.593
30 22 40 0.547
17 31 143 -0.477
26 9 0 1.645
13 36 106 -0.362
30 20 22 0.287
33 11 20 -0.754
21 11 1 -0.300
38 14 93 -0.710
27 23 61 -0.235
18 29 31 0.712
32 26 58 -0.519
42 15 128 -0.750
35 14 58 -0.645
27 22 79 -0.266
31 23 6 0.020
32 17 121 -0.477
15 36 105 0.458
22 24 139 -0.704
30 12 77 0.521
19 32 101 -0.464
22 23 4 -0.670
23 35 24 -0.545
35 26 94 -0.697
25 26 60 -0.513
38 11 91 -0.743
40 18 130 -0.732
37 15 132 -0.717
40 14 128 -0.750
38 11 131 -0.738
39 13 45 0.052
17 21 1 0.082
30 29 22 0.260
38 16 85 -0.682
31 19 136 -0.571
34 21 95 -0.563
14 28 67 1.917
34 15 134 -0.738
40 16 86 -0.548
37 10 121 -0.679
41 15 11 0.405
23 24 76 0.580
33 20 58 -0.424
28 20 42 0.546
29 24 21 -0.470
29 28 134 -0.725
43 7 12 -0.582
27 29 23 -0.748
11 32 145 -0.365
20 29 65 0.610
33 14 97 -0.321
32 20 117 -0.387
39 11 16 -0.611
29 28 116 -0.708
37 13 129 -0.750
29 14 79 -0.736
27 21 5 2.028
10 38 108 1.146
12 28 107 0.313
14 32 69 1.287
28 27 60 -0.501
37 17 131 -0.734
39 17 94 -0.746
37 15 92 -0.750
37 19 19 -0.590
13 30 105 0.815
13 37 66 0.290
15 31 111 -0.679
40 13 123 -0.592
36 13 47 -0.750
17 29 144 0.414
12 37 106 -0.140
32 21 97 -0.127
34 9 44 -0.546
21 21 38 2.116
36 20 18 -0.510
16 33 144 0.287
31 7 7 -0.507
15 28 110 -0.654
40 12 85 -0.120
28 24 98 -0.417
18 22 64 1.827
5 43 108 -0.586
41 9 14 -0.607
42 8 12 -0.507
20 25 1 3.900
40 15 125 -0.668
23 34 24 -0.563
23 27 26 0.901
14 23 145 -0.328
24 11 0 2.164
37 11 55 -0.672
16 28 74 -0.259
22 9 0 2.225
39 17 17 -0.559
22 29 25 -0.393
19 32 140 0.165
21 25 149 -0.328
36 25 132 -0.709
40 3 16 -0.541
25 26 24 1.490
38 21 84 -0.565
26 25 136 -0.735
27 20 116 -0.493
36 23 132 -0.724
9 36 102 -0.251
20 23 112 1.742
38 9 12 -0.407
15 28 112 -0.279
18 18 2 0.084
31 19 44 0.344
41 13 50 0.046
32 18 41 1.362
38 17 92 -0.750
32 15 117 -0.453
39 9 92 -0.736
28 20 98 -0.553
34 19 6 1.256
37 24 95 -0.663
21 17 112 1.726
12 29 68 -0.044
44 6 52 -0.741
41 16 17 -0.617
22 36 78 -0.712
40 12 92 -0.705
21 30 101 -0.400
14 33 33 0.811
11 33 35 1.045
12 30 107 0.803
39 15 47 -0.491
16 35 74 2.110
39 14 52 -0.446
37 14 9 -0.584
17 29 149 0.710
11 43 146 0.729
11 37 146 -0.107
13 39 112 -0.267
29 22 118 -0.230
7 33 32 0.155
43 15 91 -0.702
39 15 48 -0.671
18 20 34 1.274
9 28 102 0.494
16 21 147 0.833
14 32 106 -0.435
20 25 113 -0.376
11 36 143 0.455
7 38 108 -0.013
13 32 72 -0.300
40 14 92 -0.670
14 37 147 -0.101
18 33 68 1.360
22 23 101 -0.474
10 41 71 -0.002
40 13 13 -0.258
31 18 80 -0.529
40 11 10 1.196
32 3 82 -0.728
17 29 140 -0.509
40 9 124 -0.632
25 22 59 -0.483
22 11 1 2.799
19 31 37 1.931
10 34 32 2.462
25 34 25 -0.291
27 26 99 -0.659
36 11 87 -0.750
37 6 123 -0.748
19 31 28 0.102
10 29 35 1.762
19 20 34 0.144
34 7 45 -0.459
39 16 128 -0.698
21 22 139 0.238
31 17 117 -0.672
22 25 26 -0.644
42 7 17 -0.644
37 15 10 1.250
9 33 108 -0.383
29 14 97 -0.618
43 14 124 -0.618
15 37 149 -0.623
36 21 91 -0.352
35 14 133 -0.691
14 36 71 0.217
28 29 135 -0.732
25 25 137 -0.687
18 23 0 2.047
19 21 34 0.188
43 14 17 -0.645
13 25 107 1.502
25 15 78 -0.724
11 39 145 -0.105
33 13 84 -0.486
19 24 65 -0.356
40 3 123 -0.723
38 4 12 -0.592
16 26 34 0.788
16 34 103 0.418
17 24 110 0.954
31 18 134 -0.676
36 20 133 -0.712
30 22 22 0.821
22 31 78 -0.738
30 25 120 -0.572
14 19 34 3.853
12 31 109 0.650
15 27 103 -0.626
39 18 88 -0.230
18 24 34 0.823
20 34 26 -0.001
20 25 149 -0.661
35 14 87 -0.543
40 13 126 -0.727
12 34 66 -0.013
18 30 38 3.208
24 18 82 -0.669
12 39 68 0.188
28 27 77 0.652
40 17 11 -0.206
22 26 25 0.715
34 20 19 -0.411
29 29 41 0.482
37 17 6 0.624
20 28 26 1.048
28 28 25 -0.740
35 6 44 0.064
39 12 11 -0.417
35 9 9 2.354
22 37 78 -0.649
16 29 31 1.335
12 32 147 -0.247
22 20 0 0.822
40 17 84 -0.596
16 36 102 -0.330
12 32 29 0.994
12 33 36 2.298
13 39 142 -0.197
34 23 58 -0.513
13 28 106 0.702
18 30 139 -0.700
33 9 81 -0.581
14 25 149 -0.654
17 36 148 -0.461
11 38 147 -0.234
23 27 149 -0.470
19 31 101 -0.710
38 14 86 -0.285
16 22 29 -0.135
13 36 69 0.154
37 24 130 -0.740
34 19 7 1.474
25 29 26 0.221
37 16 46 -0.668
17 35 111 -0.517
14 22 103 0.723
27 22 63 -0.566
42 13 91 -0.717
11 35 32 2.506
39 8 89 -0.671
22 23 139 -0.618
39 16 123 -0.750
27 15 4 0.077
31 20 6 -0.125
23 25 39 -0.136
37 9 18 -0.453
9 37 108 2.169
29 27 96 -0.714
41 0 12 -0.562
41 5 11 0.136
19 33 139 0.045
33 22 43 0.258
18 23 76 1.010
39 13 122 0.198
14 38 36 1.469
39 13 17 -0.628
28 15 22 -0.302
39 20 94 -0.750
17 27 111 0.201
12 28 68 -0.602
27 29 25 -0.235
18 27 37 2.947
12 21 69 2.344
15 22 69 3.324
18 27 148 0.351
33 21 43 -0.033
40 12 10 0.456
44 10 52 -0.750
21 29 64 0.671
13 36 147 0.921
40 11 11 -0.598
30 22 59 -0.743
25 23 5 0.235
16 31 38 0.621
38 17 131 -0.739
15 32 32 6.214
17 29 147 -0.477
16 22 74 0.523
31 25 22 0.337
18 33 101 -0.393
23 22 3 -0.381
22 14 0 2.889
13 30 75 -0.482
10 36 146 -0.442
21 30 27 2.197
38 12 131 -0.745
16 34 70 0.011
42 16 128 -0.746
13 31 36 1.525
18 31 27 1.148
32 18 116 -0.641
14 37 36 1.632
34 10 121 -0.705
39 9 122 -0.537
35 12 11 -0.678
40 7 54 -0.704
34 26 60 0.560
21 35 64 -0.252
17 30 141 0.574
21 29 38 -0.172
22 20 27 0.876
21 26 26 0.051
35 14 126 -0.750
41 9 86 0.137
12 35 34 0.203
20 30 101 -0.738
39 4 12 -0.475
30 14 77 0.442
43 15 129 -0.711
39 13 92 -0.750
27 21 78 0.237
23 34 99 -0.750
12 40 72 0.473
37 17 121 -0.432
41 13 88 -0.415
44 6 17 -0.375
45 3 46 -0.571
20 26 76 0.702
11 43 102 -0.250
15 31 104 0.498
13 32 147 0.116
35 22 80 0.280
29 27 136 -0.572
14 40 67 1.922
34 23 57 -0.548
18 26 65 0.219
13 36 32 0.175
39 8 51 -0.588
18 25 73 0.857
31 24 136 -0.540
23 28 5 -0.385
16 27 142 -0.183
42 12 127 -0.713
30 28 41 0.687
13 26 31 1.434
20 29 28 0.703
41 9 84 -0.090
41 10 124 -0.722
27 27 23 -0.475
38 13 121 -0.618
21 34 101 -0.449
38 12 49 -0.244
43 5 51 -0.597
39 6 50 -0.741
13 40 70 2.194
41 5 84 0.197
40 10 124 -0.615
29 23 39 0.280
37 15 131 -0.747
11 36 65 0.575
12 32 27 -0.697
16 32 37 4.625
35 21 120 -0.109
29 17 42 -0.188
26 18 3 1.433
43 5 46 -0.359
39 12 121 -0.161
15 36 72 -0.463
29 19 43 -0.548
31 12 117 -0.290
26 20 44 -0.750
16 25 64 1.631
14 42 147 -0.114
18 39 140 -0.422
13 39 29 0.267
13 34 140 -0.567
19 23 28 1.636
27 21 97 -0.738
35 17 20 -0.054
8 40 108 2.701
12 32 108 -0.217
9 40 108 0.435
22 26 101 0.044
39 18 55 -0.576
23 25 3 -0.130
40 19 55 -0.434
19 17 138 -0.459
40 9 85 -0.018
23 29 62 -0.442
20 22 0 3.977
21 32 65 0.357
44 4 50 -0.310
13 33 143 -0.331
29 31 135 -0.592
33 26 43 -0.477
31 16 116 -0.575
29 23 59 -0.705
26 32 23 -0.564
17 21 2 -0.113
43 17 128 -0.692
16 21 74 0.353
31 25 98 -0.399
36 18 122 -0.736
27 24 25 0.559
17 28 102 -0.702
11 37 70 0.866
13 28 33 3.846
19 31 149 -0.173
30 20 44 1.133
23 36 137 -0.737
11 40 71 0.005
18 36 37 -0.667
15 34 113 -0.687
26 26 61 -0.280
39 14 128 -0.750
13 33 33 0.699
24 29 139 -0.675
19 28 76 0.597
18 20 31 0.887
30 19 21 0.378
28 17 40 1.178
13 33 72 1.599
11 29 67 0.599
15 29 71 0.351
20 26 1 3.664
24 27 27 -0.222
38 11 130 -0.457
41 7 46 -0.352
22 25 114 1.310
8 35 108 0.313
20 18 110 0.026
11 38 72 1.889
22 29 139 -0.497
15 24 72 0.032
25 32 60 -0.602
27 20 114 -0.049
14 28 31 1.260
43 10 127 -0.744
33 25 58 -0.137
15 31 75 0.883
33 14 80 -0.695
40 7 16 -0.654
33 15 10 -0.244
15 40 113 -0.693
36 9 130 -0.750
33 26 95 0.027
30 23 134 -0.662
27 31 115 -0.685
12 32 145 0.112
41 9 83 -0.051
15 30 140 0.430
28 31 77 0.332
22 28 113 0.536
14 33 0 1.511
31 24 22 0.030
22 21 114 2.246
21 36 137 -0.685
15 28 103 0.530
17 30 1 -0.043
10 35 71 0.037
27 20 82 -0.454
37 11 122 0.094
18 32 102 -0.624
42 11 53 -0.726
16 29 75 -0.663
40 10 88 -0.654
39 11 125 -0.750
18 31 1 2.217
35 19 80 -0.293
14 37 74 -0.040
41 14 92 -0.710
20 28 2 2.227
29 16 117 -0.733
15 35 110 -0.108
38 9 123 -0.750
34 11 83 -0.750
11 34 67 2.082
41 13 91 -0.733
28 22 77 0.629
36 12 89 -0.724
19 31 113 0.000
29 23 25 0.244
36 20 6 1.207
35 12 118 -0.505
40 15 17 0.145
27 25 82 -0.421
39 14 55 -0.603
30 19 22 0.113
40 15 46 2.460
21 22 138 -0.455
12 33 35 1.794
37 19 95 -0.685
24 38 77 0.825
22 19 114 0.614
14 30 142 0.646
36 17 87 -0.446
37 9 118 1.001
36 21 120 -0.207
29 19 41 -0.112
15 35 148 -0.378
37 22 83 -0.703
26 13 116 -0.188
24 36 23 -0.488
41 12 52 -0.338
36 18 120 -0.420
22 26 0 0.577
18 28 64 0.579
43 9 13 -0.639
27 18 40 1.242
27 25 42 0.075
13 24 74 -0.564
11 35 71 0.407
36 21 57 0.188
18 34 148 0.544
29 35 96 -0.662
41 14 129 -0.669
25 29 101 -0.171
22 20 139 -0.472
35 7 84 -0.743
16 22 73 2.046
33 11 48 -0.750
28 17 78 0.015
27 16 40 0.421
12 32 103 0.413
16 30 37 0.854
37 16 80 0.413
24 31 115 -0.672
23 19 136 -0.750
43 8 17 -0.695
35 10 127 -0.750
21 29 26 0.287
13 36 70 2.718
34 21 119 -0.686
41 20 88 -0.205
27 19 40 1.089
40 21 55 -0.388
36 15 93 -0.659
28 23 79 -0.252
26 22 5 1.095
18 25 38 2.535
42 2 12 -0.672
39 10 85 -0.241
39 14 93 -0.744
38 18 132 -0.715
29 14 21 -0.296
41 5 51 -0.750
39 7 13 -0.690
14 24 31 2.375
32 6 123 -0.750
38 8 89 -0.683
38 20 132 -0.636
43 12 88 -0.538
15 25 31 3.350
12 39 65 -0.104
39 17 120 -0.319
39 13 10 0.906
12 33 145 0.199
41 13 128 -0.726
13 21 71 2.948
34 20 21 -0.336
28 27 135 -0.673
31 8 117 -0.717
29 18 39 1.546
11 26 66 2.200
33 19 19 -0.626
35 4 8 1.311
16 33 148 1.597
24 22 136 -0.750
20 25 73 -0.341
15 31 67 0.250
20 31 101 -0.583
35 17 18 -0.647
12 32 105 -0.482
17 35 36 6.039
43 15 124 -0.724
25 18 39 2.532
36 8 84 -0.650
41 12 13 -0.695
17 32 148 -0.171
43 6 50 -0.470
15 32 149 -0.516
11 26 71 0.128
40 12 49 -0.535
30 23 40 0.853
36 16 45 0.136
20 35 26 -0.443
35 8 127 -0.750
13 29 107 -0.322
19 30 2 -0.136
40 8 124 -0.705
24 22 139 -0.111
32 20 40 -0.327
19 31 104 0.208
29 33 60 -0.725
29 17 118 -0.502
40 9 11 -0.150
27 22 117 0.164
32 14 5 0.578
41 8 90 -0.727
38 4 85 -0.727
29 26 135 -0.612
22 18 3 0.540
38 19 8 -0.156
21 21 139 0.157
31 13 117 -0.544
11 40 30 3.249
37 10 83 -0.599
14 33 104 1.635
12 28 105 -0.260
31 20 41 1.337
31 22 21 0.063
31 24 59 -0.415
36 14 134 -0.555
32 14 44 0.484
13 27 107 0.541
30 16 120 -0.750
20 24 27 3.223
40 8 49 -0.600
28 22 61 -0.011
35 18 57 -0.277
40 10 127 -0.747
18 31 102 -0.684
14 22 107 -0.368
34 23 7 0.761
37 15 89 -0.750
27 18 39 1.726
31 18 6 0.115
31 21 44 0.640
12 34 68 2.294
18 24 110 1.453
44 9 15 -0.598
15 42 137 -0.668
14 39 105 0.047
16 29 27 -0.179
28 20 97 -0.721
39 11 122 -0.009
8 38 35 0.160
29 9 79 0.088
33 18 94 -0.750
27 20 117 0.237
26 17 4 -0.009
21 19 31 0.014
32 22 21 -0.298
19 30 149 -0.381
37 12 49 -0.737
40 10 87 -0.220
27 15 82 -0.710
32 21 120 -0.738
31 13 115 -0.558
20 31 26 -0.400
40 8 90 -0.749
22 30 138 -0.572
39 13 48 0.014
26 28 79 -0.650
30 25 21 -0.249
37 22 19 -0.144
32 18 10 -0.594
14 28 106 0.798
15 30 149 -0.535
30 14 117 -0.472
18 19 73 2.658
39 7 121 -0.426
38 14 87 -0.470
24 29 135 -0.579
15 32 67 1.388
35 12 87 -0.442
14 41 32 0.532
20 24 0 2.030
17 29 112 -0.002
24 29 60 -0.745
43 7 90 -0.561
14 32 112 -0.596
13 31 67 1.015
42 14 52 0.097
28 26 60 -0.475
13 27 145 -0.320
35 10 121 -0.730
39 16 54 -0.560
13 23 69 3.841
15 26 146 0.181
17 24 27 -0.377
30 18 40 0.153
26 30 77 0.051
10 32 145 -0.662
38 13 53 -0.576
24 26 139 -0.575
30 16 5 0.052
20 35 65 -0.304
34 17 20 -0.233
35 17 134 -0.702
16 27 65 0.288
39 11 14 -0.093
40 16 55 -0.530
14 24 68 -0.422
11 32 144 -0.240
32 24 42 1.319
19 26 74 -0.125
19 26 64 0.557
16 28 73 -0.045
39 12 125 -0.743
9 42 35 -0.022
42 2 11 -0.381
20 23 31 0.432
21 16 2 1.408
43 8 90 -0.741
24 15 114 0.405
17 26 75 2.560
26 23 137 -0.695
10 42 71 -0.527
22 38 114 -0.692
41 15 124 -0.665
11 32 30 0.893
22 12 3 0.828
21 17 138 -0.643
29 19 117 -0.732
17 29 65 0.063
15 29 32 4.242
41 13 122 -0.682
29 21 39 -0.084
25 29 99 -0.460
38 17 9 -0.568
32 22 80 -0.188
18 25 110 0.464
32 15 5 0.837
39 14 88 -0.227
34 9 126 -0.750
39 14 129 -0.745
37 14 122 -0.099
19 19 110 1.048
20 21 73 0.835
37 12 126 -0.699
37 9 119 -0.750
10 38 107 -0.552
35 12 54 -0.750
20 26 111 -0.505
41 13 125 -0.710
15 39 140 0.532
19 38 138 -0.522
40 6 15 -0.583
12 33 109 0.391
36 6 11 -0.664
13 29 65 -0.243
41 18 88 -0.301
20 34 140 -0.377
16 30 75 -0.716
37 23 120 0.448
25 23 116 -0.252
20 29 26 -0.548
29 13 118 -0.718
20 12 3 -0.568
36 14 121 -0.603
42 11 17 0.226
16 31 75 -0.750
26 25 149 -0.661
20 32 65 -0.306
37 15 18 0.002
14 40 143 -0.389
39 13 85 -0.597
37 16 57 -0.548
40 7 127 -0.723
12 31 107 0.167
17 27 104 0.294
37 10 124 -0.750
29 27 135 -0.458
37 21 133 -0.607
23 15 3 1.382
39 9 47 -0.536
36 15 48 -0.710
33 20 93 -0.750
19 23 69 2.343
43 10 15 -0.258
33 11 44 -0.474
9 38 109 0.919
12 39 32 1.645
15 32 75 1.863
38 18 80 0.155
19 26 113 -0.434
20 36 101 -0.511
26 26 114 -0.038
31 25 95 -0.337
19 37 63 -0.336
19 24 37 0.688
35 9 44 -0.501
28 15 114 -0.269
21 35 100 -0.679
14 29 103 -0.738
16 31 141 0.700
37 1 131 -0.661
34 27 95 -0.267
31 19 96 -0.750
40 18 11 -0.370
37 17 56 -0.152
39 9 45 -0.393
18 21 64 1.011
14 31 103 0.448
13 22 106 0.228
14 25 106 1.635
36 21 95 -0.208
8 39 102 -0.618
17 28 147 -0.277
41 12 11 -0.492
37 10 12 -0.460
38 10 51 -0.738
15 31 38 0.230
24 13 1 2.972
27 27 61 -0.383
43 14 91 -0.582
40 11 127 -0.750
39 5 126 -0.750
39 21 19 0.684
39 22 94 -0.750
16 31 103 -0.304
32 28 134 -0.690
38 21 19 0.498
15 22 74 1.560
29 23 135 -0.544
11 29 109 0.233
35 16 120 -0.684
38 15 8 0.954
24 24 24 0.376
16 29 102 -0.650
26 29 60 -0.551
16 30 149 -0.484
33 14 56 -0.750
37 16 89 -0.746
33 12 117 -0.498
16 23 34 2.574
37 9 123 -0.750
21 28 149 0.028
29 18 117 -0.464
15 20 74 -0.436
31 24 42 -0.052
16 25 27 -0.367
42 6 90 -0.731
14 31 106 -0.609
16 28 70 0.751
12 27 145 -0.465
36 14 83 -0.507
11 36 146 0.742
20 27 111 -0.545
28 35 77 0.396
23 29 63 0.524
12 39 35 3.806
41 9 126 -0.596
30 21 40 0.539
17 27 28 1.276
15 34 104 0.239
36 11 130 -0.750
31 20 22 0.790
39 10 122 -0.266
40 13 87 -0.125
9 42 146 0.066
19 29 2 -0.415
23 16 3 1.189
36 6 83 -0.728
20 16 31 0.163
37 17 132 -0.750
43 7 53 -0.726
16 28 67 -0.177
11 25 33 3.225
38 17 93 -0.747
14 34 30 0.302
13 31 30 3.283
15 34 70 -0.295
34 10 8 0.167
34 12 124 -0.750
17 23 73 1.830
25 36 77 1.784
13 36 105 0.048
42 11 56 -0.410
42 16 53 -0.719
13 41 143 -0.226
16 35 72 0.215
15 25 141 -0.147
35 9 126 -0.750
42 3 17 -0.681
41 13 47 -0.267
13 29 66 0.567
38 10 86 -0.463
39 16 94 -0.691
34 12 44 -0.209
34 18 57 -0.654
31 12 7 -0.493
36 19 55 -0.435
33 16 8 -0.424
36 17 19 -0.239
31 20 98 -0.421
37 12 18 -0.460
21 23 138 0.046
11 25 105 -0.101
17 38 68 0.134
42 5 12 -0.668
11 33 107 -0.416
25 30 100 -0.437
36 11 10 0.810
42 6 15 -0.691
16 26 113 -0.605
31 25 6 0.035
30 23 23 0.003
13 24 69 0.917
26 16 3 1.039
22 33 79 -0.750
16 18 1 -0.613
13 38 30 1.939
8 35 32 1.269
23 37 62 -0.197
25 15 5 0.007
17 34 100 -0.704
16 33 102 -0.368
35 17 47 -0.739
39 14 9 0.094
20 29 137 -0.633
16 34 111 0.133
34 15 41 0.019
13 32 32 3.404
11 21 31 2.747
14 24 70 1.177
21 24 75 1.808
23 32 77 0.601
27 19 39 1.171
19 30 26 -0.472
28 11 82 -0.742
32 28 22 1.567
40 20 55 -0.579
17 36 36 4.961
11 41 139 -0.670
33 24 58 -0.696
14 32 75 -0.316
32 19 133 -0.601
17 26 27 0.576
19 25 139 0.301
17 21 31 0.921
35 22 94 -0.514
12 37 147 -0.406
16 33 147 -0.320
42 16 91 -0.424
28 20 61 -0.410
37 12 121 -0.235
29 26 39 -0.411
28 13 4 0.642
17 22 145 0.394
10 40 72 -0.550
30 18 41 0.510
19 26 26 -0.349
28 11 4 0.539
28 30 23 -0.375
15 32 110 -0.538
30 21 57 -0.627
43 10 17 -0.469
38 10 14 -0.021
15 28 71 0.096
36 16 83 -0.617
17 15 73 1.762
19 29 76 -0.245
37 6 127 -0.750
41 13 84 -0.648
22 32 25 0.054
30 23 115 -0.508
24 14 38 0.671
41 15 17 -0.442
41 3 16 -0.583
26 20 3 1.451
23 31 26 1.942
36 14 122 -0.737
22 23 149 -0.196
28 17 116 0.807
23 30 24 -0.587
30 27 41 0.813
14 34 109 0.112
26 23 97 -0.748
34 12 85 -0.748
36 19 120 0.074
42 12 90 -0.747
30 17 80 -0.658
19 33 63 -0.172
19 22 34 1.039
35 11 127 -0.745
28 19 60 -0.723
19 24 2 0.456
36 15 57 -0.641
35 12 83 -0.735
28 14 40 1.089
23 24 25 -0.066
40 15 126 -0.656
16 28 29 -0.459
38 16 129 -0.739
12 36 143 -0.376
35 17 85 -0.747
29 18 115 -0.508
28 21 41 0.022
22 16 1 -0.325
13 40 102 -0.556
13 30 102 0.681
36 22 18 -0.591
18 42 137 -0.577
15 33 113 -0.652
38 15 93 -0.696
20 27 38 3.643
34 7 11 -0.695
39 12 47 -0.629
35 5 44 -0.679
36 14 89 -0.746
41 11 127 -0.735
13 36 67 1.208
23 35 77 -0.353
22 33 114 -0.727
35 22 20 -0.645
18 35 37 -0.142
16 22 1 -0.239
31 23 118 0.681
43 12 16 0.675
19 29 139 0.094
24 28 63 -0.588
37 20 121 -0.649
42 12 13 -0.514
42 13 17 -0.634
27 24 41 -0.736
19 25 73 -0.711
42 8 14 -0.339
20 32 63 -0.513
37 11 13 -0.515
14 37 145 0.577
34 4 45 -0.572
14 27 142 -0.014
38 17 56 -0.192
38 3 87 -0.688
20 21 75 1.275
39 12 90 -0.750
41 13 53 -0.674
18 21 31 0.642
39 5 15 -0.695
24 25 0 -0.247
27 29 60 -0.506
42 11 88 -0.381
43 12 49 0.030
20 33 137 -0.657
32 13 8 -0.399
32 19 94 -0.750
24 21 116 -0.459
27 26 39 1.305
11 31 34 0.717
37 18 83 -0.723
9 43 105 0.218
27 25 40 -0.582
27 16 39 0.544
35 14 53 -0.750
11 34 107 -0.451
45 8 126 -0.400
18 33 102 -0.727
14 30 146 0.396
16 30 142 1.199
17 23 28 1.834
30 27 135 -0.555
29 17 117 -0.637
13 37 105 1.169
17 29 28 0.314
40 10 45 0.209
40 11 48 0.014
40 17 53 -0.219
31 29 60 -0.147
36 17 10 1.285
34 13 54 -0.750
32 16 115 -0.586
12 30 29 1.022
41 7 49 -0.608
27 21 26 0.787
12 34 34 0.249
16 37 72 0.103
22 23 38 3.976
21 24 0 3.279
31 19 59 -0.743
32 13 42 0.064
19 28 63 -0.200
33 9 119 -0.712
26 19 5 0.938
17 22 110 -0.337
41 12 92 -0.639
43 9 126 -0.750
37 14 18 -0.142
39 15 131 -0.720
23 19 114 0.626
18 37 64 0.607
15 32 103 0.089
29 25 98 0.115
7 33 108 1.119
30 16 116 -0.273
28 31 135 -0.178
26 16 5 0.348
42 8 126 -0.750
13 37 139 -0.678
38 23 130 -0.750
23 34 23 -0.365
12 42 102 -0.318
17 26 74 -0.149
39 21 55 -0.353
16 35 36 3.370
28 25 116 -0.691
29 15 39 1.449
37 11 54 -0.625
11 34 143 -0.196
27 25 99 -0.720
33 23 119 -0.725
20 18 63 -0.650
20 23 139 0.164
11 36 106 -0.184
43 9 15 -0.295
34 9 124 -0.730
19 23 27 1.096
30 21 21 -0.456
19 23 113 0.738
37 20 18 -0.609
16 32 103 0.620
35 6 85 -0.616
41 11 87 -0.750
39 11 121 0.154
38 9 18 -0.667
15 31 140 -0.527
40 15 50 -0.629
41 13 17 -0.592
34 22 19 -0.202
38 19 91 -0.750
37 16 132 -0.692
15 25 70 1.833
41 15 48 -0.718
39 10 51 -0.669
25 13 4 -0.172
12 35 104 0.751
14 32 67 1.058
31 24 97 -0.318
15 33 74 -0.591
36 15 8 0.137
33 17 117 -0.748
43 9 124 -0.669
14 29 31 1.292
33 12 81 -0.361
30 24 43 -0.743
14 34 104 -0.221
40 13 85 0.093
41 12 14 -0.504
17 25 141 0.399
14 28 74 -0.375
33 10 123 -0.731
31 21 21 -0.356
29 27 43 -0.700
10 32 146 -0.449
25 26 149 -0.431
13 38 105 0.421
10 27 105 -0.545
16 15 73 1.157
30 17 42 -0.301
33 12 123 -0.729
38 10 131 -0.705
38 9 11 -0.275
37 12 120 -0.528
22 29 38 -0.236
42 8 91 -0.603
21 14 138 -0.681
16 32 32 1.526
31 6 79 -0.227
24 11 116 -0.672
38 18 57 -0.661
31 16 79 0.221
41 13 18 -0.398
40 10 54 -0.610
40 13 50 -0.662
36 23 20 -0.607
18 30 101 -0.595
34 22 80 -0.054
36 21 132 -0.742
12 32 109 1.662
40 15 88 -0.316
10 34 145 -0.481
19 22 26 0.214
13 37 72 1.037
24 21 82 -0.650
29 20 117 0.186
16 24 140 0.671
16 31 142 -0.018
11 32 32 1.720
31 26 97 -0.456
23 20 25 -0.525
26 20 82 -0.704
22 27 26 -0.105
35 19 95 -0.329
30 34 60 -0.647
36 12 82 -0.672
18 18 110 0.550
16 37 113 -0.670
29 28 62 -0.616
24 31 24 -0.532
28 24 120 -0.708
22 32 99 -0.634
33 4 123 -0.750
35 21 20 -0.417
11 36 32 2.304
31 24 118 0.664
33 18 134 -0.536
41 14 18 -0.050
15 39 66 0.137
25 24 63 -0.284
20 24 113 0.909
17 33 36 4.727
27 28 39 1.578
14 34 106 -0.500
41 15 54 -0.596
23 37 114 -0.641
43 12 126 -0.708
23 27 0 0.655
36 10 87 -0.669
26 17 44 0.366
35 12 49 -0.641
42 11 13 -0.695
30 26 22 0.980
10 25 66 -0.140
19 19 64 -0.059
39 16 85 -0.399
18 30 27 0.039
14 36 141 0.055
41 14 50 -0.003
31 22 94 -0.726
40 10 90 -0.750
13 28 74 -0.704
15 25 103 1.672
8 36 146 -0.652
40 20 88 -0.350
42 20 130 -0.745
37 18 122 -0.598
17 31 26 -0.362
14 36 33 -0.035
37 13 7 -0.381
43 12 90 -0.658
37 4 131 -0.740
31 20 42 -0.386
42 8 11 -0.429
13 30 106 0.146
37 3 123 -0.743
28 24 60 -0.707
24 24 114 -0.169
27 9 119 -0.744
26 29 114 0.571
13 39 105 1.365
34 12 121 -0.682
16 22 110 0.955
32 27 98 -0.685
17 30 149 -0.131
27 28 23 -0.402
16 29 68 1.145
42 17 129 -0.708
35 11 87 -0.749
35 15 85 -0.632
4 39 108 -0.641
33 21 119 0.062
35 16 41 0.005
27 21 120 -0.684
28 14 39 1.346
16 26 73 0.051
16 32 141 -0.406
24 32 99 -0.723
23 24 100 -0.553
36 24 95 -0.291
34 10 81 -0.431
32 23 44 0.658
13 40 30 0.047
13 32 34 0.833
38 9 85 -0.695
17 33 65 0.781
42 11 91 -0.459
37 13 121 -0.744
26 25 39 0.847
32 8 123 -0.747
14 24 74 -0.750
34 20 7 0.780
15 30 33 3.253
32 25 80 -0.399
23 26 39 0.064
14 33 69 0.532
41 8 47 -0.168
37 14 131 -0.704
26 15 114 -0.491
38 8 9 0.689
40 12 88 -0.521
24 26 76 0.213
14 33 105 0.314
31 25 96 -0.686
33 21 80 -0.279
14 33 147 -0.395
37 10 48 -0.737
17 25 34 1.620
21 10 0 1.815
34 14 9 -0.527
16 40 36 3.487
12 32 104 -0.734
16 30 102 -0.666
28 20 59 -0.626
17 23 34 2.251
25 29 61 -0.178
9 41 35 0.108
29 9 4 1.724
31 18 7 -0.226
15 37 112 -0.316
16 28 33 0.810
41 10 122 -0.750
28 24 136 -0.646
28 17 4 0.183
41 14 13 -0.393
32 19 80 -0.271
26 26 77 0.656
39 10 53 -0.744
30 22 133 -0.545
20 25 37 5.038
15 28 142 -0.003
14 37 149 -0.442
33 7 121 -0.747
12 40 68 2.826
17 31 27 -0.185
36 19 20 0.882
39 11 123 -0.716
19 20 112 0.092
41 11 86 -0.720
32 21 6 0.734
15 26 141 0.196
25 21 38 -0.184
18 24 141 -0.115
12 34 72 1.921
34 24 6 1.807
28 19 41 0.289
36 20 57 -0.331
17 31 145 0.577
28 22 96 -0.744
26 25 100 -0.311
18 28 74 -0.366
24 21 76 -0.638
8 41 108 1.385
29 26 40 -0.477
17 28 29 -0.297
12 35 143 0.748
31 19 22 0.351
36 23 120 0.418
26 30 62 -0.204
29 17 77 0.244
12 33 146 0.731
27 30 59 -0.409
37 16 92 -0.620
18 33 38 0.792
32 23 61 -0.395
17 37 113 -0.649
24 20 3 -0.004
9 29 107 -0.504
10 40 30 0.170
22 19 0 5.670
30 24 21 -0.240
15 31 141 -0.309
17 21 69 1.585
25 19 2 -0.001
38 14 10 1.277
37 13 54 -0.745
36 23 58 -0.613
19 21 113 0.480
10 32 106 -0.698
37 8 12 -0.589
42 10 92 -0.724
22 20 114 0.452
15 37 140 0.285
32 20 81 -0.750
20 21 2 0.846
34 13 132 -0.742
14 35 36 0.923
14 35 144 -0.312
35 16 93 -0.687
43 10 16 -0.571
35 17 9 0.872
35 17 41 0.430
15 29 141 -0.161
42 10 13 -0.088
9 31 106 -0.664
40 15 11 1.031
38 4 123 -0.707
37 12 45 0.262
24 27 23 -0.173
32 18 5 0.892
16 35 103 0.159
37 7 83 -0.680
38 11 84 -0.626
17 31 111 -0.451
41 11 85 0.114
42 13 49 -0.509
26 26 62 -0.054
36 13 48 -0.736
18 24 73 0.506
36 14 127 -0.738
41 13 46 -0.121
35 9 11 -0.329
39 5 131 -0.707
38 3 131 -0.729
18 36 38 -0.264
12 30 71 -0.046
19 19 31 0.925
16 23 145 -0.235
32 12 8 -0.660
31 14 118 -0.156
26 23 80 -0.699
17 27 27 0.578
17 30 27 -0.181
36 13 83 -0.580
12 24 31 2.704
23 30 1 1.749
36 22 80 -0.082
12 34 32 2.993
22 30 24 -0.275
43 16 128 -0.749
33 22 80 -0.120
37 8 14 -0.387
28 25 41 -0.406
38 6 12 -0.440
29 24 80 -0.572
37 11 91 -0.689
41 16 88 -0.256
41 12 49 -0.139
24 22 5 0.072
31 23 21 -0.414
35 16 47 -0.750
30 9 4 -0.382
24 26 99 -0.730
16 31 34 0.674
41 19 125 -0.694
29 25 22 0.738
26 23 76 0.248
28 20 114 -0.138
15 31 36 1.701
29 26 42 0.149
22 31 138 -0.641
17 29 141 -0.530
27 30 79 -0.701
14 38 32 0.823
35 23 94 -0.732
29 16 115 0.474
37 15 120 -0.492
14 41 66 0.805
23 19 112 0.197
24 22 149 -0.472
30 21 95 -0.637
32 7 7 -0.662
33 26 59 -0.621
23 20 114 1.513
29 15 115 1.023
22 32 26 0.123
42 12 17 -0.513
38 15 53 -0.571
43 9 51 -0.583
19 26 28 2.085
31 20 40 -0.070
17 14 2 0.048
28 16 116 0.733
14 31 140 -0.061
9 34 102 -0.175
31 28 134 -0.750
25 25 135 -0.273
16 39 113 -0.670
25 10 44 -0.709
16 30 1 -0.360
16 25 73 -0.148
18 32 101 -0.486
18 29 102 -0.702
18 21 110 1.312
39 11 11 -0.307
12 25 107 1.014
39 16 129 -0.730
15 29 144 -0.233
16 25 68 1.376
16 28 37 2.427
34 21 19 -0.307
32 14 58 -0.710
11 24 105 0.157
38 3 123 -0.743
15 33 105 0.021
40 11 55 -0.624
29 23 77 0.778
40 13 45 0.120
11 36 112 -0.683
23 25 26 -0.156
40 6 131 -0.693
23 29 113 0.126
19 24 76 -0.343
27 27 134 -0.645
13 26 103 0.051
40 14 129 -0.750
21 20 2 -0.153
16 27 31 0.826
31 21 97 -0.247
17 33 103 -0.307
17 36 0 -0.430
17 33 67 1.301
12 31 32 2.076
13 34 139 -0.750
24 16 4 -0.231
15 27 27 -0.261
36 20 7 1.119
26 13 3 1.806
31 20 58 -0.727
39 12 55 -0.518
13 27 72 0.942
19 29 33 1.016
41 13 51 -0.541
30 20 118 -0.729
40 6 127 -0.713
23 16 0 4.026
40 13 128 -0.750
18 29 101 -0.566
19 28 64 1.102
12 32 143 0.033
13 40 68 2.331
36 21 7 1.492
37 16 45 0.817
34 10 9 -0.600
42 0 12 -0.513
14 20 107 0.589
26 19 116 0.716
30 24 94 -0.748
40 18 53 -0.479
27 22 41 -0.020
15 33 36 2.400
31 32 96 -0.717
28 24 23 -0.492
12 33 70 1.458
32 18 118 -0.534
40 14 88 -0.576
16 36 140 0.466
42 13 54 -0.620
35 12 132 -0.750
37 16 133 -0.657
36 8 10 -0.457
36 23 56 -0.547
33 0 82 -0.750
44 13 127 -0.750
12 33 106 -0.045
39 10 15 -0.235
22 30 25 -0.408
35 14 9 0.766
13 27 33 2.792
44 6 15 -0.425
32 10 8 0.014
23 14 3 1.009
13 35 146 -0.145
20 24 25 1.142
33 22 58 -0.673
27 29 115 -0.600
23 33 114 -0.709
26 25 135 -0.248
12 31 70 -0.543
37 14 47 -0.586
40 8 125 -0.750
23 26 26 0.485
34 14 56 -0.750
12 36 105 -0.309
40 13 11 -0.482
24 27 114 -0.554
27 22 78 -0.161
33 16 96 -0.606
16 24 31 3.827
36 10 47 -0.745
18 32 38 1.785
39 7 124 -0.678
39 14 92 -0.678
34 17 117 -0.578
30 30 22 -0.281
29 18 134 -0.476
20 26 2 -0.474
34 14 7 0.160
26 30 63 -0.385
17 35 38 0.521
31 29 97 -0.298
26 22 98 -0.666
19 28 26 1.641
14 31 69 0.419
42 11 47 -0.316
35 16 82 -0.408
31 19 58 -0.738
43 9 16 -0.663
44 11 52 -0.624
38 14 88 -0.406
32 22 57 -0.670
34 16 120 -0.637
15 41 75 -0.698
31 18 44 0.670
37 14 92 -0.634
5 47 108 -0.548
42 9 92 -0.645
27 21 116 -0.222
40 16 46 0.403
24 20 76 0.914
41 10 130 -0.728
20 25 138 -0.327
15 32 140 0.553
29 16 22 -0.122
39 11 93 -0.460
24 33 77 0.140
13 32 69 2.185
34 19 41 0.523
28 19 42 0.368
10 38 35 0.076
14 27 31 1.798
13 27 103 0.154
41 11 18 -0.520
36 17 57 -0.508
43 13 124 -0.536
38 8 14 -0.619
10 33 145 -0.409
39 13 125 -0.616
33 24 6 0.385
25 15 3 1.433
11 32 65 -0.267
10 31 68 0.216
41 10 14 -0.436
13 24 31 2.660
22 7 78 -0.738
32 23 57 -0.692
18 17 138 -0.628
42 13 52 -0.288
23 28 39 0.124
11 21 105 -0.391
26 30 39 -0.518
38 12 132 -0.570
31 13 5 0.546
15 24 149 -0.059
20 22 74 -0.186
35 16 11 -0.632
19 23 73 1.064
25 15 61 -0.427
19 29 65 -0.253
31 15 115 -0.557
36 22 7 2.298
40 14 130 -0.724
39 15 90 -0.732
35 17 132 -0.745
42 16 17 -0.641
40 9 14 -0.579
34 12 8 0.821
15 23 141 -0.204
39 15 86 -0.737
11 31 146 -0.420
21 33 101 -0.707
18 26 27 1.221
12 30 33 3.419
39 7 123 -0.742
11 28 143 -0.147
23 25 25 -0.211
34 14 80 -0.720
29 18 40 1.849
10 41 146 -0.175
28 34 77 0.471
35 8 47 -0.684
10 21 67 0.306
23 35 25 -0.395
11 37 107 -0.486
15 24 74 -0.301
17 25 144 -0.358
21 17 68 1.018
38 16 93 -0.750
38 2 12 -0.630
12 37 107 -0.040
41 13 11 -0.150
30 23 22 0.397
32 13 81 -0.627
40 12 13 -0.618
8 38 109 -0.539
23 22 113 -0.693
18 27 100 -0.571
12 31 67 -0.078
12 38 33 0.277
12 37 112 -0.356
24 29 1 3.017
40 13 83 -0.101
11 28 65 -0.464
17 23 65 0.366
15 32 68 2.390
18 25 65 0.379
18 21 73 3.330
19 37 140 -0.412
35 8 87 -0.750
7 33 102 -0.547
28 29 23 -0.636
14 31 111 -0.051
30 12 44 0.542
38 20 133 -0.611
41 21 88 -0.311
27 19 116 -0.344
22 22 4 -0.695
16 23 1 -0.695
41 12 51 -0.549
35 20 94 -0.687
22 14 1 0.145
21 14 0 0.683
34 9 119 -0.490
21 30 64 0.052
41 10 53 -0.721
41 15 47 -0.263
38 15 56 -0.566
30 18 61 -0.071
38 15 9 -0.192
39 8 87 -0.545
16 29 72 0.505
16 33 68 0.055
15 33 112 -0.358
24 25 139 -0.374
31 18 116 -0.570
11 36 107 0.385
33 27 22 -0.377
16 35 67 -0.035
31 21 134 -0.543
41 15 53 -0.548
34 22 7 0.924
33 16 42 -0.162
11 39 104 -0.137
34 16 95 -0.558
17 43 137 -0.629
38 13 9 -0.104
29 14 44 0.819
10 41 72 -0.413
24 29 77 -0.630
27 29 41 -0.455
30 29 94 -0.742
25 25 100 -0.523
25 32 26 0.448
38 16 83 0.076
36 22 19 -0.143
37 18 43 0.427
41 11 124 -0.626
31 19 94 -0.746
16 36 68 1.891
41 5 88 -0.662
23 23 114 1.385
38 10 129 -0.713
36 11 54 -0.678
39 16 93 -0.710
11 28 27 -0.717
33 24 43 0.312
39 10 56 -0.704
11 40 145 0.676
9 41 109 0.389
35 12 47 -0.648
38 16 49 -0.743
39 13 126 -0.700
40 7 15 -0.493
28 18 78 0.315
34 21 80 0.080
38 20 56 -0.690
38 20 86 -0.730
17 28 141 0.426
21 18 31 0.490
14 23 71 2.469
31 16 5 1.947
11 28 35 1.322
42 12 49 -0.227
39 9 50 0.470
26 22 62 -0.339
22 16 3 -0.613
37 13 93 -0.721
41 15 46 0.379
35 15 11 -0.396
35 14 49 -0.666
35 21 7 0.467
27 24 61 -0.375
36 7 84 -0.582
16 38 68 0.298
36 15 56 -0.552
16 30 144 0.176
12 28 65 -0.516
16 30 148 1.228
39 8 121 -0.065
37 10 15 -0.693
16 32 142 -0.126
41 18 129 -0.682
37 16 17 -0.546
33 17 43 -0.070
42 14 125 -0.283
23 25 136 -0.673
24 32 23 -0.565
23 24 4 -0.367
12 29 146 -0.261
31 22 42 -0.073
17 26 68 0.501
38 11 89 -0.738
37 20 122 -0.561
41 14 130 -0.750
29 26 23 0.248
36 16 133 -0.750
40 9 16 -0.665
23 26 24 -0.397
17 30 111 -0.454
31 19 118 0.263
35 22 95 -0.731
20 28 73 -0.231
21 22 0 3.688
14 36 109 1.324
25 22 61 -0.234
40 9 89 -0.670
43 12 52 -0.301
29 16 43 -0.644
42 18 91 -0.707
27 25 136 -0.736
38 6 87 -0.707
42 11 128 -0.746
15 35 34 0.718
23 23 101 -0.304
20 28 113 -0.139
29 12 44 0.168
13 30 72 1.554
13 32 70 1.845
19 35 65 0.023
16 19 74 0.232
17 24 37 2.547
30 19 59 -0.463
38 9 87 -0.635
39 10 124 -0.489
18 30 26 0.422
36 4 7 0.235
14 27 74 -0.692
21 27 113 -0.375
26 27 23 -0.675
43 2 12 -0.496
28 12 118 -0.742
39 12 123 -0.750
12 34 29 1.600
23 26 99 -0.750
31 17 81 -0.339
40 17 91 -0.734
41 12 90 -0.698
14 32 70 0.760
15 38 102 -0.498
38 18 93 -0.747
31 20 119 -0.564
35 16 6 -0.580
9 35 146 -0.072
15 27 28 1.314
35 18 94 -0.588
35 23 58 0.057
30 25 23 -0.152
26 25 61 -0.488
40 11 87 -0.650
39 7 50 -0.669
13 29 74 -0.597
14 34 29 1.306
38 15 92 -0.750
30 25 135 -0.733
37 18 8 0.600
17 30 38 1.503
25 33 62 -0.480
30 30 60 -0.543
36 7 127 -0.750
40 2 131 -0.646
27 19 23 -0.395
17 22 73 2.392
14 27 27 0.759
18 30 68 0.617
38 11 53 -0.731
15 31 74 -0.233
18 29 144 -0.297
37 15 81 -0.286
13 36 143 0.151
37 18 81 -0.184
33 5 82 -0.524
36 10 10 0.271
33 21 95 -0.559
35 23 95 -0.626
22 26 113 0.505
35 15 47 -0.576
35 19 94 -0.730
17 30 64 1.868
37 17 120 -0.475
30 20 43 -0.509
18 24 65 0.896
36 19 57 -0.354
16 34 140 0.285
18 24 37 2.047
36 15 132 -0.712
38 15 131 -0.715
34 15 95 -0.052
40 12 124 -0.436
39 8 14 -0.433
14 34 105 -0.334
26 24 44 -0.724
35 14 11 -0.565
37 22 56 -0.296
13 33 34 -0.128
28 24 39 0.265
16 27 69 2.907
12 36 32 2.409
23 28 24 -0.238
17 29 37 4.925
35 16 121 -0.325
20 19 76 0.053
23 27 37 0.656
20 25 2 1.026
27 22 62 -0.327
33 10 44 -0.589
20 32 148 -0.037
38 13 7 -0.115
17 27 74 -0.633
34 14 6 1.444
18 28 68 0.684
26 28 24 0.232
16 33 38 -0.120
30 13 117 -0.451
18 33 140 -0.482
27 24 114 0.063
16 25 31 1.357
36 11 9 1.089
40 11 14 -0.386
36 6 45 0.294
31 16 133 -0.695
40 16 18 -0.500
34 11 124 -0.750
36 13 121 -0.318
14 35 32 3.699
39 11 90 -0.710
41 14 17 -0.607
35 13 9 0.550
12 25 106 -0.218
34 12 47 -0.256
30 21 43 -0.603
38 14 55 -0.398
41 8 84 -0.112
15 36 0 0.816
25 19 3 0.305
26 26 136 -0.750
20 34 101 -0.634
35 21 81 -0.202
19 24 64 -0.271
38 10 48 -0.608
13 27 71 1.233
38 6 50 -0.685
33 14 45 -0.599
38 24 132 -0.643
15 33 30 2.649
28 22 23 -0.229
11 30 144 -0.416
26 26 25 0.357
17 36 140 0.235
23 15 0 4.165
12 38 143 -0.368
30 21 136 -0.737
23 21 112 1.131
36 24 19 -0.498
31 23 94 -0.728
23 32 100 -0.543
38 12 13 -0.665
22 23 25 0.256
25 16 2 0.059
17 39 137 -0.356
33 12 20 -0.577
34 17 7 1.176
41 17 88 -0.216
11 41 109 -0.271
20 35 101 -0.605
18 29 1 1.438
33 10 20 -0.738
44 5 16 -0.695
16 33 37 1.991
42 14 13 -0.559
15 36 112 -0.398
24 29 26 0.897
22 29 64 -0.070
25 16 76 1.224
36 14 87 -0.571
15 21 34 1.631
35 11 82 -0.667
14 30 74 0.801
13 31 33 -0.672
17 32 138 -0.220
16 29 111 -0.241
15 30 69 0.468
21 26 38 2.283
24 18 114 1.157
42 10 124 -0.534
16 34 75 -0.196
39 11 47 -0.458
13 34 34 -0.747
34 17 133 -0.630
15 32 71 0.442
28 24 97 -0.750
13 20 68 -0.075
36 13 9 1.119
15 34 105 -0.436
36 10 12 -0.695
39 8 90 -0.750
29 22 42 -0.282
15 31 148 0.405
18 24 113 1.560
11 36 71 -0.180
13 37 142 -0.123
40 6 91 -0.418
33 14 44 -0.326
22 16 63 -0.750
16 39 0 -0.383
14 36 67 0.694
39 9 15 -0.433
16 28 141 0.597
19 21 110 1.914
19 23 65 0.452
24 32 77 0.018
32 19 58 -0.545
36 5 7 -0.486
30 22 42 -0.193
38 12 121 -0.409
38 8 15 -0.386
25 24 114 -0.274
31 21 6 0.078
28 21 42 0.346
22 20 136 -0.685
32 16 20 -0.523
39 7 14 -0.522
42 8 52 -0.647
28 22 59 -0.746
19 36 63 -0.013
16 35 68 0.233
32 19 97 -0.679
36 22 56 -0.576
17 34 36 5.088
16 39 103 0.695
29 19 115 -0.356
30 23 41 0.696
49 5 88 -0.734
21 29 149 -0.263
11 33 104 -0.347
25 29 39 0.107
13 33 139 -0.719
16 37 112 -0.150
20 18 27 0.490
34 20 57 -0.724
27 17 79 -0.599
13 26 70 -0.209
21 22 2 1.029
40 13 129 -0.721
42 16 47 -0.344
40 5 46 -0.678
13 26 107 0.783
35 7 119 -0.090
41 16 54 -0.460
40 13 121 -0.105
23 25 78 -0.210
15 29 67 -0.147
26 27 39 0.107
28 15 97 -0.438
23 22 24 0.498
41 17 125 -0.661
41 9 127 -0.700
22 29 24 -0.382
40 9 125 -0.735
21 30 75 -0.451
19 21 138 -0.318
15 29 68 0.000
29 22 22 0.216
20 19 149 0.389
25 37 77 0.960
17 31 69 0.646
24 10 0 2.391
14 41 140 -0.363
28 17 39 0.410
36 10 7 -0.579
15 27 110 -0.394
18 28 113 0.723
30 28 43 -0.732
41 11 92 -0.596
29 20 4 0.302
11 34 72 1.171
18 23 74 -0.150
26 22 79 -0.452
30 24 120 -0.620
29 16 118 -0.713
21 22 4 -0.525
13 26 66 0.484
15 34 144 0.295
28 21 116 -0.186
25 29 136 -0.700
12 34 106 -0.250
29 22 96 -0.732
32 11 8 -0.543
23 36 23 -0.627
34 24 19 -0.294
35 18 6 0.284
28 22 60 -0.516
27 28 135 -0.379
33 28 133 -0.749
41 6 14 -0.584
14 28 111 -0.278
9 39 102 -0.300
19 20 138 -0.546
16 29 142 -0.231
10 33 30 1.787
42 2 17 -0.657
18 35 113 -0.741
14 34 68 0.505
32 13 121 -0.699
38 16 89 -0.750
16 21 27 -0.411
39 13 84 0.321
42 7 9 0.833
15 17 33 5.193
19 20 113 -0.002
28 21 23 0.070
32 9 45 -0.642
27 27 78 -0.707
28 18 42 0.262
11 27 35 0.880
15 36 106 -0.122
13 39 66 0.664
35 15 93 -0.747
34 24 57 -0.599
7 28 108 0.109
12 31 33 2.688
31 23 133 -0.740
36 20 56 -0.651
35 10 126 -0.750
41 2 12 -0.394
12 33 143 0.279
27 16 59 -0.738
18 23 110 0.994
31 25 41 0.809
37 16 83 0.155
16 38 112 -0.247
15 25 34 2.638
40 12 83 0.255
16 26 1 -0.422
25 26 25 0.251
22 32 138 -0.425
19 32 137 -0.218
34 18 42 0.601
41 12 46 0.664
33 14 9 -0.176
19 22 148 -0.046
30 25 42 0.188
37 11 131 -0.746
14 29 111 0.607
42 11 54 -0.750
38 10 49 -0.373
19 27 74 -0.205
40 11 51 -0.338
24 29 100 -0.547
41 7 11 -0.554
17 26 144 0.097
34 18 9 0.693
17 35 37 -0.171
28 12 4 0.189
27 30 24 0.002
13 38 67 -0.418
34 24 95 -0.657
18 27 142 0.357
32 15 79 0.330
37 12 127 -0.745
37 16 9 -0.541
40 9 9 -0.211
39 15 55 -0.616
33 12 10 -0.406
37 19 81 0.332
13 30 30 2.374
30 26 97 -0.722
27 24 44 -0.656
32 26 42 0.276
37 11 15 -0.633
43 13 52 -0.536
30 20 42 -0.081
27 16 77 0.341
39 16 10 -0.536
38 12 48 -0.664
17 27 65 0.731
36 18 83 -0.418
21 29 37 4.148
24 19 2 -0.192
34 18 7 0.969
32 25 57 -0.534
36 23 94 -0.598
16 23 148 0.630
18 32 100 -0.687
18 31 64 1.230
39 18 93 -0.744
29 24 135 -0.659
31 18 22 -0.106
22 25 1 1.805
35 13 84 -0.470
31 13 120 -0.750
40 8 46 -0.654
38 14 90 -0.750
39 8 84 0.102
14 30 29 0.902
13 37 109 -0.134
12 22 105 -0.137
16 28 28 1.524
24 29 62 -0.607
15 29 149 -0.477
28 23 76 -0.390
31 13 4 0.474
27 23 62 -0.591
35 19 45 0.586
26 28 61 -0.532
14 24 71 3.123
31 30 97 -0.456
31 25 135 -0.750
21 19 0 5.196
20 26 28 0.269
42 7 14 -0.480
42 5 15 -0.320
41 7 17 -0.674
18 26 141 0.287
30 8 117 -0.588
32 18 80 -0.372
17 30 28 0.789
11 35 105 -0.523
40 9 83 0.186
13 19 69 2.063
17 30 31 0.762
17 21 110 0.690
9 34 108 0.367
27 30 40 -0.495
16 24 33 3.978
15 38 0 0.587
26 21 59 -0.563
17 25 104 -0.253
39 21 94 -0.741
15 25 149 -0.495
44 13 51 -0.695
23 23 24 0.545
22 36 63 -0.676
37 15 48 -0.736
27 16 114 -0.020
30 20 116 0.057
12 42 112 -0.532
32 19 10 -0.641
12 42 72 0.214
34 12 54 -0.747
17 24 141 0.151
17 35 69 0.520
13 34 33 1.386
20 24 76 0.661
11 40 65 -0.507
36 14 82 -0.395
13 25 142 -0.175
9 38 107 -0.413
38 7 48 -0.612
6 33 102 -0.561
29 14 5 2.085
42 5 13 -0.364
16 34 65 -0.429
25 24 5 0.543
22 26 2 0.583
12 33 105 -0.221
23 13 0 3.553
30 28 60 0.160
21 38 64 -0.218
37 12 54 -0.736
34 15 56 -0.750
13 27 144 -0.425
34 22 95 -0.376
35 17 133 -0.698
40 14 46 1.846
28 22 41 -0.110
11 37 30 2.576
41 10 129 -0.750
30 17 44 0.521
13 37 104 -0.620
29 15 21 -0.290
19 28 73 -0.211
28 16 43 -0.563
27 25 114 0.528
37 12 122 -0.728
15 28 104 -0.162
38 11 9 -0.009
36 3 7 -0.282
16 35 112 -0.403
33 15 20 -0.629
15 32 109 -0.430
39 13 54 -0.440
16 27 72 1.219
12 39 70 1.397
18 31 37 0.003
14 35 112 0.085
39 7 91 -0.653
23 21 138 -0.600
14 15 31 0.154
15 37 142 -0.311
20 23 25 2.080
20 30 64 0.394
28 20 23 0.025
22 34 25 -0.178
42 2 46 -0.638
12 20 69 1.946
19 36 138 -0.441
17 30 74 -0.468
38 14 49 -0.724
35 13 80 -0.196
26 21 4 0.026
5 29 108 -0.676
20 27 76 0.596
30 15 21 0.083
13 33 67 1.505
38 10 121 -0.688
16 19 1 -0.500
31 11 4 0.203
12 40 71 0.232
20 20 2 0.239
29 21 21 -0.770
24 14 1 3.372
38 22 120 -0.201
13 29 146 4.085
19 36 73 0.087
12 29 105 -0.309
5 48 108 -0.504
35 18 18 -0.716
31 22 136 -0.608
36 13 45 0.221
12 34 27 -0.704
40 8 13 -0.438
15 35 141 -0.223
32 9 81 -0.667
14 37 142 -0.159
42 17 88 -0.438
23 34 62 -0.250
28 30 40 -0.500
28 28 77 0.894
15 34 0 0.083
29 18 23 -0.206
15 34 34 0.614
25 29 135 -0.601
10 37 110 -0.646
40 11 16 -0.693
27 22 39 2.217
33 18 58 -0.430
35 12 43 0.230
20 19 63 -0.584
26 30 25 -0.495
34 26 95 -0.536
36 20 132 -0.750
16 36 72 -0.037
16 36 143 0.307
33 20 134 -0.521
20 40 138 -0.379
14 31 146 0.319
21 28 28 1.308
40 7 91 -0.748
13 35 67 0.417
13 32 31 0.392
35 10 47 -0.691
22 24 38 2.306
28 23 98 -0.745
29 22 98 -0.702
38 16 121 -0.327
35 13 49 -0.738
33 8 117 -0.555
38 13 93 -0.692
12 36 146 -0.204
18 29 76 -0.114
18 34 138 -0.416
14 18 74 0.321
38 12 87 -0.584
32 24 58 -0.713
23 20 3 -0.283
35 17 57 -0.327
7 36 109 -0.175
30 12 40 0.002
39 13 128 -0.750
30 20 41 0.098
41 7 123 -0.744
36 11 83 -0.748
33 20 132 -0.750
14 24 107 1.354
8 26 107 -0.354
20 24 74 -0.150
39 8 86 -0.687
28 24 44 -0.693
20 31 73 0.152
31 4 79 -0.081
43 8 15 -0.349
14 26 36 4.176
12 32 30 1.823
15 37 109 -0.317
19 25 31 0.191
14 21 31 1.976
19 27 31 1.367
37 14 53 -0.742
25 25 4 -0.635
17 26 69 1.932
16 36 137 -0.527
36 12 126 -0.745
15 21 29 0.909
12 24 29 -0.134
32 19 96 -0.685
19 21 38 1.588
31 19 5 1.513
28 23 39 -0.143
32 18 56 -0.679
26 29 62 0.066
14 35 66 1.132
42 10 52 -0.493
40 12 52 -0.533
31 23 97 -0.669
19 28 112 0.969
19 27 65 0.346
15 38 143 -0.038
14 29 142 0.912
14 26 74 0.196
30 22 44 0.762
17 32 140 -0.425
44 15 124 -0.735
32 21 118 -0.435
37 6 13 -0.683
37 16 48 -0.630
32 14 121 -0.750
22 16 76 0.123
37 8 124 -0.686
36 12 20 -0.680
25 23 79 -0.118
35 14 82 -0.703
27 11 4 0.976
13 34 69 2.328
37 7 85 -0.730
10 35 108 0.069
19 14 149 0.223
41 10 87 -0.422
35 15 18 -0.751
26 16 38 1.776
26 19 3 1.638
33 12 43 -0.066
38 13 89 -0.748
24 28 1 3.263
38 12 7 -0.491
41 6 16 -0.693
39 13 14 -0.054
38 18 86 -0.657
42 10 18 -0.737
15 33 104 -0.255
31 26 59 -0.566
40 13 53 -0.437
25 21 39 3.495
23 20 136 -0.705
11 35 107 -0.461
12 35 66 -0.107
9 42 109 -0.083
28 18 41 -0.391
39 10 127 -0.736
34 21 57 -0.603
18 28 112 -0.254
16 25 143 -0.711
34 18 86 -0.694
38 9 129 -0.750
37 11 45 -0.209
39 20 55 -0.631
29 22 21 -0.461
12 36 140 -0.432
15 23 140 -0.259
12 34 107 -0.194
18 33 33 0.334
38 3 46 -0.559
14 39 67 2.038
15 33 70 -0.322
31 18 120 -0.663
12 34 143 0.738
26 31 60 -0.437
40 12 130 -0.736
6 37 108 0.377
41 5 13 -0.074
15 25 144 0.332
27 23 82 -0.431
23 17 138 -0.750
19 26 75 1.536
29 21 61 -0.335
13 34 149 -0.129
23 24 101 -0.238
15 36 149 -0.603
14 19 73 0.384
33 20 119 -0.707
23 27 113 -0.684
38 12 129 -0.734
10 28 65 0.210
36 5 8 -0.434
37 18 121 -0.745
16 31 32 1.700
27 16 61 -0.143
21 31 149 -0.335
26 21 76 -0.279
44 5 14 -0.306
11 32 143 0.237
40 17 55 -0.477
27 28 99 -0.570
39 7 90 -0.699
15 31 71 0.102
35 24 20 -0.095
37 7 84 -0.672
39 9 129 -0.750
38 10 11 -0.237
28 31 96 -0.750
22 31 100 -0.645
26 22 135 -0.740
31 15 118 0.216
43 10 129 -0.736
38 9 90 -0.718
20 22 75 1.335
40 13 49 -0.567
9 38 35 0.781
14 44 111 -0.710
24 20 114 0.938
25 21 98 -0.491
34 12 7 1.421
26 31 61 0.270
36 16 118 0.102
12 36 72 1.741
16 29 32 0.939
21 28 0 0.032
31 12 115 -0.560
35 14 8 1.140
33 14 115 0.883
15 19 69 3.167
35 24 19 -0.150
26 18 60 -0.683
37 19 130 -0.740
10 32 143 0.178
29 21 26 0.647
31 13 116 -0.291
27 32 23 0.528
33 20 6 2.076
14 30 34 -0.453
29 19 42 -0.502
20 31 137 -0.615
15 31 103 -0.209
31 26 60 -0.638
9 32 70 -0.600
44 9 126 -0.695
13 30 71 -0.457
41 17 130 -0.746
17 21 75 2.560
28 26 116 -0.740
40 8 14 -0.627
39 6 11 -0.686
14 32 103 0.577
36 8 15 -0.695
31 19 6 0.144
15 38 140 0.258
31 11 44 -0.463
18 25 113 1.297
29 26 98 -0.727
19 27 37 3.061
23 35 115 -0.660
22 22 101 0.470
30 22 61 -0.219
23 31 78 -0.018
40 5 15 -0.695
23 31 0 -0.133
36 21 121 -0.470
15 25 146 0.578
44 15 129 -0.744
29 22 77 0.085
13 26 106 0.576
10 38 72 -0.254
13 40 143 -0.232
11 35 143 0.144
22 29 99 -0.701
33 18 80 -0.462
25 29 114 0.143
16 28 148 1.212
24 21 139 -0.350
18 31 38 1.980
37 13 56 -0.392
27 24 99 -0.685
40 18 54 -0.555
14 32 144 -0.163
9 33 32 0.736
37 5 127 -0.750
31 17 22 0.047
22 31 63 -0.608
42 8 51 -0.684
40 12 55 -0.515
40 14 122 0.114
20 27 5 -0.115
13 39 106 -0.161
30 13 79 -0.570
37 7 123 -0.749
30 22 96 -0.750
39 10 90 -0.750
34 15 119 -0.750
14 38 70 1.976
25 29 25 0.023
22 34 137 -0.747
31 24 80 -0.338
38 10 91 -0.675
41 3 17 -0.695
15 25 74 0.373
25 29 27 1.460
38 15 124 -0.729
40 15 54 -0.640
35 14 57 -0.750
38 15 48 -0.312
34 10 45 -0.536
14 32 147 -0.126
39 18 92 -0.658
29 15 44 0.553
25 25 24 -0.181
41 18 17 -0.638
23 25 76 0.428
35 8 50 -0.720
34 20 58 -0.521
23 29 24 -0.508
10 33 33 1.110
16 35 137 -0.586
13 35 69 0.664
41 7 51 -0.750
45 13 91 -0.750
38 9 48 -0.636
31 16 119 -0.682
35 15 95 -0.314
33 27 133 -0.742
7 32 102 -0.688
38 8 85 -0.375
12 40 105 0.732
34 15 7 0.398
12 31 35 1.830
13 39 140 -0.375
43 10 126 -0.345
23 23 5 -0.274
42 14 46 1.719
36 7 85 -0.707
22 37 99 -0.642
28 18 61 -0.234
32 17 134 -0.667
31 24 6 0.320
37 17 96 -0.745
9 36 109 -0.093
28 27 62 -0.738
20 29 5 0.088
17 29 26 -0.680
24 25 116 -0.325
39 8 11 -0.507
20 26 3 0.458
20 25 139 0.319
13 29 71 1.628
36 16 56 -0.675
10 41 102 -0.295
28 29 136 -0.550
30 18 21 0.581
14 32 140 0.637
27 21 99 -0.679
41 15 130 -0.521
28 14 5 -0.560
38 11 45 -0.081
16 18 31 0.379
19 19 1 0.635
16 26 75 0.445
23 22 76 -0.345
36 9 87 -0.628
18 37 137 -0.413
13 35 148 -0.713
38 8 123 -0.721
42 11 52 -0.294
35 16 131 -0.747
40 16 53 -0.262
32 27 58 -0.632
28 30 59 -0.745
23 21 101 -0.060
34 14 57 -0.579
25 27 99 -0.732
32 4 82 -0.723
14 37 146 0.397
15 31 144 0.321
30 19 79 -0.688
40 16 84 -0.558
15 35 149 -0.534
34 21 59 -0.750
17 37 68 0.720
25 29 23 1.053
41 2 11 -0.669
40 5 127 -0.737
15 29 66 0.412
11 32 142 -0.497
11 35 30 2.945
31 17 40 -0.072
18 28 139 -0.383
19 31 140 0.021
41 13 123 -0.745
16 22 34 2.430
14 37 67 0.656
13 36 109 -0.598
34 22 94 -0.733
35 20 41 0.021
18 25 141 -0.229
37 9 56 -0.622
13 36 68 -0.381
41 11 47 -0.261
39 0 12 -0.673
12 36 70 2.065
28 29 21 -0.629
21 27 25 1.841
22 20 3 0.316
37 8 50 -0.740
32 24 43 -0.300
24 28 23 0.232
22 26 26 -0.237
19 25 27 3.278
24 30 25 -0.266
20 27 137 -0.580
35 26 20 -0.338
38 13 123 -0.461
13 39 35 1.950
14 32 148 -0.683
23 23 26 0.164
34 22 97 -0.354
14 27 145 0.050
31 13 81 -0.275
38 12 123 -0.729
32 14 97 -0.470
18 26 75 2.092
31 18 118 0.290
13 38 139 -0.686
39 8 15 -0.041
27 19 97 -0.706
18 34 73 0.209
37 11 85 -0.626
40 6 84 -0.140
34 23 19 -0.415
16 34 143 -0.011
26 21 61 -0.027
17 19 73 1.015
27 32 134 -0.750
29 20 61 -0.419
31 26 57 -0.520
16 33 112 -0.359
45 17 51 -0.697
13 36 104 -0.529
39 11 49 -0.611
36 14 45 -0.222
31 16 120 -0.729
17 31 138 -0.179
31 19 80 -0.506
15 31 142 0.595
15 31 32 5.514
38 17 87 -0.529
12 24 146 1.526
13 32 148 -0.730
28 18 39 0.413
23 25 114 1.892
34 18 19 -0.709
39 18 122 -0.455
40 4 14 -0.605
41 13 92 -0.611
18 34 149 -0.490
31 16 7 0.357
33 18 43 0.074
14 31 33 1.657
12 32 146 1.362
17 31 113 -0.432
42 5 17 -0.549
17 25 28 0.931
38 8 16 -0.685
42 12 91 -0.394
22 19 27 0.345
14 31 68 0.579
42 10 127 -0.741
29 20 115 0.085
41 12 91 -0.700
38 11 43 0.158
35 18 121 0.104
15 37 144 0.385
16 34 105 0.207
27 31 23 -0.358
23 26 5 -0.232
32 19 117 -0.695
12 39 71 0.283
12 29 72 1.904
42 11 121 0.377
14 36 68 2.414
14 37 72 0.152
41 14 46 0.366
21 18 138 -0.538
20 26 139 0.039
33 17 42 0.315
22 29 113 0.262
34 14 133 -0.553
15 33 72 -0.398
42 11 129 -0.627
31 16 77 -0.353
30 13 77 0.642
17 29 143 -0.334
29 20 79 -0.729
13 40 29 0.158
11 38 109 -0.443
36 22 6 0.228
24 26 24 0.648
35 16 81 -0.536
25 28 4 -0.616
37 18 87 -0.263
24 26 62 -0.611
30 18 116 -0.148
35 7 8 0.027
36 10 121 -0.384
31 19 120 -0.743
25 31 23 1.332
39 12 53 -0.622
39 4 14 -0.660
25 19 99 -0.692
37 8 85 -0.744
35 23 19 -0.331
34 19 9 0.974
27 20 76 -0.534
30 29 60 -0.358
28 25 59 -0.571
9 35 107 -0.380
29 19 40 1.435
42 12 53 -0.649
34 9 81 -0.672
18 27 113 -0.186
23 23 3 -0.241
31 17 118 -0.425
31 23 40 2.015
30 18 22 -0.543
38 10 54 -0.368
38 8 48 -0.525
31 22 80 -0.541
29 21 41 -0.354
21 28 63 -0.472
37 4 14 -0.672
42 16 88 -0.712
10 32 109 1.893
27 19 98 -0.612
30 24 134 -0.583
29 35 60 -0.682
12 30 140 -0.396
39 12 87 -0.472
24 28 100 -0.373
40 7 86 -0.678
38 16 87 -0.091
12 37 67 0.205
20 40 64 -0.059
41 14 49 -0.694
39 10 47 -0.411
22 32 78 -0.711
25 21 61 -0.040
14 39 74 -0.420
40 16 10 0.788
42 7 51 -0.701
31 22 118 -0.631
12 42 109 -0.553
38 13 132 -0.583
21 26 1 3.200
27 25 44 -0.586
39 11 88 -0.716
29 28 41 0.882
41 15 52 -0.615
41 3 12 -0.470
19 28 100 -0.748
16 34 37 1.212
37 18 56 -0.676
33 22 134 -0.728
18 24 69 0.661
37 20 6 1.587
31 21 42 -0.190
41 11 51 -0.721
37 11 18 -0.167
28 31 25 -0.127
13 34 66 1.417
23 19 63 -0.031
40 12 86 -0.683
21 21 0 3.898
31 19 77 -0.264
20 23 0 0.375
30 21 61 -0.520
13 36 72 2.871
25 18 76 1.507
30 18 43 -0.447
27 29 59 -0.437
34 9 9 2.067
11 26 67 -0.750
36 12 49 -0.682
25 32 23 -0.230
38 16 127 -0.650
14 32 74 -0.356
13 25 141 -0.106
8 40 145 -0.237
39 15 92 -0.750
32 19 42 -0.104
17 22 74 -0.453
20 18 139 -0.084
45 2 88 -0.709
42 15 10 0.847
16 27 75 1.069
29 23 21 -0.568
26 18 61 -0.142
27 25 59 -0.586
15 33 142 -0.185
34 4 82 -0.482
12 37 70 1.022
39 6 89 -0.651
31 15 117 -0.618
13 17 34 1.772
42 13 51 -0.407
43 14 125 -0.750
33 20 43 0.223
39 11 84 0.648
39 14 123 -0.524
15 34 66 0.480
23 21 63 -0.705
29 13 116 -0.427
38 11 13 -0.527
40 5 84 -0.281
30 24 98 -0.297
28 19 118 -0.548
15 28 145 0.353
33 19 97 -0.249
11 36 68 0.271
40 7 87 -0.502
39 13 123 -0.718
17 28 140 0.693
24 29 24 -0.024
24 19 99 -0.649
35 25 95 -0.701
38 16 90 -0.750
39 9 90 -0.750
37 8 129 -0.747
39 13 12 -0.695
33 11 9 -0.680
41 14 48 -0.524
33 13 9 -0.546
38 6 91 -0.672
35 14 41 0.028
13 28 68 2.460
41 10 13 -0.689
25 27 61 -0.071
37 16 131 -0.648
27 22 5 1.265
14 32 68 0.518
32 19 59 -0.491
9 29 109 0.168
41 8 88 -0.689
20 26 73 0.176
43 9 91 -0.750
32 25 43 -0.552
26 22 39 -0.329
36 17 83 -0.143
27 15 115 -0.318
41 12 84 -0.176
24 15 76 0.715
42 12 50 -0.545
37 5 87 -0.746
18 26 112 -0.405
29 30 96 -0.732
40 11 129 -0.742
21 36 64 -0.171
35 18 56 -0.631
40 10 83 0.051
22 21 63 -0.738
18 23 28 1.252
8 38 102 -0.243
20 20 75 0.232
37 23 19 0.126
33 20 97 -0.542
28 25 60 -0.168
38 5 85 -0.702
22 33 137 -0.750
21 32 38 -0.526
13 21 33 6.795
17 30 29 -0.273
7 35 35 0.338
30 27 98 -0.562
26 31 79 -0.678
36 21 56 -0.687
29 28 59 -0.727
30 17 61 -0.195
15 29 33 3.557
28 26 21 -0.443
36 9 47 -0.491
41 13 16 -0.513
37 11 84 -0.657
38 15 122 -0.727
16 29 105 0.324
25 29 115 -0.723
14 28 104 -0.076
26 31 25 -0.040
36 22 130 -0.750
24 24 99 -0.698
15 30 142 -0.299
19 34 73 0.288
34 24 132 -0.742
17 29 148 -0.152
22 37 100 -0.510
12 27 107 0.476
19 29 147 -0.464
40 8 54 -0.750
41 9 15 -0.675
41 9 88 -0.669
33 18 91 -0.750
19 17 31 0.562
12 29 29 -0.385
15 35 0 1.222
35 13 82 -0.508
36 10 83 -0.705
24 21 99 -0.748
40 8 16 -0.182
43 15 53 -0.719
37 22 6 1.408
15 32 145 0.038
38 18 17 -0.553
38 15 91 -0.686
39 13 18 -0.711
14 31 147 1.324
29 27 39 -0.203
40 10 52 -0.630
34 18 8 -0.118
32 22 59 -0.476
11 36 110 -0.596
37 7 45 -0.336
35 13 56 -0.684
34 17 132 -0.750
40 4 12 -0.636
34 16 79 0.654
26 26 79 -0.689
14 35 106 0.305
24 30 115 -0.739
33 26 58 -0.572
30 21 98 0.005
16 32 106 -0.401
17 28 104 0.049
15 33 68 0.435
13 42 32 0.164
12 33 147 0.519
31 20 21 -0.583
40 10 16 -0.585
24 30 99 -0.708
18 26 64 1.168
31 17 120 -0.742
41 10 11 0.108
13 35 142 -0.405
21 36 78 -0.728
40 7 89 -0.745
20 26 75 0.505
25 32 77 0.689
12 37 30 3.716
40 5 13 -0.581
12 37 66 2.355
14 23 107 0.253
37 7 131 -0.710
35 12 48 -0.736
42 7 15 -0.456
42 18 46 0.355
35 19 96 -0.666
27 31 62 -0.704
18 29 27 0.325
25 23 61 -0.575
13 28 71 1.624
29 27 59 -0.743
37 13 89 -0.750
32 25 58 -0.561
41 17 55 -0.322
41 16 125 -0.525
19 35 64 0.320
42 7 90 -0.750
19 30 64 0.656
12 36 142 -0.438
36 18 80 -0.582
13 33 66 -0.005
13 24 146 2.429
27 23 44 -0.748
20 31 64 0.250
23 28 25 -0.272
6 32 108 -0.402
40 6 11 -0.680
10 38 32 2.507
31 18 5 0.529
38 10 16 -0.134
30 23 94 -0.750
33 13 121 -0.289
38 7 12 -0.220
28 21 44 -0.608
14 25 141 -0.325
26 14 5 0.113
16 33 74 1.981
16 34 100 -0.738
19 21 2 1.030
32 17 77 -0.370
24 24 136 -0.702
35 5 11 -0.576
26 31 23 -0.587
31 17 94 -0.750
40 13 86 -0.176
13 33 32 3.423
31 17 21 0.607
30 10 117 -0.529
13 33 107 0.610
21 19 63 0.298
13 31 141 0.165
25 28 136 -0.748
35 24 119 -0.697
34 19 81 -0.120
26 18 4 -0.033
36 19 94 -0.649
15 33 148 0.256
13 32 149 -0.402
19 30 38 2.049
31 5 79 -0.348
25 26 4 -0.680
28 21 77 -0.562
36 18 87 -0.515
27 20 59 -0.713
32 21 9 -0.692
28 16 59 -0.636
35 16 58 -0.547
28 21 117 -0.736
28 26 79 -0.225
14 38 71 -0.129
39 11 10 0.451
13 37 32 1.808
41 10 18 -0.566
40 10 84 -0.019
42 12 16 -0.476
38 20 122 -0.525
42 9 15 -0.556
40 16 11 -0.254
29 30 135 -0.750
40 7 11 -0.499
42 17 128 -0.696
13 38 102 -0.738
35 22 19 -0.216
30 11 79 -0.595
35 14 54 -0.750
18 33 100 -0.643
15 20 69 3.378
14 28 142 0.318
16 33 113 -0.720
42 14 50 -0.665
35 19 10 -0.378
38 9 9 0.533
35 13 87 -0.545
42 10 90 -0.725
39 15 91 -0.730
36 24 132 -0.749
32 21 98 -0.745
38 10 8 2.517
13 35 149 -0.234
15 37 33 3.089
43 11 90 -0.637
32 21 43 -0.574
12 41 30 1.116
15 33 140 0.010
24 22 63 -0.679
29 17 22 0.625
29 16 40 1.000
12 27 35 3.381
14 36 144 -0.391
34 13 10 -0.487
11 34 69 0.127
28 22 44 -0.668
20 24 3 0.236
26 27 114 0.440
20 22 76 0.639
13 41 66 0.264
30 15 5 1.421
32 18 133 -0.433
19 33 1 0.662
14 32 34 0.125
13 33 69 1.107
44 11 124 -0.737
36 14 47 -0.504
27 20 98 -0.711
43 7 14 -0.348
25 19 62 -0.534
38 7 13 -0.695
21 34 137 -0.408
37 12 84 -0.690
15 33 144 0.096
24 34 77 -0.630
41 7 16 -0.528
35 13 86 -0.688
42 6 53 -0.734
39 8 125 -0.750
27 17 118 -0.635
23 34 25 -0.474
26 23 100 -0.085
41 21 55 -0.693
19 15 75 -0.339
38 8 125 -0.749
12 32 70 1.233
21 28 25 0.609
35 14 134 -0.743
23 21 139 -0.263
22 29 2 -0.647
34 15 83 -0.575
33 18 19 -0.209
37 20 91 -0.750
9 31 108 -0.318
38 13 49 -0.264
37 12 53 -0.598
41 13 54 -0.724
24 23 149 -0.547
36 19 7 0.795
14 31 27 -0.276
26 20 61 -0.450
11 37 106 -0.042
14 25 144 -0.465
34 14 8 1.110
38 17 128 -0.750
19 27 0 2.372
36 15 46 -0.698
24 23 82 -0.541
36 13 10 -0.445
31 15 116 -0.609
19 32 65 1.482
11 41 30 0.135
13 35 33 1.301
39 15 83 0.130
37 10 13 -0.690
38 12 86 -0.311
35 9 85 -0.609
35 6 82 0.169
39 18 94 -0.750
26 25 62 -0.408
39 5 121 -0.744
36 17 80 -0.495
33 26 133 -0.573
13 39 111 -0.583
41 15 18 -0.403
20 15 149 0.694
21 32 101 -0.568
37 10 130 -0.747
16 26 29 -0.277
32 21 42 -0.286
24 22 77 -0.204
38 13 13 -0.489
13 36 149 -0.134
33 5 45 -0.595
43 14 128 -0.735
40 15 49 -0.727
16 33 140 -0.695
41 7 124 -0.734
36 15 45 0.188
29 22 61 0.213
21 29 138 -0.611
44 14 51 -0.671
40 16 17 -0.439
38 14 7 -0.129
10 28 102 0.004
42 20 125 -0.695
25 17 38 1.985
17 35 112 -0.175
39 12 17 -0.602
28 12 82 -0.745
35 17 11 -0.683
22 25 38 -0.247
20 25 26 0.669
42 7 46 -0.180
10 40 107 -0.422
25 30 25 0.219
16 29 66 0.808
13 35 30 1.178
12 28 143 0.619
16 31 37 1.259
35 10 48 -0.628
14 35 142 -0.301
13 41 140 -0.481
35 18 47 -0.472
17 28 72 1.935
25 27 79 0.281
27 21 39 1.473
14 31 34 0.831
15 36 29 1.719
12 36 30 2.689
34 18 80 -0.492
20 25 28 2.049
38 9 86 -0.392
4 42 108 -0.700
19 28 33 0.198
12 33 69 1.518
30 27 97 -0.680
36 9 45 -0.387
37 13 45 0.068
16 30 111 -0.297
33 23 59 -0.739
30 26 21 -0.573
4 43 108 -0.610
12 32 67 0.927
40 9 54 -0.718
31 24 58 -0.707
43 13 91 -0.707
27 16 4 0.878
15 35 68 0.482
44 8 126 -0.659
20 26 138 -0.122
34 7 121 -0.729
43 10 46 0.643
42 7 52 -0.732
30 24 118 0.697
39 9 11 -0.372
12 29 67 0.494
31 17 5 0.331
12 36 69 1.938
40 20 54 -0.576
38 23 56 -0.430
43 7 17 -0.541
39 10 123 -0.693
13 35 29 0.749
39 15 123 -0.678
38 24 130 -0.749
12 34 109 2.392
14 38 143 -0.415
24 23 4 -0.530
42 8 88 -0.510
40 8 17 -0.695
8 32 146 -0.453
28 22 136 -0.673
41 12 127 -0.739
41 11 48 -0.702
21 30 138 -0.671
15 32 143 -0.169
18 25 139 0.221
29 24 23 -0.211
23 26 78 -0.387
26 16 82 -0.747
37 20 56 -0.547
12 32 72 2.064
18 30 73 -0.317
23 33 115 -0.560
33 11 84 -0.482
33 20 7 0.781
29 21 136 -0.693
22 25 39 0.123
31 28 22 -0.584
41 7 12 -0.085
39 17 122 -0.339
33 16 9 -0.359
18 37 73 -0.020
29 21 134 -0.630
17 30 26 0.601
16 24 74 -0.260
21 23 27 0.087
38 19 56 -0.179
42 4 15 -0.682
32 15 6 1.069
31 17 97 -0.738
22 15 1 -0.064
16 21 113 0.470
38 14 122 0.283
35 18 132 -0.750
40 14 87 -0.362
15 32 36 3.779
25 22 62 -0.750
16 27 140 0.423
22 23 27 0.953
44 17 128 -0.678
12 34 112 -0.475
31 17 80 -0.623
13 30 141 0.163
38 8 12 -0.131
20 22 1 3.050
35 11 48 -0.638
21 30 113 -0.314
30 25 41 0.108
25 30 4 -0.673
34 14 124 -0.747
28 18 116 0.014
13 29 36 6.410
39 8 91 -0.725
30 19 115 0.275
17 24 73 4.115
33 21 58 -0.448
11 36 140 -0.691
38 14 84 -0.501
12 37 145 -0.289
23 23 25 0.256
36 11 89 -0.719
31 14 80 -0.570
14 39 148 0.654
37 15 17 -0.431
35 11 120 -0.750
23 13 3 0.833
36 10 9 0.214
40 14 45 0.360
40 15 86 0.147
41 9 90 -0.651
26 25 78 -0.670
34 17 57 -0.101
17 33 111 -0.170
26 19 22 -0.368
24 21 98 -0.629
42 8 17 -0.658
10 31 35 1.412
38 13 18 -0.449
14 26 145 0.491
27 25 76 -0.508
20 23 3 0.414
19 39 138 -0.470
36 12 121 -0.750
15 36 36 3.119
24 33 23 0.233
36 9 7 -0.212
39 10 131 -0.743
27 18 61 -0.471
19 25 38 1.797
12 31 72 1.860
32 23 81 -0.636
18 21 27 -0.416
40 12 125 -0.737
35 11 119 -0.120
19 25 0 2.344
15 30 67 0.794
40 15 130 -0.709
34 14 43 0.382
13 33 70 1.781
44 12 128 -0.750
42 12 14 -0.569
17 31 144 0.715
37 5 123 -0.678
38 13 57 -0.591
13 31 111 -0.695
32 30 22 -0.750
40 12 50 -0.658
29 22 135 -0.736
21 19 112 0.164
17 24 31 0.580
42 15 86 -0.732
13 32 36 2.376
35 16 122 -0.750
19 27 3 -0.672
36 17 18 -0.529
36 24 120 0.098
36 21 94 -0.728
32 17 10 -0.390
16 35 109 -0.316
16 24 68 2.147
30 23 58 -0.650
6 34 108 -0.618
24 17 5 -0.488
32 20 6 1.129
34 23 133 -0.750
24 24 3 -0.517
25 22 76 -0.045
39 10 91 -0.693
16 35 100 -0.738
37 7 13 -0.631
23 37 77 0.880
23 26 139 -0.216
33 18 42 0.383
20 19 2 0.662
9 35 35 1.635
25 32 99 -0.482
14 20 34 1.784
33 11 117 -0.631
41 15 87 -0.750
29 21 117 -0.706
15 33 103 0.446
30 22 23 -0.458
39 18 131 -0.738
42 9 16 -0.487
32 21 116 -0.585
38 16 84 -0.632
43 8 52 -0.527
15 31 110 -0.445
35 20 81 -0.244
18 33 37 0.054
39 11 52 -0.540
25 31 24 -0.604
19 38 63 -0.136
39 10 45 -0.309
30 11 44 1.160
40 5 126 -0.709
34 9 47 -0.489
26 26 60 -0.743
37 7 18 -0.566
26 20 97 -0.622
15 37 0 1.075
39 11 53 -0.481
15 34 67 0.438
41 10 47 -0.536
41 15 129 -0.750
35 9 80 -0.346
9 40 109 0.694
23 17 118 -0.335
20 24 1 3.582
25 24 116 -0.453
42 18 130 -0.750
18 33 104 -0.507
30 19 5 -0.352
25 30 23 0.215
28 25 39 0.064
15 32 148 -0.552
42 8 50 -0.164
25 26 79 -0.720
32 16 5 1.308
25 22 135 -0.550
16 39 36 2.793
32 27 80 -0.379
39 3 131 -0.740
33 5 8 -0.428
23 26 135 -0.729
39 6 12 -0.309
13 20 34 3.483
42 9 52 -0.711
33 15 42 0.180
31 21 57 -0.657
17 40 137 -0.337
39 19 88 -0.505
39 16 92 -0.724
12 32 33 4.718
30 9 79 0.034
24 17 137 -0.713
27 23 42 -0.104
27 19 115 -0.604
30 21 58 -0.626
13 34 148 -0.698
33 19 134 -0.610
26 22 61 0.023
36 15 18 -0.526
24 31 62 -0.377
14 25 71 3.258
16 25 110 2.102
15 33 110 -0.688
26 19 39 3.115
12 35 102 1.610
37 10 47 -0.679
33 8 123 -0.750
29 19 23 -0.352
26 29 23 -0.544
34 20 6 0.472
21 34 64 -0.170
36 10 119 -0.040
18 26 28 1.698
33 23 133 -0.506
39 11 18 -0.629
35 21 132 -0.729
25 22 39 3.810
37 19 131 -0.731
11 38 145 -0.319
34 24 7 0.602
24 26 25 0.484
20 32 26 -0.237
14 37 109 -0.566
24 27 26 1.879
18 32 1 2.347
23 24 112 0.617
39 13 53 -0.451
22 31 137 -0.750
31 15 81 -0.692
28 15 118 -0.717
12 39 105 0.291
24 17 2 0.327
17 25 73 2.304
10 37 30 0.447
35 9 47 -0.415
24 21 62 -0.743
15 27 66 -0.163
11 23 107 -0.147
20 29 2 1.221
31 24 60 -0.267
19 34 64 0.462
37 2 131 -0.709
22 32 0 0.661
11 34 70 1.119
39 15 126 -0.624
33 21 134 -0.654
36 14 6 -0.695
43 7 50 -0.501
29 24 59 -0.750
14 35 147 0.055
18 33 27 0.137
40 8 51 -0.584
41 12 18 -0.380
42 10 91 -0.750
24 28 0 0.439
17 36 68 2.176
40 11 50 -0.207
18 27 65 -0.281
13 25 106 -0.111
17 42 137 -0.688
31 10 4 -0.131
37 17 122 -0.472
14 32 71 -0.135
36 19 130 -0.750
35 16 19 -0.662
42 9 88 -0.726
34 16 43 0.365
16 29 34 1.649
15 28 105 0.226
16 23 103 -0.684
33 1 82 -0.682
38 14 126 -0.686
16 29 140 -0.682
40 4 46 -0.709
40 14 131 -0.732
19 30 140 -0.158
32 18 44 -0.002
19 35 1 -0.165
36 19 122 -0.750
17 25 74 -0.261
16 34 72 -0.035
34 11 47 -0.203
37 14 45 0.316
35 13 126 -0.740
36 7 7 0.520
19 21 28 3.196
25 24 98 -0.514
44 9 52 -0.659
42 7 53 -0.729
14 32 110 -0.532
39 9 127 -0.750
42 8 53 -0.662
41 8 126 -0.725
33 12 119 -0.629
33 9 84 -0.684
39 12 92 -0.641
34 17 82 -0.741
32 22 42 0.672
35 20 118 -0.176
19 24 26 3.615
27 24 136 -0.458
12 31 106 -0.301
23 16 1 2.367
12 34 35 1.176
37 11 132 -0.649
16 37 142 -0.372
12 22 67 1.552
35 25 132 -0.694
17 26 143 -0.643
13 37 35 2.187
25 24 135 -0.604
43 15 49 -0.316
39 5 45 -0.556
5 44 108 -0.495
12 38 104 0.046
25 31 60 -0.497
11 39 30 3.530
18 18 31 0.860
36 6 84 -0.543
35 15 8 0.986
28 31 99 -0.676
28 29 59 -0.650
34 9 121 -0.728
19 35 148 0.685
34 25 57 -0.597
22 22 26 -0.319
27 32 62 -0.723
38 17 85 -0.741
27 27 135 -0.682
44 5 126 -0.524
21 28 75 0.448
35 14 131 -0.750
15 22 29 0.371
17 33 29 0.014
23 25 100 -0.391
30 19 118 0.470
16 36 75 -0.153
24 25 100 -0.017
34 16 54 -0.750
12 29 66 2.908
29 24 42 -0.430
20 29 101 -0.563
12 33 103 -0.515
10 30 65 -0.636
34 17 10 -0.695
17 37 67 0.884
18 38 148 0.514
30 25 97 -0.368
27 22 60 -0.441
36 5 118 -0.037
12 25 71 2.707
