22 29 24 -0.382
18 32 112 -0.226
14 33 105 0.314
19 25 148 0.496
36 22 19 -0.143
23 25 63 -0.300
41 4 15 -0.692
34 16 81 -0.354
13 30 110 -0.537
36 17 18 -0.529
24 21 98 -0.629
13 31 111 -0.695
29 23 98 -0.013
42 14 50 -0.665
37 4 13 -0.673
20 29 137 -0.633
32 19 79 0.924
40 13 86 -0.176
9 38 35 0.781
13 26 70 -0.209
18 32 101 -0.486
31 10 4 -0.131
23 25 39 -0.136
16 28 27 -0.143
13 28 29 -0.164
25 15 78 -0.724
40 15 88 -0.316
30 12 115 -0.541
43 11 16 -0.300
17 33 111 -0.170
38 8 15 -0.386
32 15 6 1.069
39 11 52 -0.540
18 31 37 0.003
37 20 130 -0.750
34 12 7 1.421
27 23 62 -0.591
28 23 76 -0.390
11 35 143 0.144
37 12 53 -0.598
37 8 14 -0.387
32 22 95 -0.313
31 20 44 0.072
20 23 3 0.414
22 12 78 -0.727
18 37 148 0.653
17 35 68 2.685
35 24 7 1.387
34 18 119 -0.741
37 8 85 -0.744
10 29 72 0.365
33 18 134 -0.536
24 29 26 0.897
39 9 56 -0.504
17 40 137 -0.337
13 35 35 2.074
38 10 48 -0.608
26 28 58 -0.741
26 20 3 1.451
16 26 65 0.149
19 21 74 -0.109
14 20 107 0.589
25 24 98 -0.514
39 12 54 -0.590
12 36 146 -0.204
41 14 46 0.366
38 19 92 -0.720
15 32 33 2.080
39 11 54 -0.477
12 33 143 0.279
41 21 55 -0.693
33 14 9 -0.176
37 3 13 -0.695
17 25 112 0.274
14 29 144 0.071
24 19 63 -0.536
11 32 142 -0.497
14 36 112 -0.602
14 31 27 -0.276
42 16 53 -0.719
35 17 43 0.433
17 21 73 1.114
16 32 142 -0.126
21 17 138 -0.643
16 27 65 0.288
37 7 131 -0.710
39 5 121 -0.744
14 27 144 -0.502
15 32 110 -0.538
28 14 117 -0.750
14 30 103 -0.554
26 22 39 -0.329
32 17 117 -0.747
13 38 104 -0.347
36 20 6 1.207
17 30 64 1.868
27 21 26 0.787
26 30 136 -0.726
28 18 39 0.413
35 16 58 -0.547
34 17 96 -0.700
39 12 92 -0.641
9 43 105 0.218
38 14 90 -0.750
10 43 109 -0.579
21 29 149 -0.263
24 21 24 0.492
32 17 77 -0.370
40 18 11 -0.370
40 5 14 -0.661
34 15 118 -0.312
28 27 135 -0.673
43 9 124 -0.669
26 27 41 -0.477
18 24 110 1.453
16 37 68 0.618
31 20 116 -0.596
21 30 26 -0.229
21 34 137 -0.408
25 31 23 1.332
36 17 45 0.435
29 18 117 -0.464
39 1 12 -0.664
33 20 43 0.223
18 21 31 0.642
32 16 97 -0.693
42 6 12 -0.442
11 21 31 2.747
23 29 24 -0.508
34 23 57 -0.548
12 35 102 1.610
24 16 4 -0.231
13 28 74 -0.704
12 31 72 1.860
31 24 58 -0.707
17 22 31 1.843
26 33 59 -0.438
40 11 89 -0.734
27 30 40 -0.495
15 34 66 0.480
31 16 42 -0.475
11 34 65 -0.491
17 27 65 0.731
16 25 70 1.302
36 23 121 -0.456
41 7 50 -0.414
42 10 49 -0.468
25 20 116 -0.427
15 33 67 2.413
28 18 42 0.262
38 17 121 -0.369
27 16 4 0.878
19 20 31 0.551
13 30 31 1.653
38 13 55 -0.742
32 18 10 -0.594
14 40 147 -0.081
17 22 73 2.392
16 39 103 0.695
34 25 119 -0.688
38 14 48 -0.326
25 15 3 1.433
16 23 141 0.102
20 32 137 -0.577
37 9 85 -0.127
23 37 62 -0.197
38 8 129 -0.728
23 29 25 -0.037
37 16 132 -0.692
41 12 127 -0.739
16 28 141 0.597
15 27 68 2.019
41 5 12 -0.118
25 20 3 1.440
33 23 59 -0.739
38 9 51 -0.750
39 7 91 -0.653
30 8 117 -0.588
27 23 41 -0.368
23 33 137 -0.556
39 17 17 -0.559
18 26 141 0.287
30 23 58 -0.650
40 14 130 -0.724
30 25 115 -0.607
35 16 8 1.627
21 29 38 -0.172
29 21 39 -0.084
17 35 111 -0.517
33 10 123 -0.731
41 15 18 -0.403
12 37 32 1.677
16 23 33 5.507
17 30 26 0.601
13 28 68 2.460
16 28 74 -0.259
40 8 127 -0.750
42 11 88 -0.381
20 19 110 0.854
26 26 62 -0.054
28 28 60 -0.738
10 36 109 0.307
37 15 17 -0.431
19 19 2 0.652
34 20 81 -0.115
17 26 28 1.592
26 13 4 0.617
10 29 65 0.128
32 19 6 0.232
38 16 83 0.076
9 42 109 -0.083
22 37 23 -0.707
38 13 123 -0.461
31 21 97 -0.247
30 27 60 -0.327
19 28 37 0.783
17 29 103 -0.184
31 11 44 -0.463
32 24 42 1.319
28 15 117 -0.209
41 7 46 -0.352
37 11 89 -0.750
27 16 59 -0.738
37 14 131 -0.704
22 27 4 -0.661
38 20 91 -0.693
26 26 60 -0.743
9 39 107 -0.570
37 18 133 -0.695
34 9 8 -0.202
32 21 134 -0.273
29 24 115 -0.604
12 30 105 -0.211
29 24 61 0.405
39 6 16 -0.405
26 26 25 0.357
20 24 75 -0.314
16 24 140 0.671
20 31 137 -0.615
11 24 69 3.235
18 32 1 2.347
42 5 12 -0.668
38 17 56 -0.192
25 32 77 0.689
16 29 32 0.939
19 28 26 1.641
35 25 94 -0.688
22 37 78 -0.649
14 36 110 -0.507
14 33 103 1.396
23 33 78 -0.604
41 5 90 -0.744
31 0 82 -0.748
20 19 149 0.389
42 14 92 -0.248
32 15 5 0.837
14 33 30 0.401
10 36 146 -0.442
27 19 97 -0.706
14 36 144 -0.391
28 24 77 -0.593
38 21 84 -0.565
19 36 63 -0.013
13 23 69 3.841
18 18 110 0.550
36 14 57 -0.701
39 13 9 0.512
18 25 63 -0.345
44 5 126 -0.524
39 12 85 -0.289
24 27 25 -0.033
13 35 32 3.368
31 21 6 0.078
26 29 39 0.410
34 13 82 -0.607
21 29 101 0.073
15 36 140 0.521
32 16 9 -0.662
31 27 43 -0.538
15 33 110 -0.688
27 28 23 -0.402
38 11 93 -0.750
13 27 31 1.245
26 22 79 -0.452
27 23 117 0.203
40 14 53 -0.577
16 31 112 -0.022
23 27 139 -0.661
31 16 117 -0.390
15 30 36 1.827
13 42 70 1.367
8 36 146 -0.652
15 33 69 -0.072
9 30 35 1.549
31 17 116 -0.344
22 16 1 -0.325
37 8 129 -0.747
13 39 147 0.137
18 30 68 0.617
18 22 64 1.827
37 1 46 -0.659
37 17 56 -0.152
43 9 125 -0.717
16 21 74 0.353
29 14 117 -0.733
37 9 50 -0.750
19 30 38 2.049
13 30 34 1.687
38 11 15 0.378
26 31 79 -0.678
17 30 143 -0.508
37 18 17 -0.742
34 11 124 -0.750
38 14 121 -0.323
38 16 122 -0.593
25 26 60 -0.513
23 16 0 4.026
40 13 52 -0.440
36 11 123 -0.750
38 17 8 0.444
36 7 130 -0.750
36 17 83 -0.143
18 17 138 -0.628
22 20 0 0.822
40 6 12 -0.529
23 31 26 1.942
17 21 2 -0.113
22 24 3 -0.347
38 16 132 -0.672
40 8 51 -0.584
12 28 105 -0.260
9 42 146 0.066
31 21 21 -0.356
13 40 142 -0.279
15 27 70 0.799
25 32 79 -0.692
33 11 20 -0.754
23 19 112 0.197
15 38 143 -0.038
16 22 28 2.351
33 10 44 -0.589
23 32 26 0.157
36 12 10 0.396
26 25 137 -0.726
16 33 147 -0.320
40 10 87 -0.220
33 20 7 0.781
21 33 137 -0.562
42 9 128 -0.745
13 36 30 0.687
13 35 33 1.301
17 28 144 -0.234
40 3 123 -0.723
42 8 52 -0.647
22 31 138 -0.641
16 21 73 1.344
42 15 88 -0.202
23 26 4 -0.623
26 27 100 0.014
23 24 4 -0.367
11 41 72 0.683
19 26 75 1.536
37 10 45 -0.156
13 32 148 -0.730
32 23 6 0.484
33 10 80 -0.180
26 30 23 -0.686
26 29 137 -0.750
39 11 130 -0.712
24 30 63 0.574
28 17 80 -0.720
36 15 131 -0.714
41 16 91 -0.750
17 31 36 3.430
25 21 39 3.495
15 25 103 1.672
12 35 66 -0.107
17 36 0 -0.430
16 24 31 3.827
34 24 57 -0.599
38 16 10 1.371
29 13 118 -0.718
31 19 5 1.513
40 13 87 -0.125
40 8 12 -0.695
11 30 30 2.517
39 10 16 -0.548
40 12 128 -0.727
29 12 44 0.168
30 20 116 0.057
30 15 40 0.405
31 28 22 -0.584
30 22 21 -0.550
27 9 119 -0.744
32 14 10 -0.671
12 31 71 1.321
34 17 6 0.436
31 22 133 -0.702
39 13 49 -0.381
36 19 8 1.012
41 17 128 -0.742
12 38 147 0.816
24 23 114 1.443
34 9 121 -0.728
31 16 79 0.221
38 11 56 -0.600
27 18 5 1.994
40 17 11 -0.206
31 27 59 -0.726
34 17 83 -0.182
10 29 67 0.643
13 32 140 0.105
13 30 103 0.731
15 30 27 -0.084
37 10 50 -0.682
36 13 87 -0.508
14 27 74 -0.692
40 13 11 -0.482
40 15 85 0.136
42 17 91 -0.714
23 25 100 -0.391
31 28 58 -0.658
37 14 45 0.316
34 23 133 -0.750
29 9 4 1.724
11 40 65 -0.507
38 16 8 0.525
18 27 37 2.947
40 10 129 -0.737
16 37 112 -0.150
18 26 26 -0.564
36 9 48 -0.673
21 17 68 1.018
19 26 31 0.605
23 33 115 -0.560
17 32 64 0.437
25 29 24 -0.476
30 26 23 -0.532
37 16 45 0.817
16 33 112 -0.359
12 29 67 0.494
39 10 54 -0.592
20 27 111 -0.545
13 41 72 0.146
25 27 5 0.047
20 26 65 -0.145
30 20 96 -0.746
35 17 10 -0.513
11 27 105 -0.453
20 27 149 -0.254
28 16 59 -0.636
13 22 106 0.228
19 28 33 0.198
18 29 64 0.659
27 22 79 -0.266
13 37 109 -0.134
33 19 119 -0.430
30 29 94 -0.742
32 21 97 -0.127
40 14 129 -0.750
18 23 28 1.252
31 17 81 -0.339
33 5 85 -0.593
13 36 106 -0.362
16 27 72 1.219
11 20 69 1.587
37 11 48 -0.547
41 10 13 -0.689
16 35 106 -0.090
41 7 14 -0.562
29 15 22 -0.243
35 15 95 -0.314
41 9 14 -0.607
34 9 47 -0.489
37 14 87 -0.522
41 2 12 -0.394
37 20 122 -0.561
18 26 112 -0.405
39 14 93 -0.744
18 22 147 2.140
20 22 0 3.977
20 25 38 3.417
39 17 94 -0.746
12 40 105 0.732
14 32 74 -0.356
13 34 148 -0.698
38 12 121 -0.409
37 15 55 -0.741
27 32 62 -0.723
26 20 98 -0.574
31 22 94 -0.726
29 19 23 -0.352
13 32 70 1.845
11 21 105 -0.391
34 9 119 -0.490
35 14 133 -0.691
21 33 23 -0.284
24 27 27 -0.222
12 38 70 2.473
30 19 41 0.381
23 23 24 0.545
24 10 0 2.391
42 7 50 -0.412
18 19 34 0.714
40 12 125 -0.737
37 16 46 -0.668
27 25 78 -0.672
30 23 97 -0.728
31 19 96 -0.750
17 23 73 1.830
38 13 51 -0.661
16 32 103 0.620
13 25 141 -0.106
10 38 30 1.362
12 35 147 1.113
11 33 109 0.731
10 32 145 -0.662
40 13 54 -0.624
37 15 46 -0.740
32 13 118 -0.200
41 12 48 -0.404
39 10 11 -0.446
33 1 7 -0.466
30 25 23 -0.152
26 15 4 -0.075
38 9 84 -0.306
42 3 12 -0.376
24 21 62 -0.743
21 30 64 0.052
11 37 104 0.396
19 24 64 -0.271
14 32 143 -0.475
24 15 97 -0.747
9 34 102 -0.175
31 28 94 -0.741
34 24 19 -0.294
29 16 5 -0.447
25 21 3 0.629
38 13 132 -0.583
13 20 31 1.837
19 30 2 -0.136
22 19 114 0.614
17 39 137 -0.356
38 5 15 -0.625
37 13 85 -0.637
12 30 71 -0.046
22 28 2 -0.389
36 17 92 -0.669
35 3 7 -0.164
35 22 96 -0.636
34 15 47 -0.541
14 31 68 0.579
44 7 88 -0.731
43 13 16 -0.244
36 11 15 -0.507
34 17 7 1.176
14 20 34 1.784
20 21 75 1.275
18 26 147 2.693
12 38 146 1.519
20 24 2 -0.031
20 30 139 0.535
18 34 38 0.452
38 11 13 -0.527
19 17 138 -0.459
34 16 19 -0.443
15 31 111 -0.679
13 29 146 4.085
21 30 75 -0.451
42 8 125 -0.713
40 11 15 -0.376
26 21 59 -0.563
38 6 46 -0.519
22 30 138 -0.572
16 21 33 2.256
11 40 72 0.689
7 39 105 -0.638
33 18 40 -0.311
19 20 73 0.156
38 16 93 -0.750
31 19 41 1.375
4 43 108 -0.610
15 22 29 0.371
13 33 68 2.292
17 29 144 0.414
26 32 61 -0.040
17 38 68 0.134
38 19 91 -0.750
7 35 108 0.552
9 31 143 -0.342
22 29 113 0.262
11 26 66 2.200
39 13 85 -0.597
24 21 25 -0.361
12 30 68 -0.750
11 34 69 0.127
25 23 61 -0.575
30 14 117 -0.472
12 33 146 0.731
34 13 81 -0.362
38 13 9 -0.104
13 34 30 2.071
21 26 1 3.200
15 35 75 -0.350
42 7 46 -0.180
43 9 88 -0.466
18 27 69 1.836
14 24 31 2.375
12 36 143 -0.376
12 25 67 0.255
15 31 67 0.250
30 26 41 0.964
13 37 139 -0.678
24 22 63 -0.679
12 39 65 -0.104
37 13 131 -0.674
18 33 101 -0.393
27 15 4 0.077
12 30 106 0.902
34 10 9 -0.600
36 6 7 -0.152
41 9 50 -0.472
21 30 27 2.197
35 15 8 0.986
41 9 126 -0.596
23 12 0 2.837
16 25 28 2.794
23 12 78 -0.705
24 20 3 -0.004
30 14 4 -0.002
26 30 60 -0.597
37 7 18 -0.566
23 24 76 0.580
26 21 99 -0.730
15 27 72 0.968
37 22 95 -0.682
12 23 69 3.340
21 28 64 0.004
44 10 52 -0.750
14 38 32 0.823
29 17 42 -0.188
32 4 123 -0.735
10 24 67 -0.457
19 16 75 0.103
22 31 78 -0.738
29 27 136 -0.572
37 16 121 -0.745
27 27 79 -0.385
26 13 3 1.806
26 30 63 -0.385
15 33 105 0.021
42 15 17 -0.632
42 10 129 -0.672
35 13 9 0.550
13 36 149 -0.134
22 26 149 -0.612
23 21 112 1.131
27 28 61 0.025
40 14 54 -0.518
31 18 135 -0.750
37 18 48 -0.686
13 40 30 0.047
24 23 26 -0.255
22 28 79 -0.750
24 27 24 -0.510
38 16 56 -0.234
43 13 46 1.741
28 21 116 -0.186
36 19 130 -0.750
34 10 7 2.673
44 5 16 -0.695
42 11 53 -0.726
22 26 38 0.339
38 18 88 -0.245
32 16 79 0.302
14 30 74 0.801
23 23 62 -0.607
39 11 124 -0.747
38 11 55 -0.741
7 33 107 -0.669
13 23 74 -0.306
22 19 0 5.670
19 25 73 -0.711
14 32 146 0.592
43 7 51 -0.561
15 27 74 -0.146
38 6 12 -0.440
12 40 71 0.232
29 35 60 -0.682
34 19 7 1.474
13 34 68 1.711
32 16 6 1.408
38 7 86 -0.690
24 23 5 -0.334
17 28 141 0.426
14 37 32 0.380
26 16 5 0.348
35 25 132 -0.694
27 31 25 -0.491
23 25 61 -0.456
12 28 142 -0.477
32 18 44 -0.002
45 17 51 -0.697
16 29 72 0.505
20 35 26 -0.443
16 35 36 3.370
10 39 30 -0.152
42 7 52 -0.732
40 16 129 -0.635
21 11 1 -0.300
18 32 104 0.186
18 38 148 0.514
42 10 92 -0.724
23 19 138 -0.719
33 15 43 0.272
37 19 95 -0.685
35 10 87 -0.744
16 26 75 0.445
43 9 50 -0.519
27 24 44 -0.656
16 29 105 0.324
32 22 58 -0.673
12 32 72 2.064
15 31 38 0.230
36 19 94 -0.649
31 20 119 -0.564
34 24 58 -0.243
17 29 141 -0.530
38 9 13 -0.653
34 26 43 -0.503
22 37 114 -0.519
36 8 84 -0.650
13 33 36 1.184
36 17 6 1.070
16 32 32 1.526
9 33 29 0.778
16 32 102 -0.259
29 33 60 -0.725
34 17 54 -0.750
24 27 62 -0.582
12 36 70 2.065
14 27 103 1.201
19 22 73 0.719
11 35 30 2.945
36 18 87 -0.515
35 22 57 -0.568
22 29 99 -0.701
27 23 42 -0.104
11 32 32 1.720
22 32 99 -0.634
39 7 49 -0.750
30 0 82 -0.750
36 13 121 -0.318
32 22 80 -0.188
28 22 60 -0.516
32 24 6 0.336
32 14 5 0.578
24 29 1 3.017
37 13 48 -0.570
13 40 67 -0.495
13 37 71 0.063
43 14 91 -0.582
27 17 39 1.515
16 36 147 -0.397
23 36 62 -0.417
34 23 19 -0.415
14 36 109 1.324
36 11 45 -0.278
27 27 25 -0.469
31 24 94 -0.740
12 32 145 0.112
39 4 15 -0.684
32 20 43 0.182
37 6 13 -0.683
25 27 99 -0.732
16 28 148 1.212
34 16 93 -0.750
28 17 40 1.178
26 20 78 -0.559
12 38 67 -0.399
27 20 39 1.432
39 11 49 -0.611
14 25 103 -0.750
38 8 84 0.353
34 18 9 0.693
12 39 145 -0.154
18 30 101 -0.595
26 29 62 0.066
34 7 48 -0.728
21 29 63 -0.458
34 18 21 -0.651
30 16 41 -0.018
17 19 73 1.015
36 15 48 -0.710
36 10 89 -0.748
38 10 131 -0.705
37 2 7 -0.455
33 17 117 -0.748
22 20 139 -0.472
15 34 110 0.021
43 10 125 -0.729
6 32 108 -0.402
42 20 125 -0.695
19 23 64 -0.311
16 22 34 2.430
31 15 81 -0.692
18 16 73 2.021
37 19 83 -0.432
23 35 24 -0.545
31 19 80 -0.506
38 10 91 -0.675
26 23 76 0.248
24 30 99 -0.708
17 21 113 0.313
32 22 57 -0.670
20 28 37 -0.231
35 13 133 -0.743
16 29 31 1.335
14 24 106 1.087
39 5 14 -0.695
12 32 35 0.951
15 29 69 0.510
40 11 55 -0.624
13 26 31 1.434
20 23 101 -0.539
18 32 100 -0.687
38 14 47 -0.302
19 31 101 -0.710
29 18 59 -0.693
17 30 141 0.574
23 27 26 0.901
15 23 103 0.320
41 10 90 -0.750
22 16 76 0.123
16 31 34 0.674
28 22 39 -0.155
29 20 116 0.037
23 37 114 -0.641
35 19 55 -0.560
42 15 91 -0.647
29 19 42 -0.502
33 20 119 -0.707
6 41 108 -0.536
40 16 13 -0.126
15 29 71 0.351
10 38 72 -0.254
36 9 47 -0.491
13 23 146 4.657
28 21 23 0.070
40 12 10 0.456
36 14 83 -0.507
17 28 27 0.251
16 36 68 1.891
40 16 86 -0.548
35 10 49 -0.750
21 23 138 0.046
39 15 90 -0.732
13 32 66 0.858
23 25 25 -0.211
36 25 132 -0.709
14 33 144 0.580
35 18 56 -0.631
17 24 37 2.547
15 32 32 6.214
20 24 26 1.519
21 22 2 1.029
34 21 6 2.034
35 14 131 -0.750
41 12 92 -0.639
34 19 81 -0.120
13 34 105 -0.288
17 27 74 -0.633
33 17 134 -0.708
18 19 73 2.658
41 9 15 -0.675
33 19 41 0.464
16 29 37 4.647
29 22 97 -0.459
15 24 149 -0.059
35 13 87 -0.545
11 40 145 0.676
22 21 63 -0.738
26 23 24 0.964
17 28 29 -0.297
23 30 25 0.451
12 40 70 1.867
22 16 0 2.496
37 6 7 1.504
41 14 125 -0.613
41 16 128 -0.737
39 12 47 -0.629
15 30 104 -0.173
35 13 43 0.180
29 12 79 -0.347
11 31 105 -0.339
34 17 93 -0.750
20 21 2 0.846
13 29 66 0.567
22 24 139 -0.704
20 24 113 0.909
42 13 91 -0.717
33 8 117 -0.555
33 20 58 -0.424
39 12 90 -0.750
23 20 38 -0.018
26 17 39 1.603
16 29 71 0.875
24 22 78 -0.649
12 30 29 1.022
39 20 94 -0.750
20 20 73 0.319
13 29 107 -0.322
32 21 42 -0.286
13 33 143 -0.331
11 27 35 0.880
24 17 0 6.495
34 12 47 -0.256
20 18 138 -0.589
14 28 106 0.798
33 17 119 -0.185
13 23 71 3.202
39 12 84 0.461
36 9 45 -0.387
24 14 1 3.372
32 18 42 -0.159
16 27 103 -0.628
27 26 42 0.001
34 12 121 -0.682
24 25 139 -0.374
34 18 20 -0.215
31 12 4 0.626
15 28 144 -0.353
22 32 100 -0.491
38 12 56 -0.464
22 32 138 -0.425
12 37 67 0.205
17 24 64 0.036
13 36 105 0.048
35 17 95 -0.413
31 20 41 1.337
15 31 142 0.595
18 22 110 1.239
13 33 67 1.505
18 15 2 0.232
32 25 59 -0.584
22 26 101 0.044
14 32 31 1.891
35 22 82 -0.681
9 31 108 -0.318
16 36 102 -0.330
13 27 33 2.792
14 40 112 -0.230
37 7 85 -0.730
21 30 138 -0.671
15 33 27 -0.263
14 36 66 -0.047
29 21 26 0.647
11 36 143 0.455
40 9 89 -0.670
34 13 132 -0.742
19 27 3 -0.672
37 8 13 -0.689
18 33 100 -0.643
41 21 88 -0.311
42 8 11 -0.429
40 20 55 -0.579
40 7 90 -0.721
31 25 21 -0.103
16 30 37 0.854
34 15 43 0.369
21 23 27 0.087
21 20 2 -0.153
10 40 107 -0.422
31 11 4 0.203
32 18 43 -0.018
16 33 103 -0.232
43 9 13 -0.639
16 29 74 1.076
33 17 97 -0.442
36 19 122 -0.750
39 18 94 -0.750
23 21 63 -0.705
18 33 37 0.054
37 4 14 -0.672
14 34 148 0.697
20 34 63 -0.470
9 29 107 -0.504
36 14 121 -0.603
14 26 66 1.030
42 0 12 -0.513
38 16 127 -0.650
42 7 90 -0.750
20 30 63 -0.400
41 11 18 -0.520
12 31 107 0.167
9 32 35 3.252
21 30 77 -0.594
31 16 5 1.947
29 21 21 -0.770
15 25 70 1.833
30 23 60 -0.596
20 31 73 0.152
11 36 30 2.120
36 26 120 0.291
27 23 116 -0.067
38 9 12 -0.407
35 7 118 -0.490
37 20 95 -0.718
27 21 24 1.675
18 25 37 2.538
21 28 79 -0.750
10 31 35 1.412
23 19 101 -0.150
11 37 67 -0.485
37 12 126 -0.699
38 15 121 -0.588
38 8 123 -0.721
37 17 8 0.983
31 17 80 -0.623
25 24 114 -0.274
39 7 15 -0.359
11 27 144 -0.002
35 19 118 -0.031
10 31 29 0.623
34 16 117 -0.750
32 21 58 -0.735
31 23 98 -0.646
40 9 55 -0.472
31 21 57 -0.657
13 30 30 2.374
18 42 137 -0.577
34 23 21 -0.451
38 3 84 -0.729
13 31 68 0.365
15 26 31 0.326
36 22 6 0.228
12 29 35 1.676
20 30 26 -0.350
20 17 0 2.573
19 27 74 -0.205
44 11 126 -0.750
38 8 89 -0.683
18 33 106 -0.343
18 25 73 0.857
35 21 94 -0.659
13 40 68 2.331
32 15 44 -0.027
39 11 51 -0.734
27 27 116 0.078
20 22 63 -0.731
26 22 135 -0.740
39 15 120 -0.688
31 15 115 -0.557
16 34 75 -0.196
45 11 126 -0.585
23 31 78 -0.018
41 10 48 -0.484
30 28 41 0.687
37 10 90 -0.726
28 24 60 -0.707
32 20 117 -0.387
13 33 32 3.423
26 14 44 -0.735
41 14 17 -0.607
16 29 104 -0.043
10 37 110 -0.646
40 7 123 -0.743
36 4 8 0.177
38 9 129 -0.750
21 17 112 1.726
18 24 69 0.661
38 12 49 -0.244
35 12 43 0.230
42 6 90 -0.731
11 45 139 -0.626
31 19 136 -0.571
36 23 94 -0.598
25 17 38 1.985
36 24 130 -0.750
16 33 68 0.055
38 4 12 -0.592
39 9 129 -0.750
10 37 30 0.447
13 31 109 0.506
33 21 43 -0.033
13 29 31 0.137
14 35 36 0.923
42 4 15 -0.682
26 29 135 -0.738
32 18 41 1.362
14 25 149 -0.654
22 29 62 -0.320
37 11 13 -0.515
37 9 7 2.965
12 37 106 -0.140
21 31 5 -0.032
39 11 47 -0.458
34 17 5 1.412
23 21 26 0.198
30 18 43 -0.447
37 7 86 -0.706
37 16 18 -0.479
39 15 11 -0.239
12 43 147 -0.220
20 29 64 0.171
32 13 117 -0.744
30 25 21 -0.249
34 12 124 -0.750
30 23 23 0.003
31 26 133 -0.748
14 33 75 0.138
25 10 44 -0.709
37 16 87 -0.266
35 21 133 -0.463
40 8 54 -0.750
20 30 149 -0.676
24 25 3 0.084
41 8 84 -0.112
28 22 23 -0.229
42 1 46 -0.646
41 15 52 -0.615
31 22 118 -0.631
31 23 22 -0.154
26 24 97 -0.738
17 30 29 -0.273
41 10 83 0.175
38 11 9 -0.009
31 25 22 0.337
37 16 92 -0.620
14 32 34 0.125
10 29 108 -0.309
11 41 109 -0.271
31 22 42 -0.073
12 32 108 -0.217
43 5 46 -0.359
28 20 60 -0.675
13 19 34 2.988
34 21 97 -0.463
19 31 37 1.931
15 29 144 -0.233
41 5 51 -0.750
36 17 89 -0.750
17 21 1 0.082
35 17 20 -0.054
7 33 108 1.119
30 27 136 -0.742
11 31 106 0.000
14 42 111 -0.633
14 41 32 0.532
22 30 38 -0.292
35 19 122 -0.732
17 30 27 -0.181
32 16 20 -0.523
17 41 137 -0.669
30 23 21 -0.212
39 13 14 -0.054
29 19 5 -0.068
28 25 39 0.064
41 8 88 -0.689
40 11 51 -0.338
39 13 15 -0.356
37 14 46 -0.750
36 23 20 -0.607
32 27 98 -0.685
12 37 30 3.716
31 20 6 -0.125
11 43 139 -0.562
32 11 132 -0.750
19 27 37 3.061
35 16 83 -0.657
27 25 120 -0.709
32 21 40 -0.266
21 36 78 -0.728
28 29 23 -0.636
35 17 41 0.430
13 40 70 2.194
33 26 95 0.027
36 22 18 -0.591
34 12 85 -0.748
40 15 54 -0.640
12 28 143 0.619
14 31 74 -0.488
42 8 92 -0.738
28 30 59 -0.745
12 37 145 -0.289
41 14 53 -0.541
30 28 135 -0.524
40 5 15 -0.695
38 12 53 -0.695
23 35 25 -0.395
39 4 12 -0.475
21 37 137 -0.587
40 16 55 -0.530
30 13 79 -0.570
28 21 77 -0.562
34 10 81 -0.431
12 31 33 2.688
29 23 22 -0.754
27 26 60 -0.406
12 32 66 0.241
33 14 10 -0.356
39 16 85 -0.399
33 27 133 -0.742
9 37 147 -0.561
18 30 112 0.725
26 9 4 0.975
9 44 105 -0.155
35 14 9 0.766
41 2 11 -0.669
14 25 142 0.432
40 11 16 -0.693
23 11 1 -0.440
29 28 22 -0.772
38 13 53 -0.576
13 32 149 -0.402
35 13 86 -0.688
20 22 4 -0.555
17 24 149 0.191
34 12 54 -0.747
17 32 72 0.189
10 32 146 -0.449
31 18 44 0.670
15 37 142 -0.311
33 25 58 -0.137
14 32 112 -0.596
40 15 122 -0.341
16 29 75 -0.663
38 8 48 -0.525
34 16 120 -0.637
36 21 57 0.188
43 8 53 -0.749
29 23 135 -0.544
30 21 43 -0.603
31 23 40 2.015
15 36 29 1.719
25 29 26 0.221
28 20 21 0.153
32 18 9 -0.602
17 31 26 -0.362
31 20 22 0.790
28 23 136 -0.683
38 7 123 -0.730
41 11 86 -0.720
36 19 6 1.174
16 22 1 -0.239
23 25 28 0.434
43 4 46 -0.370
37 15 121 -0.363
41 17 17 -0.451
27 31 24 -0.336
19 30 113 -0.443
10 34 69 1.293
16 23 145 -0.235
17 24 147 0.938
12 36 105 -0.309
19 27 2 -0.373
42 5 15 -0.320
36 12 47 -0.598
27 30 25 0.023
28 27 60 -0.501
12 31 149 -0.137
20 32 26 -0.237
31 24 80 -0.338
24 23 149 -0.547
28 32 59 -0.745
39 14 129 -0.745
12 29 29 -0.385
13 32 34 0.833
16 38 142 -0.363
35 12 48 -0.736
14 37 68 2.350
24 22 77 -0.204
17 29 37 4.925
21 19 31 0.014
13 39 140 -0.375
39 11 83 0.075
36 14 127 -0.738
32 22 6 0.432
43 9 51 -0.583
16 28 70 0.751
16 32 37 4.625
20 17 138 -0.446
41 12 46 0.664
41 15 87 -0.750
38 15 86 -0.750
37 17 122 -0.472
19 28 28 0.801
29 25 23 -0.190
36 16 9 -0.577
35 26 94 -0.697
25 18 39 2.532
38 7 13 -0.695
40 8 126 -0.650
19 27 28 1.639
27 27 23 -0.475
38 14 132 -0.521
41 11 129 -0.127
35 17 57 -0.327
29 12 118 -0.707
35 18 58 -0.442
22 22 3 1.029
29 28 41 0.882
14 31 34 0.831
25 30 114 -0.261
18 31 102 -0.684
31 21 120 -0.735
25 27 4 -0.682
40 8 125 -0.750
26 14 5 0.113
14 24 107 1.354
10 36 106 -0.138
40 15 86 0.147
14 26 103 0.522
13 31 71 0.698
14 28 142 0.318
21 19 112 0.164
32 8 123 -0.747
18 33 104 -0.507
13 27 29 0.246
37 17 121 -0.432
32 11 53 -0.750
41 7 51 -0.750
39 6 50 -0.741
20 27 26 0.605
15 30 66 0.951
16 34 66 0.457
12 37 66 2.355
23 24 5 -0.366
18 28 38 2.818
34 15 119 -0.750
24 25 136 -0.740
28 20 61 -0.410
28 21 59 -0.626
23 25 76 0.428
41 12 51 -0.549
12 37 147 -0.406
24 12 1 2.681
25 24 135 -0.604
13 35 146 -0.145
28 13 116 0.620
24 24 99 -0.698
39 17 88 -0.015
40 18 54 -0.555
21 28 101 -0.250
27 18 39 1.726
33 14 56 -0.750
16 25 143 -0.711
35 14 87 -0.543
37 16 131 -0.648
22 25 139 -0.153
15 35 149 -0.534
28 22 136 -0.673
36 10 118 0.006
41 9 86 0.137
32 19 97 -0.679
31 15 21 -0.327
19 24 26 3.615
9 27 29 0.912
28 22 118 -0.075
39 12 89 -0.726
13 32 106 -0.239
33 26 58 -0.572
38 9 85 -0.695
40 14 122 0.114
40 14 46 1.846
38 12 123 -0.729
29 32 60 -0.726
16 23 70 1.055
35 13 10 -0.470
9 41 146 -0.243
35 11 82 -0.667
27 27 41 -0.419
18 29 27 0.325
20 36 64 0.989
17 29 143 -0.334
41 4 16 -0.673
15 28 71 0.096
29 28 62 -0.616
32 15 9 -0.311
31 26 43 -0.406
33 15 9 -0.458
19 29 33 1.016
12 29 68 -0.044
36 11 83 -0.748
37 6 123 -0.748
16 25 1 -0.493
16 28 33 0.810
29 32 96 -0.750
16 19 73 2.494
30 18 21 0.581
16 29 34 1.649
40 18 17 -0.793
31 23 133 -0.740
17 26 103 -0.680
31 22 120 -0.579
16 36 137 -0.527
38 12 89 -0.743
17 22 113 1.337
13 39 105 1.365
26 32 114 -0.237
42 10 18 -0.737
18 22 28 1.376
34 20 119 -0.282
42 9 127 -0.750
20 18 63 -0.650
22 24 0 3.647
34 11 83 -0.750
31 13 4 0.474
24 21 99 -0.748
12 22 34 2.995
30 15 22 -0.529
15 32 145 0.038
15 30 110 -0.400
37 10 9 0.578
24 25 135 -0.709
17 31 111 -0.451
32 21 133 -0.698
33 28 120 -0.646
41 13 49 -0.665
39 13 128 -0.750
37 8 89 -0.750
38 20 132 -0.636
24 25 100 -0.017
13 33 69 1.107
10 32 109 1.893
28 27 79 0.160
18 36 38 -0.264
11 32 66 -0.066
21 16 0 1.785
17 22 33 4.441
43 9 17 -0.475
45 14 129 -0.640
12 36 108 0.158
14 33 69 0.532
14 26 2 -0.504
38 8 16 -0.685
27 25 59 -0.586
15 30 71 0.203
33 19 134 -0.610
40 10 124 -0.615
33 4 123 -0.750
26 22 5 1.095
29 23 59 -0.705
13 25 142 -0.175
14 30 29 0.902
31 25 6 0.035
20 31 1 -0.259
32 22 81 -0.586
29 19 79 -0.625
29 24 133 -0.750
29 21 136 -0.693
17 26 27 0.576
20 22 3 0.196
19 29 28 0.659
36 19 83 -0.499
37 12 49 -0.737
38 12 83 -0.174
28 28 40 -0.483
34 9 80 -0.371
26 26 136 -0.750
18 27 100 -0.571
12 25 71 2.707
44 12 51 -0.733
21 34 63 -0.604
36 7 118 -0.447
28 22 96 -0.744
39 11 16 -0.611
34 9 9 2.067
15 30 68 1.983
32 15 94 -0.750
34 14 10 -0.145
20 31 149 -0.346
14 26 29 -0.290
16 23 31 2.560
24 34 114 -0.634
37 14 8 0.622
38 20 86 -0.730
13 41 112 -0.502
28 21 41 0.022
33 21 80 -0.279
38 11 130 -0.457
34 14 57 -0.579
13 36 29 -0.027
17 31 27 -0.185
13 37 145 0.791
9 35 107 -0.380
34 15 134 -0.738
42 2 15 -0.679
37 13 7 -0.381
32 23 133 -0.704
32 27 133 -0.750
41 8 49 -0.750
38 3 131 -0.729
26 20 82 -0.704
29 21 117 -0.706
18 32 26 -0.536
22 25 26 -0.644
31 24 42 -0.052
22 24 4 -0.635
30 19 5 -0.352
9 42 35 -0.022
17 24 63 -0.547
33 18 20 -0.396
15 30 149 -0.535
38 14 13 -0.690
40 10 127 -0.747
19 31 28 0.102
36 5 8 -0.434
10 42 105 -0.063
26 27 59 -0.623
28 29 135 -0.732
28 26 116 -0.740
35 7 127 -0.729
27 21 82 -0.582
25 22 79 -0.288
29 28 135 -0.745
26 24 63 -0.424
19 28 0 0.826
25 21 99 -0.743
19 28 63 -0.200
23 31 0 -0.133
18 27 143 -0.602
11 44 139 -0.612
39 10 90 -0.750
13 41 105 0.130
26 27 42 0.105
39 11 10 0.451
31 19 81 -0.637
41 13 88 -0.415
20 26 64 0.078
14 22 107 -0.368
22 33 100 -0.575
33 15 20 -0.629
33 22 134 -0.728
39 11 85 -0.090
39 8 15 -0.041
12 34 67 -0.252
22 36 100 -0.676
12 30 149 -0.299
12 31 32 2.076
36 20 120 0.077
33 21 133 -0.712
27 29 59 -0.437
37 14 53 -0.742
30 19 61 -0.241
31 23 118 0.681
29 22 22 0.216
16 35 109 -0.316
39 14 89 -0.750
9 39 35 0.146
39 9 47 -0.536
41 14 15 -0.422
12 32 107 0.139
7 36 109 -0.175
14 33 74 -0.252
16 31 148 1.553
23 36 137 -0.737
18 23 65 0.417
13 31 33 -0.672
25 26 79 -0.720
21 23 63 0.068
37 10 13 -0.690
25 22 39 3.810
8 41 108 1.385
13 27 106 1.353
14 28 70 1.862
28 27 134 -0.547
15 24 144 -0.632
31 18 77 -0.029
23 22 113 -0.693
15 36 142 -0.206
28 18 61 -0.234
16 29 27 -0.179
18 33 137 -0.472
14 34 66 0.316
15 37 148 1.117
34 19 9 0.974
24 30 0 -0.006
28 22 44 -0.668
14 29 66 0.293
19 30 100 -0.705
36 7 48 -0.726
22 23 38 3.976
35 18 18 -0.716
32 19 10 -0.641
12 40 109 -0.068
9 39 102 -0.300
20 27 27 2.307
29 28 115 -0.750
19 31 73 -0.150
31 19 116 -0.597
14 32 140 0.637
27 23 44 -0.748
42 13 123 -0.540
14 33 33 0.811
29 14 97 -0.618
19 33 137 -0.365
25 29 61 -0.178
10 32 35 2.917
40 13 121 -0.105
40 14 86 -0.583
33 24 43 0.312
37 10 12 -0.460
38 14 86 -0.285
42 12 17 -0.513
24 26 4 -0.464
18 34 73 0.209
17 24 103 -0.622
19 31 112 -0.008
38 12 10 0.414
42 11 52 -0.294
15 25 141 -0.147
15 32 67 1.388
27 21 120 -0.684
16 32 104 -0.078
31 27 22 0.334
36 12 49 -0.682
37 16 94 -0.750
38 20 131 -0.714
26 17 3 1.146
13 34 106 -0.077
43 10 49 -0.688
15 26 34 3.082
44 13 51 -0.695
43 7 90 -0.561
31 15 119 -0.701
31 29 60 -0.147
37 22 19 -0.144
36 15 132 -0.712
35 12 8 0.905
35 10 48 -0.628
41 7 52 -0.622
31 24 57 -0.569
11 31 143 0.167
19 30 73 -0.420
26 21 61 -0.027
16 32 68 -0.017
31 20 96 -0.724
43 10 16 -0.571
20 19 76 0.053
36 12 126 -0.745
43 12 49 0.030
16 28 29 -0.459
37 16 80 0.413
17 25 27 -0.370
38 18 84 -0.472
23 25 37 0.494
31 29 97 -0.298
26 31 61 0.270
35 21 132 -0.729
36 9 8 0.508
29 24 41 0.577
32 23 57 -0.692
15 24 74 -0.301
35 16 81 -0.536
36 22 7 2.298
18 29 111 -0.234
36 17 57 -0.508
24 17 5 -0.488
13 24 74 -0.564
10 41 109 1.219
21 28 149 0.028
36 16 19 -0.567
16 37 100 -0.714
16 20 68 1.850
35 10 7 -0.414
38 15 9 -0.192
45 6 16 -0.597
29 28 134 -0.725
10 27 144 -0.595
14 35 143 1.139
35 18 121 0.104
43 7 126 -0.736
35 17 133 -0.698
14 32 67 1.058
39 7 11 -0.469
34 14 83 -0.536
15 30 147 0.212
20 20 26 1.008
38 23 130 -0.750
20 23 110 1.958
17 22 110 -0.337
35 27 94 -0.750
36 4 7 0.235
15 27 29 -0.264
14 33 111 0.426
22 36 63 -0.676
18 23 69 2.240
27 18 61 -0.471
33 13 117 -0.557
45 3 88 -0.716
25 29 23 1.053
20 26 2 -0.474
30 19 43 -0.634
37 12 10 0.628
16 38 69 -0.055
36 13 85 -0.518
38 20 84 -0.476
40 5 46 -0.678
11 20 33 4.190
34 25 57 -0.597
25 18 76 1.507
32 22 97 -0.404
11 28 27 -0.717
38 11 123 -0.664
42 17 128 -0.696
33 22 43 0.258
33 7 123 -0.750
25 25 137 -0.687
33 0 82 -0.750
14 23 107 0.253
42 8 91 -0.603
36 18 18 -0.473
20 18 27 0.490
35 19 80 -0.293
30 24 115 -0.431
33 12 81 -0.361
16 27 29 -0.309
15 36 112 -0.398
24 19 76 -0.037
30 23 98 -0.176
17 26 68 0.501
18 30 2 -0.597
17 31 37 4.380
37 10 47 -0.679
13 28 142 0.187
37 17 17 -0.444
33 24 59 -0.629
15 33 66 0.126
37 19 56 -0.743
20 17 2 1.143
13 39 72 2.462
27 22 99 -0.737
5 40 108 -0.574
42 10 90 -0.725
34 22 6 0.503
39 9 125 -0.740
16 26 110 0.666
19 23 113 0.738
37 17 19 -0.573
32 21 41 1.279
31 20 40 -0.070
27 20 61 -0.295
39 11 125 -0.750
16 34 105 0.207
22 35 100 -0.416
39 8 14 -0.433
36 23 58 -0.613
37 6 127 -0.750
41 15 130 -0.521
14 33 31 1.717
12 32 30 1.823
41 19 125 -0.694
38 10 123 -0.575
32 14 80 -0.606
21 27 138 -0.299
16 31 36 3.340
13 35 149 -0.234
34 20 9 0.747
42 8 51 -0.684
19 32 149 -0.248
12 30 143 0.084
23 24 25 -0.066
31 19 40 -0.063
32 19 117 -0.695
35 3 84 -0.686
13 21 71 2.948
28 12 118 -0.742
21 30 149 -0.438
20 28 28 1.287
40 7 16 -0.654
32 26 58 -0.519
28 16 61 -0.466
40 14 45 0.360
19 33 63 -0.172
30 21 134 -0.750
32 14 58 -0.710
29 24 135 -0.659
32 28 22 1.567
35 24 19 -0.150
33 18 42 0.383
17 23 141 0.273
29 27 39 -0.203
36 10 50 -0.254
22 16 3 -0.613
33 27 97 -0.686
41 7 11 -0.554
33 17 6 1.808
23 20 136 -0.705
35 21 81 -0.202
38 11 11 -0.344
34 20 10 -0.649
41 4 12 -0.570
18 27 113 -0.186
19 13 138 -0.592
37 7 9 0.538
32 30 59 -0.672
38 14 89 -0.750
41 6 12 -0.233
13 27 140 0.210
36 9 85 -0.548
29 21 5 -0.682
26 26 39 0.119
34 20 57 -0.724
34 16 46 -0.384
12 37 112 -0.356
32 16 118 0.215
31 26 60 -0.638
33 18 6 0.688
11 33 146 0.299
15 33 148 0.256
13 42 102 -0.184
24 31 99 -0.732
36 7 7 0.520
41 11 85 0.114
19 25 0 2.344
31 21 42 -0.190
12 30 142 -0.659
23 29 100 0.067
18 27 110 0.426
41 15 55 0.252
11 33 104 -0.347
39 17 132 -0.675
35 19 47 -0.725
12 30 33 3.419
33 10 20 -0.738
11 30 107 0.605
15 29 31 1.488
15 40 0 -0.695
27 15 78 -0.708
43 10 17 -0.469
28 33 134 -0.698
39 12 86 0.417
18 25 141 -0.229
30 13 44 0.365
44 0 12 -0.688
42 10 13 -0.088
32 20 119 -0.592
11 30 109 1.508
41 5 11 0.136
30 15 21 0.083
11 35 105 -0.523
34 26 95 -0.536
38 12 132 -0.570
29 14 79 -0.736
38 21 91 -0.065
36 12 120 -0.425
23 22 4 -0.572
36 18 93 -0.705
11 38 72 1.889
34 19 10 -0.579
43 9 91 -0.750
35 10 127 -0.750
17 31 112 0.573
33 18 91 -0.750
27 24 61 -0.375
37 9 121 -0.350
19 33 37 0.510
16 29 141 0.750
28 28 115 -0.704
36 24 132 -0.749
11 23 107 -0.147
16 38 0 -0.364
10 33 110 -0.701
28 24 39 0.265
32 18 133 -0.433
38 14 126 -0.686
38 10 52 -0.624
19 32 1 -0.038
12 35 105 -0.020
39 8 86 -0.687
36 15 6 -0.687
22 32 26 0.123
33 26 22 -0.438
18 28 37 0.326
42 16 51 -0.363
24 20 62 -0.660
39 11 126 -0.716
43 13 124 -0.536
39 9 15 -0.433
40 9 84 0.011
36 19 56 -0.686
12 38 104 0.046
36 22 94 -0.517
12 32 109 1.662
44 12 88 -0.544
35 17 11 -0.683
33 20 95 -0.725
43 7 11 -0.450
35 12 47 -0.648
30 12 44 0.542
42 8 13 -0.118
41 12 52 -0.338
14 33 34 1.702
21 23 25 0.688
38 19 83 -0.688
44 14 51 -0.671
26 19 39 3.115
13 32 110 -0.741
14 40 111 -0.541
24 32 23 -0.565
18 28 139 -0.383
13 28 111 0.173
16 23 148 0.630
19 25 113 0.536
13 29 106 0.487
41 15 129 -0.750
42 14 13 -0.559
12 30 109 0.054
21 31 64 0.170
11 30 35 1.215
34 13 119 -0.660
19 21 110 1.914
16 35 137 -0.586
22 29 139 -0.497
44 9 90 -0.750
13 28 71 1.624
31 13 117 -0.544
42 6 13 -0.413
26 30 39 -0.518
30 20 41 0.098
35 14 89 -0.750
25 16 137 -0.740
36 19 95 0.031
5 48 108 -0.504
13 27 66 -0.118
35 11 7 1.990
23 7 78 -0.450
38 15 80 -0.519
26 29 114 0.571
14 37 36 1.632
23 37 63 -0.686
37 4 131 -0.740
39 14 9 0.094
23 27 37 0.656
38 12 92 -0.713
19 25 68 1.748
14 32 68 0.518
33 20 132 -0.750
39 12 51 -0.608
16 32 69 1.438
40 9 54 -0.718
30 12 40 0.002
23 36 114 -0.713
34 13 10 -0.487
25 20 114 0.874
24 30 100 -0.052
11 40 106 0.453
42 7 127 -0.750
22 31 137 -0.750
34 20 96 -0.681
17 32 138 -0.220
13 35 69 0.664
34 19 59 -0.615
30 17 80 -0.658
23 28 0 0.173
15 17 33 5.193
28 31 25 -0.127
27 23 61 -0.235
4 39 108 -0.641
34 18 19 -0.709
40 12 91 -0.750
33 12 20 -0.577
23 29 77 -0.741
13 32 147 0.116
14 33 71 0.055
35 20 58 -0.213
13 25 107 1.502
30 19 42 -0.061
12 29 105 -0.309
16 27 34 1.986
18 35 113 -0.741
15 27 66 -0.163
39 14 86 0.135
9 38 32 0.311
41 15 126 -0.700
11 26 31 1.296
30 17 96 -0.647
18 22 148 -0.229
31 17 41 0.597
35 6 44 0.064
33 13 121 -0.289
29 20 115 0.085
22 23 139 -0.618
7 32 102 -0.688
29 19 115 -0.356
25 20 4 0.062
11 43 147 -0.387
19 24 72 0.980
34 14 6 1.444
20 24 1 3.582
37 16 48 -0.630
13 24 146 2.429
39 10 9 -0.108
41 11 52 -0.469
17 29 147 -0.477
28 23 41 0.426
24 30 23 -0.440
13 34 67 0.884
26 23 137 -0.695
42 2 11 -0.381
31 16 21 -0.036
30 22 42 -0.193
25 22 76 -0.045
33 17 56 -0.709
30 18 116 -0.148
42 18 130 -0.750
39 12 15 0.179
18 23 73 4.279
27 28 39 1.578
28 15 115 -0.496
32 19 58 -0.545
30 16 40 -0.321
21 25 149 -0.328
35 20 81 -0.244
29 26 39 -0.411
15 34 104 0.239
21 24 26 0.354
17 35 140 0.209
16 31 74 0.344
16 26 148 1.153
15 32 144 -0.146
14 35 144 -0.312
39 15 47 -0.491
34 23 20 -0.379
28 15 22 -0.302
16 24 37 3.193
13 39 106 -0.161
29 23 23 -0.338
23 23 26 0.164
37 10 85 0.083
34 17 20 -0.233
36 16 49 -0.540
27 22 44 -0.686
13 33 102 1.639
38 16 85 -0.682
39 5 11 -0.501
11 41 71 -0.554
22 29 63 -0.288
37 14 47 -0.586
37 16 83 0.155
34 15 83 -0.575
36 20 7 1.119
40 6 16 -0.590
29 18 23 -0.206
25 21 61 -0.040
26 19 5 0.938
13 36 139 -0.666
17 37 72 0.013
35 13 85 -0.720
13 35 30 1.178
17 27 112 0.192
32 7 7 -0.662
40 17 55 -0.477
13 34 69 2.328
24 38 114 -0.650
28 21 42 0.346
12 25 107 1.014
41 17 55 -0.322
9 33 107 -0.626
44 12 52 -0.730
30 14 116 -0.494
38 14 122 0.283
16 36 143 0.307
31 18 118 0.290
11 29 67 0.599
40 13 46 0.928
39 7 50 -0.669
34 18 7 0.969
40 6 124 -0.721
21 26 113 -0.621
36 3 84 -0.620
18 29 76 -0.114
24 29 99 -0.715
29 22 98 -0.702
37 11 45 -0.209
27 30 79 -0.701
12 27 141 0.310
17 29 110 -0.113
12 34 140 -0.004
41 13 90 -0.693
9 34 35 3.040
15 22 74 1.560
13 29 71 1.628
39 13 84 0.321
34 12 123 -0.706
15 25 34 2.638
33 21 119 0.062
35 23 94 -0.732
20 29 26 -0.548
31 14 79 0.045
24 24 136 -0.702
17 30 111 -0.454
24 33 77 0.140
38 18 121 -0.233
13 38 67 -0.418
15 31 103 -0.209
32 25 80 -0.399
25 30 100 -0.437
24 28 99 -0.749
16 27 69 2.907
15 27 110 -0.394
11 37 30 2.576
37 9 118 1.001
38 11 10 1.196
38 14 55 -0.398
24 24 78 -0.586
12 35 106 1.270
33 19 58 -0.448
14 35 106 0.305
16 27 1 -0.090
37 13 13 -0.641
25 27 79 0.281
45 7 88 -0.666
11 39 104 -0.137
43 10 53 -0.654
39 13 126 -0.700
24 35 77 -0.289
13 40 102 -0.556
12 34 143 0.738
40 10 83 0.051
41 9 84 -0.090
27 16 61 -0.143
33 14 43 0.280
26 29 61 0.273
39 16 84 -0.591
35 17 9 0.872
13 33 107 0.610
33 16 95 -0.619
36 11 87 -0.750
14 40 67 1.922
23 14 0 3.199
14 22 103 0.723
25 33 77 1.433
14 34 0 0.914
34 18 42 0.601
41 18 129 -0.682
13 41 109 -0.331
18 19 31 0.576
27 19 40 1.089
12 32 29 0.994
13 34 34 -0.747
17 33 72 -0.100
27 29 77 -0.048
14 33 36 1.684
17 30 70 -0.281
21 20 112 0.768
14 44 111 -0.710
19 35 101 -0.664
41 10 127 -0.748
16 32 71 1.164
31 7 7 -0.507
28 11 4 0.539
26 15 38 1.453
13 37 105 1.169
18 30 64 0.530
11 33 35 1.045
22 27 37 0.498
44 9 126 -0.695
37 15 129 -0.750
14 38 70 1.976
30 20 40 0.118
37 11 90 -0.743
28 23 44 -0.586
15 33 140 0.010
29 16 44 0.837
32 17 121 -0.477
13 38 147 0.553
40 11 54 -0.638
39 5 45 -0.556
39 10 47 -0.411
18 22 141 0.000
37 12 127 -0.745
44 4 50 -0.310
12 25 33 3.281
28 19 118 -0.548
13 38 145 0.161
44 12 128 -0.750
37 15 45 0.236
33 26 59 -0.621
16 33 69 0.249
38 15 8 0.954
30 25 22 0.221
16 33 144 0.287
27 18 4 -0.078
15 25 28 1.430
19 38 138 -0.522
32 17 20 -0.331
40 18 18 -0.761
21 25 38 3.262
41 16 130 -0.732
7 35 145 -0.604
5 32 30 0.075
44 8 126 -0.659
18 29 37 3.708
18 34 138 -0.416
36 19 57 -0.354
38 7 46 -0.651
13 37 142 -0.123
39 12 17 -0.602
14 31 71 0.081
18 22 138 -0.540
34 12 10 -0.461
33 11 84 -0.482
14 34 105 -0.334
39 10 89 -0.750
28 29 60 -0.670
27 22 41 -0.020
36 6 45 0.294
18 32 102 -0.624
35 12 121 -0.688
38 11 83 -0.292
23 23 4 -0.476
15 33 36 2.400
34 20 95 -0.518
36 12 121 -0.750
28 28 136 -0.460
34 14 8 1.110
33 13 119 -0.740
39 14 83 0.128
41 6 90 -0.750
35 13 126 -0.740
27 21 5 2.028
31 17 120 -0.742
30 17 43 -0.517
37 10 131 -0.734
33 20 118 -0.440
36 24 19 -0.498
19 34 26 -0.440
30 18 41 0.510
40 7 125 -0.729
42 10 53 -0.736
37 21 56 -0.664
19 30 111 -0.717
23 36 23 -0.627
14 32 66 -0.487
15 36 0 0.816
20 32 99 -0.702
27 26 39 1.305
10 19 31 0.833
41 10 49 -0.710
37 5 127 -0.750
43 13 91 -0.707
37 8 12 -0.589
20 29 23 -0.586
33 10 119 -0.535
32 27 97 -0.644
26 25 135 -0.248
22 34 25 -0.178
28 26 60 -0.475
13 38 111 -0.745
35 9 7 0.665
12 31 67 -0.078
39 16 10 -0.536
16 25 73 -0.148
36 19 120 0.074
15 34 142 -0.377
24 21 60 -0.602
27 11 4 0.976
43 7 17 -0.541
36 13 9 1.119
26 23 42 0.073
38 11 126 -0.684
36 11 89 -0.719
12 24 105 -0.492
25 16 76 1.224
41 6 14 -0.584
41 17 88 -0.216
15 29 109 0.114
15 29 102 -0.356
25 33 60 -0.649
16 22 29 -0.135
36 14 133 -0.653
41 0 12 -0.562
42 10 11 0.386
24 22 76 0.721
16 33 148 1.597
36 11 119 -0.638
25 26 61 0.116
38 19 56 -0.179
14 36 111 -0.572
22 33 99 -0.588
36 16 83 -0.617
29 22 42 -0.282
24 36 62 -0.231
16 28 28 1.524
31 17 97 -0.738
41 12 90 -0.698
28 31 115 -0.339
17 28 137 -0.635
20 23 112 1.742
37 18 8 0.600
12 42 72 0.214
27 26 62 -0.292
40 13 17 -0.581
20 37 137 -0.631
12 32 146 1.362
16 37 113 -0.670
27 25 40 -0.582
29 20 61 -0.419
10 42 102 -0.349
35 16 82 -0.408
34 7 131 -0.750
26 27 27 2.033
13 33 33 0.699
30 20 42 -0.081
20 27 5 -0.115
27 7 4 1.136
39 7 123 -0.742
35 22 19 -0.216
29 26 23 0.248
42 5 46 -0.274
40 15 17 0.145
21 29 64 0.671
17 25 149 0.833
13 36 102 0.242
33 12 123 -0.729
39 12 87 -0.472
34 22 7 0.924
12 21 69 2.344
14 27 106 1.297
12 31 70 -0.543
12 20 69 1.946
14 41 66 0.805
10 35 72 -0.109
34 21 119 -0.686
32 30 22 -0.750
17 26 74 -0.149
15 26 70 1.046
42 17 130 -0.727
34 8 8 -0.234
24 27 26 1.879
27 20 40 1.453
18 27 28 0.996
35 8 48 -0.750
41 15 46 0.379
39 13 86 -0.660
38 10 51 -0.738
40 10 13 -0.292
28 14 5 -0.560
8 32 32 1.260
41 11 51 -0.721
23 28 100 0.048
14 37 145 0.577
36 18 80 -0.582
37 18 81 -0.184
13 25 106 -0.111
43 12 17 -0.630
10 25 66 -0.140
14 30 104 -0.572
39 16 128 -0.698
8 39 102 -0.618
35 16 93 -0.687
12 36 34 -0.140
9 34 107 -0.437
15 22 70 -0.512
10 31 30 1.750
16 31 32 1.700
20 30 65 -0.166
33 19 80 -0.566
35 16 122 -0.750
29 22 135 -0.736
35 12 89 -0.749
14 39 67 2.038
41 11 49 -0.750
46 8 126 -0.750
31 16 119 -0.682
21 30 28 0.858
31 5 79 -0.348
34 20 58 -0.521
36 23 132 -0.724
17 25 104 -0.253
13 37 30 -0.216
12 30 107 0.803
13 39 68 2.133
19 35 113 -0.586
22 20 3 0.316
12 28 65 -0.516
22 23 101 -0.474
34 17 57 -0.101
40 18 53 -0.479
37 11 54 -0.625
35 22 95 -0.731
24 31 115 -0.672
39 14 10 0.801
31 17 22 0.047
37 12 123 -0.733
20 31 37 0.569
22 21 27 0.760
18 25 76 0.640
21 30 63 -0.420
21 24 111 -0.543
28 25 41 -0.406
26 23 61 -0.534
25 21 135 -0.497
8 33 30 0.301
13 30 35 4.146
39 9 11 -0.372
32 13 8 -0.399
26 18 60 -0.683
40 11 49 -0.638
20 26 138 -0.122
18 30 139 -0.700
41 11 47 -0.261
12 34 66 -0.013
13 27 71 1.233
39 14 92 -0.678
13 34 35 2.609
41 13 53 -0.674
35 12 11 -0.678
41 11 124 -0.626
29 21 42 -0.356
36 20 18 -0.510
41 7 49 -0.608
17 23 27 -0.279
19 23 27 1.096
18 28 76 1.270
23 27 101 -0.047
18 19 63 -0.516
14 38 74 -0.091
17 25 34 1.620
38 13 10 0.645
30 21 61 -0.520
29 27 21 -0.532
16 21 31 2.630
10 29 35 1.762
14 32 36 3.667
37 13 54 -0.745
31 26 57 -0.520
12 33 69 1.518
40 14 121 -0.497
17 29 74 -0.543
18 30 38 3.208
32 16 134 -0.572
18 28 113 0.723
22 28 25 -0.221
38 10 53 -0.724
32 23 44 0.658
38 15 89 -0.750
27 15 82 -0.710
13 33 35 3.177
17 37 113 -0.649
27 27 61 -0.383
31 16 40 -0.566
36 22 132 -0.727
34 7 45 -0.459
17 25 38 1.545
22 22 26 -0.319
36 17 10 1.285
42 7 9 0.833
37 9 8 2.633
38 8 49 -0.377
16 32 106 -0.401
18 30 26 0.422
37 11 131 -0.746
39 8 123 -0.694
14 34 32 5.445
39 7 13 -0.690
35 2 82 -0.609
40 7 91 -0.748
19 20 63 -0.450
34 19 41 0.523
24 26 24 0.648
23 33 62 -0.173
32 19 59 -0.491
30 28 94 -0.738
39 13 11 -0.616
14 38 36 1.469
32 26 43 -0.389
39 15 131 -0.720
39 17 130 -0.750
13 26 147 1.694
35 16 41 0.005
14 25 67 -0.376
20 21 73 0.835
32 6 119 -0.719
36 7 50 -0.750
25 21 116 -0.332
34 13 54 -0.750
42 15 86 -0.732
33 14 97 -0.321
17 31 65 -0.347
15 33 141 -0.229
39 20 55 -0.631
40 9 50 -0.726
38 22 132 -0.662
34 9 45 -0.396
12 30 69 1.454
31 18 7 -0.226
15 30 33 3.253
26 16 38 1.776
40 13 123 -0.592
18 30 37 1.440
40 10 86 -0.747
20 27 1 3.051
38 8 9 0.689
37 22 56 -0.296
38 12 18 -0.595
35 23 95 -0.626
9 43 102 -0.305
30 11 117 -0.400
34 9 44 -0.546
38 4 123 -0.707
28 21 26 1.024
26 24 114 -0.134
42 2 12 -0.672
42 6 15 -0.691
39 8 11 -0.507
40 12 17 -0.659
31 24 44 0.565
33 21 134 -0.654
34 22 57 -0.697
19 31 113 0.000
35 22 7 2.676
29 20 21 -0.495
37 14 54 -0.494
29 15 117 -0.247
15 30 142 -0.299
26 32 39 -0.535
39 10 129 -0.668
28 18 114 0.014
12 34 29 1.600
35 16 95 -0.225
17 27 75 -0.672
35 11 118 -0.243
41 10 92 -0.535
16 32 70 0.119
36 19 19 -0.364
17 27 102 -0.714
15 36 75 -0.741
16 25 141 0.478
28 19 59 -0.537
21 24 63 -0.393
37 5 87 -0.746
20 29 28 0.703
12 35 34 0.203
30 19 79 -0.688
19 19 138 -0.329
32 9 81 -0.667
16 29 140 -0.682
37 20 57 -0.092
14 30 68 2.109
39 13 17 -0.628
40 5 11 -0.213
25 28 99 0.845
15 34 102 -0.215
9 37 108 2.169
37 10 130 -0.747
42 15 52 -0.224
33 11 117 -0.631
16 30 102 -0.666
9 36 143 -0.482
41 13 92 -0.611
15 35 34 0.718
31 25 43 -0.672
12 37 70 1.022
19 25 27 3.278
26 20 116 -0.290
38 14 18 -0.211
16 22 73 2.046
35 6 82 0.169
13 35 142 -0.405
28 16 117 -0.746
20 23 138 -0.256
30 23 40 0.853
15 35 103 0.871
40 10 89 -0.661
13 33 139 -0.719
18 32 37 5.526
25 19 99 -0.692
10 37 65 -0.540
38 18 86 -0.657
27 19 98 -0.612
22 37 100 -0.510
15 34 67 0.438
40 12 124 -0.436
15 39 66 0.137
30 20 98 -0.418
17 34 37 -0.007
23 20 114 1.513
14 39 112 -0.236
15 28 148 0.658
33 22 80 -0.120
14 37 149 -0.442
36 9 7 -0.212
20 20 75 0.232
38 10 45 -0.011
26 17 5 1.185
16 30 104 1.465
39 22 94 -0.750
40 7 89 -0.745
12 37 35 3.407
24 32 24 -0.357
40 13 48 -0.496
39 12 12 0.044
33 12 10 -0.406
39 18 91 -0.629
15 38 103 1.460
19 21 1 0.485
28 28 25 -0.740
42 12 127 -0.713
33 11 9 -0.680
40 5 84 -0.281
42 13 128 -0.739
16 37 148 -0.453
35 21 7 0.467
20 19 63 -0.584
15 33 32 1.282
28 20 97 -0.721
19 18 2 0.379
23 29 139 -0.636
40 11 13 -0.482
39 18 55 -0.576
18 24 34 0.823
26 22 61 0.023
28 22 115 -0.742
42 16 128 -0.746
39 9 92 -0.736
16 38 68 0.298
30 26 60 -0.316
15 22 103 0.356
39 11 15 -0.695
25 26 98 -0.661
10 21 67 0.306
16 27 28 4.229
15 28 142 -0.003
32 21 9 -0.692
44 7 16 -0.586
23 21 3 -0.527
18 34 1 1.941
37 11 55 -0.672
30 19 118 0.470
18 24 73 0.506
10 36 143 0.375
32 12 8 -0.660
23 15 0 4.165
18 34 64 0.685
30 25 94 -0.750
22 27 2 -0.343
39 19 92 -0.750
26 29 77 0.618
15 22 28 1.658
19 39 63 -0.099
25 26 62 -0.447
29 21 41 -0.354
34 18 86 -0.694
41 7 92 -0.440
41 15 54 -0.596
37 9 45 -0.201
35 18 57 -0.277
40 9 92 -0.750
11 34 107 -0.451
38 13 17 -0.647
23 27 100 -0.494
30 13 40 0.248
10 40 30 0.170
25 23 79 -0.118
40 8 47 -0.482
26 23 59 -0.571
16 23 103 -0.684
16 35 74 2.110
24 25 116 -0.325
22 38 100 -0.703
36 9 118 0.500
24 18 82 -0.669
32 23 59 -0.223
24 19 99 -0.649
31 13 120 -0.750
38 12 11 -0.681
29 16 115 0.474
19 22 64 0.942
16 37 36 6.126
15 25 74 0.373
15 27 28 1.314
25 25 24 -0.181
42 18 125 -0.313
14 28 111 -0.278
28 29 26 0.696
11 29 102 1.746
24 23 136 -0.748
42 13 51 -0.407
13 36 33 1.368
38 14 49 -0.724
30 21 77 -0.391
36 9 18 -0.720
41 13 91 -0.733
11 36 106 -0.184
38 13 90 -0.664
23 34 137 -0.403
39 16 86 -0.698
30 21 21 -0.456
30 22 96 -0.750
15 33 74 -0.591
38 6 87 -0.707
12 33 68 1.774
30 24 42 0.191
15 32 109 -0.430
17 36 38 0.008
40 11 125 -0.606
40 13 56 -0.550
38 3 123 -0.743
14 33 70 -0.169
22 28 26 0.316
12 29 70 1.530
35 20 19 -0.375
24 22 38 3.158
9 40 35 0.206
20 25 112 2.192
40 8 17 -0.695
15 30 67 0.794
41 11 87 -0.750
38 8 125 -0.749
35 14 124 -0.750
37 3 123 -0.743
37 10 49 -0.294
27 24 41 -0.736
20 34 140 -0.377
17 21 34 1.706
16 27 140 0.423
17 36 36 4.961
31 28 97 -0.252
31 16 133 -0.695
21 34 64 -0.170
18 22 31 0.586
13 31 143 -0.384
26 30 137 -0.659
35 17 47 -0.739
15 18 1 -0.620
34 22 19 -0.202
40 17 53 -0.219
30 21 136 -0.737
37 15 10 1.250
16 29 102 -0.650
41 15 128 -0.750
39 19 55 -0.563
35 21 95 -0.582
38 13 56 -0.464
36 14 6 -0.695
42 16 91 -0.424
35 8 82 -0.192
31 16 77 -0.353
34 20 19 -0.411
17 25 144 -0.358
30 27 41 0.813
42 4 12 -0.479
38 15 18 -0.066
25 11 116 -0.692
19 30 149 -0.381
9 29 109 0.168
14 39 74 -0.420
36 12 82 -0.672
39 17 131 -0.522
18 24 68 1.619
12 34 72 1.921
37 17 6 0.624
42 14 128 -0.735
17 24 34 2.306
31 17 79 0.138
12 34 105 0.978
31 24 98 -0.742
12 34 107 -0.194
34 6 119 -0.446
16 33 75 1.080
42 7 17 -0.644
26 19 78 -0.633
17 25 28 0.931
17 31 69 0.646
28 12 82 -0.745
25 16 3 0.820
37 14 93 -0.707
43 2 12 -0.496
40 7 86 -0.678
19 19 64 -0.059
24 24 61 -0.441
27 29 41 -0.455
40 9 83 0.186
27 32 59 -0.403
42 4 50 -0.744
35 22 20 -0.645
17 33 75 0.114
15 32 75 1.863
35 23 19 -0.331
38 18 57 -0.661
33 18 43 0.074
38 2 12 -0.630
15 27 34 2.010
14 35 32 3.699
21 21 112 1.608
33 17 9 -0.499
35 16 19 -0.662
37 5 123 -0.678
19 26 64 0.557
36 13 46 -0.728
15 33 72 -0.398
21 19 139 0.406
11 30 65 0.068
18 32 65 -0.193
19 29 26 -0.286
37 8 131 -0.750
28 24 136 -0.646
23 21 138 -0.600
9 38 107 -0.413
40 4 14 -0.605
35 17 6 0.182
19 14 149 0.223
37 17 81 -0.234
23 29 63 0.524
10 35 109 1.285
37 18 83 -0.723
16 27 144 0.151
28 22 61 -0.011
23 32 77 0.601
37 19 19 -0.590
30 24 60 -0.486
13 27 145 -0.320
15 35 110 -0.108
24 30 77 -0.467
11 44 102 -0.296
26 24 5 0.793
12 42 147 -0.281
35 12 10 -0.544
12 29 107 1.471
33 18 94 -0.750
37 15 81 -0.286
20 32 65 -0.306
26 27 24 2.021
13 35 34 0.605
30 21 57 -0.627
22 28 113 0.536
37 8 18 -0.521
19 22 110 2.269
23 13 0 3.553
18 25 28 1.485
41 8 52 -0.438
18 20 141 -0.111
38 3 46 -0.559
29 15 116 -0.153
39 17 10 -0.611
12 36 30 2.689
30 16 5 0.052
16 19 31 1.757
16 34 102 -0.643
22 15 1 -0.064
41 14 88 -0.472
16 34 141 -0.402
12 36 71 -0.020
25 33 24 -0.528
40 10 18 -0.529
11 32 107 -0.240
18 25 113 1.297
43 6 88 -0.741
41 12 11 -0.492
15 32 34 0.611
40 13 53 -0.437
19 20 113 -0.002
23 23 101 -0.304
39 5 131 -0.707
21 32 101 -0.568
11 28 143 -0.147
36 13 45 0.221
33 24 6 0.385
13 42 32 0.164
19 23 110 0.207
41 16 88 -0.256
27 10 45 -0.742
27 24 114 0.063
39 14 52 -0.446
15 23 148 0.417
30 24 43 -0.743
20 28 113 -0.139
20 35 65 -0.304
31 14 96 -0.750
19 25 31 0.191
23 30 78 -0.017
24 32 77 0.018
30 22 41 0.247
14 31 147 1.324
16 26 73 0.051
13 34 70 0.594
41 4 11 -0.422
28 23 116 -0.697
24 24 24 0.376
33 24 58 -0.696
13 39 112 -0.267
27 27 135 -0.682
38 14 53 -0.686
28 26 41 0.277
33 23 80 -0.491
25 25 100 -0.523
22 34 137 -0.747
23 19 114 0.626
23 34 99 -0.750
25 22 135 -0.550
17 33 33 1.419
38 14 88 -0.406
17 27 27 0.578
38 6 131 -0.725
37 13 121 -0.744
38 9 87 -0.635
37 14 13 -0.675
19 19 1 0.635
20 22 76 0.639
18 31 38 1.980
16 27 37 5.173
26 28 61 -0.532
38 11 51 -0.492
26 16 4 -0.083
22 22 4 -0.695
16 32 113 -0.721
30 28 98 -0.689
33 15 119 -0.745
41 9 51 -0.546
37 13 122 -0.417
31 17 40 -0.072
13 29 67 0.911
38 13 122 -0.353
27 29 21 -0.603
39 10 50 -0.443
14 40 143 -0.389
39 13 87 -0.152
34 19 93 -0.750
40 15 130 -0.709
37 23 19 0.126
21 28 0 0.032
18 29 102 -0.702
34 14 96 -0.596
39 15 55 -0.616
10 38 110 -0.743
26 27 135 -0.750
30 18 40 0.153
39 10 84 -0.045
26 24 135 -0.698
14 39 105 0.047
29 23 79 0.005
29 13 117 -0.750
31 15 116 -0.609
32 23 134 -0.310
33 22 58 -0.673
43 11 129 -0.703
19 26 149 -0.557
39 7 131 -0.702
18 26 140 -0.485
25 29 99 -0.460
13 32 69 2.185
17 33 65 0.781
21 24 113 -0.203
25 26 25 0.251
34 15 8 0.448
20 29 0 0.235
20 25 139 0.319
35 16 57 -0.559
32 21 21 -0.281
36 6 11 -0.664
31 27 97 -0.686
17 18 34 2.159
27 29 60 -0.506
21 28 75 0.448
21 19 2 2.841
23 26 135 -0.729
38 11 53 -0.731
35 16 10 -0.289
10 36 30 1.265
25 19 117 -0.000
35 18 19 -0.393
32 19 80 -0.271
14 33 147 -0.395
17 30 144 -0.047
37 13 92 -0.588
36 22 57 -0.446
41 3 16 -0.583
18 20 33 2.206
18 25 33 2.833
36 14 43 0.032
17 28 26 -0.524
38 19 131 -0.720
29 14 115 1.181
25 33 23 0.065
44 5 14 -0.306
38 6 91 -0.672
23 20 25 -0.525
29 19 117 -0.732
32 11 8 -0.543
18 25 110 0.464
27 27 39 1.862
16 32 100 -0.627
40 7 54 -0.704
16 27 75 1.069
34 16 54 -0.750
31 26 59 -0.566
34 17 8 1.214
15 28 112 -0.279
39 13 122 0.198
23 28 1 3.399
28 24 135 -0.647
15 23 74 0.678
36 5 18 -0.486
29 20 117 0.186
19 33 73 0.541
40 9 11 -0.150
12 33 35 1.794
17 25 73 2.304
36 20 83 -0.415
15 20 74 -0.436
37 14 48 -0.714
11 34 72 1.171
37 18 121 -0.745
13 30 75 -0.482
36 14 122 -0.737
25 29 25 0.023
27 20 114 -0.049
17 33 149 -0.463
37 13 89 -0.750
15 39 0 0.474
26 32 23 -0.564
33 21 42 0.079
16 18 31 0.379
37 6 131 -0.626
15 32 103 0.089
38 19 8 -0.156
33 20 19 -0.691
23 26 78 -0.387
19 20 34 0.144
24 31 26 0.701
24 34 77 -0.630
11 34 35 0.752
35 19 95 -0.329
35 11 120 -0.750
18 26 27 1.221
33 19 19 -0.626
13 38 143 -0.208
37 16 9 -0.541
40 15 49 -0.727
38 14 92 -0.691
35 26 20 -0.338
41 9 127 -0.700
17 24 110 0.954
17 20 27 -0.515
38 6 123 -0.724
28 24 44 -0.693
13 37 35 2.187
37 19 92 -0.743
22 28 38 -0.139
11 38 30 2.081
36 11 47 -0.689
18 33 38 0.792
17 29 140 -0.509
36 14 45 -0.222
40 14 18 -0.669
31 13 5 0.546
16 23 140 -0.081
32 27 134 -0.745
38 16 84 -0.632
14 32 144 -0.163
12 24 70 0.808
21 36 137 -0.685
15 34 148 0.078
17 19 110 1.274
41 10 123 -0.702
35 21 20 -0.417
20 33 101 -0.432
37 15 18 0.002
27 27 62 -0.202
16 30 1 -0.360
18 23 110 0.994
36 19 20 0.882
39 15 123 -0.678
14 29 142 0.912
30 16 120 -0.750
19 26 63 -0.291
16 24 110 0.917
33 17 96 -0.583
38 13 18 -0.449
27 26 135 -0.659
38 17 9 -0.568
20 33 137 -0.657
35 11 87 -0.749
16 23 34 2.574
29 30 96 -0.732
8 33 102 -0.415
42 9 51 -0.686
27 22 5 1.265
11 30 69 0.216
15 32 149 -0.516
39 9 50 0.470
31 11 118 -0.244
41 16 54 -0.460
37 8 15 -0.685
28 11 82 -0.742
30 12 79 -0.503
40 12 11 -0.345
14 26 31 1.563
13 37 140 -0.281
34 15 20 -0.513
41 12 14 -0.504
14 23 69 2.452
29 20 22 -0.331
23 21 139 -0.263
14 33 104 1.635
35 20 80 -0.127
41 7 12 -0.085
15 36 148 -0.720
36 18 133 -0.611
25 22 99 -0.746
21 18 31 0.490
21 14 0 0.683
24 20 38 -0.059
38 10 47 -0.413
33 17 10 -0.592
41 13 129 -0.739
34 20 7 0.780
19 35 65 0.023
14 39 142 -0.262
41 11 54 -0.625
40 8 16 -0.182
39 11 14 -0.093
34 21 133 -0.746
42 8 50 -0.164
31 24 6 0.320
9 44 102 -0.445
32 14 42 0.178
15 38 102 -0.498
15 31 141 -0.309
34 16 10 -0.375
13 32 36 2.376
12 36 32 2.409
17 29 112 -0.002
23 24 24 0.831
13 24 69 0.917
12 25 106 -0.218
14 36 149 -0.626
32 13 121 -0.699
11 38 145 -0.319
16 36 75 -0.153
9 39 108 0.987
34 13 8 0.326
35 9 126 -0.750
42 13 92 -0.513
13 28 141 0.771
37 17 10 -0.274
26 34 23 -0.738
20 24 0 2.030
29 18 134 -0.476
25 24 136 -0.732
29 22 115 -0.542
10 27 105 -0.545
41 8 14 -0.695
12 35 32 2.547
16 34 72 -0.035
40 11 128 -0.750
19 31 104 0.208
21 26 38 2.283
19 20 1 0.975
37 10 121 -0.679
16 26 67 1.417
33 7 121 -0.747
23 21 149 -0.636
36 15 93 -0.659
34 9 85 -0.609
10 33 102 0.763
27 12 4 0.797
31 19 120 -0.743
15 34 103 1.082
38 9 53 -0.618
22 38 114 -0.692
30 28 96 -0.729
35 21 120 -0.109
38 11 91 -0.743
12 35 107 0.632
37 13 124 -0.750
40 12 54 -0.677
11 32 70 0.762
26 33 23 -0.612
29 17 21 0.138
38 14 87 -0.470
34 17 44 -0.750
14 32 110 -0.532
33 14 45 -0.599
37 14 80 0.462
34 18 80 -0.492
32 19 5 1.347
25 29 39 0.107
40 16 18 -0.500
29 27 60 -0.424
19 29 2 -0.415
28 18 116 0.014
12 32 67 0.927
40 7 127 -0.723
31 22 136 -0.608
30 20 22 0.287
5 44 108 -0.495
35 16 85 -0.729
11 36 68 0.271
14 31 33 1.657
34 21 80 0.080
37 11 47 -0.534
33 22 19 -0.432
30 22 22 0.821
18 25 147 1.012
11 29 69 -0.021
10 40 145 -0.388
24 30 61 -0.495
11 41 139 -0.670
29 22 43 -0.660
19 18 138 -0.446
37 12 84 -0.690
36 18 57 -0.570
22 9 0 2.225
34 4 85 -0.714
35 20 57 -0.025
24 38 77 0.825
17 28 72 1.935
43 15 124 -0.724
42 9 15 -0.556
14 35 71 0.330
19 32 140 0.165
17 26 141 0.182
42 14 83 -0.095
23 35 23 -0.567
13 35 65 -0.013
35 13 49 -0.738
20 24 74 -0.150
30 23 22 0.397
39 8 50 -0.577
39 12 126 -0.700
17 29 26 -0.680
11 38 107 -0.727
44 15 124 -0.735
42 11 127 -0.748
31 24 21 -0.346
35 20 118 -0.176
35 20 93 -0.750
43 15 53 -0.719
24 28 100 -0.373
38 12 131 -0.745
39 10 88 -0.615
28 20 118 -0.282
14 35 140 0.122
19 22 1 1.411
27 30 99 -0.500
13 26 103 0.051
25 34 99 -0.339
13 34 140 -0.567
36 11 9 1.089
41 18 88 -0.301
12 41 30 1.116
34 24 95 -0.657
39 17 55 -0.575
16 37 75 -0.322
36 17 87 -0.446
23 19 3 -0.430
23 32 24 -0.376
43 10 91 -0.520
40 8 13 -0.438
11 29 105 -0.322
35 8 7 0.744
37 10 89 -0.750
32 15 117 -0.453
27 30 39 1.698
18 29 1 1.438
24 24 114 -0.169
11 34 106 -0.605
42 8 88 -0.510
18 25 139 0.221
18 26 75 2.092
35 7 8 0.027
25 30 136 -0.634
16 30 144 0.176
35 7 119 -0.090
9 45 102 -0.559
31 22 44 0.771
28 16 116 0.733
30 17 5 2.123
15 28 141 0.543
20 25 28 2.049
34 16 9 0.048
32 15 58 -0.576
14 33 66 0.208
38 11 43 0.158
33 17 58 -0.274
40 12 86 -0.683
26 23 97 -0.748
17 36 140 0.235
36 19 132 -0.717
24 37 137 -0.746
11 29 109 0.233
42 13 49 -0.509
23 27 63 -0.569
42 12 124 -0.662
41 12 49 -0.139
29 9 117 -0.609
13 39 71 0.031
31 13 116 -0.291
15 32 71 0.442
17 34 36 5.088
13 36 35 2.881
12 39 30 1.910
26 25 98 -0.248
31 21 98 -0.452
34 10 85 -0.656
11 37 106 -0.042
30 18 134 -0.701
23 32 100 -0.543
38 9 56 -0.651
42 7 92 -0.688
18 30 1 0.614
16 41 36 2.486
36 24 120 0.098
22 30 24 -0.275
45 8 126 -0.400
16 35 67 -0.035
32 19 95 -0.750
18 35 138 -0.296
15 32 68 2.390
41 9 46 -0.343
12 36 67 -0.371
39 3 131 -0.740
18 31 139 -0.239
36 21 56 -0.687
39 16 129 -0.730
42 12 13 -0.514
25 32 25 -0.316
41 6 127 -0.728
22 25 4 -0.528
31 20 81 -0.611
23 32 78 -0.653
32 19 133 -0.601
11 34 109 1.226
40 13 50 -0.662
15 31 110 -0.445
23 25 24 -0.465
21 21 26 -0.272
39 11 11 -0.307
36 13 47 -0.750
39 15 91 -0.730
31 24 136 -0.540
17 25 74 -0.261
25 27 62 0.039
31 20 57 -0.750
44 4 126 -0.672
13 37 102 -0.654
27 24 117 0.298
42 11 129 -0.627
22 30 25 -0.408
33 17 42 0.315
40 14 55 -0.441
18 33 68 1.360
11 38 147 -0.234
33 20 6 2.076
16 30 149 -0.484
17 21 31 0.921
31 17 21 0.607
42 14 126 -0.565
37 14 57 -0.659
36 9 83 -0.728
21 19 63 0.298
28 37 60 -0.750
10 30 35 0.649
21 21 0 3.898
15 28 145 0.353
35 6 118 -0.532
15 34 105 -0.436
37 22 83 -0.703
16 32 140 0.112
41 13 125 -0.710
39 14 49 -0.750
26 21 78 -0.336
14 38 71 -0.129
32 20 6 1.129
24 32 62 -0.583
24 22 25 -0.422
29 17 117 -0.637
17 33 36 4.727
16 31 144 0.147
11 35 35 2.172
37 12 13 -0.666
35 24 57 -0.445
41 14 50 -0.003
11 32 65 -0.267
30 23 41 0.696
29 27 97 -0.747
25 24 24 0.747
14 18 74 0.321
11 35 109 0.985
35 14 49 -0.666
41 10 18 -0.566
17 23 64 1.367
23 24 3 -0.532
34 18 96 -0.331
13 37 104 -0.620
14 24 68 -0.422
20 19 2 0.662
37 1 131 -0.661
14 32 75 -0.316
38 23 56 -0.430
21 34 101 -0.449
37 5 18 -0.716
22 16 112 0.922
19 29 139 0.094
18 20 73 2.050
25 14 38 1.024
25 28 62 -0.341
36 7 18 -0.628
27 21 99 -0.679
20 26 38 2.815
13 38 106 -0.104
38 20 56 -0.690
16 19 1 -0.500
41 14 13 -0.393
37 20 19 -0.298
38 11 48 -0.632
16 21 28 1.565
41 10 15 -0.586
11 39 106 0.885
5 29 108 -0.676
37 10 48 -0.737
41 19 91 -0.657
26 26 61 -0.280
35 13 80 -0.196
32 14 9 -0.597
40 15 18 -0.655
17 32 65 0.155
25 31 77 0.246
37 19 81 0.332
34 5 44 -0.626
18 28 0 0.901
16 37 143 0.102
11 39 139 -0.750
39 6 11 -0.686
13 20 34 3.483
31 25 41 0.809
15 37 112 -0.316
34 16 119 -0.650
15 26 29 0.096
39 11 93 -0.460
12 29 31 1.235
14 24 37 2.606
16 30 142 1.199
26 22 98 -0.666
37 7 83 -0.680
39 18 131 -0.738
37 16 57 -0.548
29 24 42 -0.430
12 36 140 -0.432
29 32 135 -0.454
28 25 116 -0.691
14 32 149 -0.586
9 35 108 0.651
40 10 91 -0.647
38 9 86 -0.392
35 9 85 -0.609
31 22 134 -0.750
43 10 126 -0.345
15 38 0 0.587
37 13 80 0.041
16 22 27 -0.195
39 9 9 0.660
18 34 149 -0.490
33 18 80 -0.462
16 26 1 -0.422
38 15 45 -0.419
25 28 136 -0.748
22 20 136 -0.685
41 3 15 -0.682
14 33 0 1.511
32 26 42 0.276
16 26 140 0.385
20 24 138 -0.452
16 19 34 2.313
35 15 47 -0.576
32 27 95 -0.095
36 9 10 0.078
40 15 126 -0.656
12 34 109 2.392
36 10 83 -0.705
27 16 42 -0.231
22 34 26 0.042
32 7 123 -0.750
17 21 141 -0.197
36 17 80 -0.495
18 30 28 0.692
22 35 115 -0.536
20 25 37 5.038
39 9 48 -0.531
13 20 68 -0.075
15 25 1 -0.497
32 21 98 -0.745
17 20 31 1.577
40 12 131 -0.691
38 10 83 -0.107
30 27 42 0.144
28 15 114 -0.269
31 12 118 -0.179
38 19 93 -0.749
32 18 79 -0.604
31 17 5 0.331
38 20 120 -0.360
19 22 34 1.039
14 27 27 0.759
19 33 1 0.662
33 19 97 -0.249
34 21 95 -0.563
11 32 145 -0.365
40 5 127 -0.737
23 33 114 -0.709
13 35 143 0.439
33 15 42 0.180
20 26 111 -0.505
39 10 46 -0.350
26 19 61 -0.178
37 3 85 -0.653
40 7 92 -0.732
43 13 129 -0.750
28 19 60 -0.723
27 28 99 -0.570
11 35 71 0.407
40 18 130 -0.732
34 25 95 -0.200
15 20 69 3.378
17 31 68 0.112
25 24 3 1.156
44 9 52 -0.659
39 12 13 -0.381
11 37 71 0.136
29 26 22 0.228
36 21 121 -0.470
35 15 122 -0.750
23 28 25 -0.272
12 34 145 -0.132
21 35 99 -0.666
37 7 84 -0.672
36 10 12 -0.695
43 14 129 -0.456
31 14 80 -0.570
16 31 38 0.621
40 11 11 -0.598
25 28 39 -0.716
19 23 76 0.994
35 20 45 0.797
28 30 136 -0.588
28 24 98 -0.417
12 39 143 -0.057
35 7 47 -0.709
29 31 135 -0.592
17 37 68 0.720
23 26 99 -0.750
20 31 63 -0.587
25 19 97 -0.750
18 19 110 0.165
33 25 57 -0.729
31 19 94 -0.746
37 18 43 0.427
14 31 111 -0.051
40 7 14 -0.464
25 27 59 -0.534
27 25 39 0.406
21 23 139 0.227
42 12 129 -0.713
17 26 69 1.932
16 37 142 -0.372
33 21 6 0.488
13 27 35 1.958
38 15 56 -0.566
12 33 33 3.990
20 31 26 -0.400
37 18 6 1.102
25 34 62 -0.334
12 29 66 2.908
6 45 108 -0.593
22 25 2 -0.331
43 15 91 -0.702
15 30 144 0.234
41 8 90 -0.727
37 18 122 -0.598
27 23 135 -0.734
41 9 129 -0.750
28 12 4 0.189
34 16 20 -0.491
10 34 65 0.169
16 31 141 0.700
19 20 138 -0.546
16 33 38 -0.120
29 25 40 -0.616
41 12 53 -0.748
20 35 138 -0.375
24 15 76 0.715
26 27 39 0.107
20 40 64 -0.059
15 28 105 0.226
35 14 117 -0.750
42 10 128 -0.744
18 29 144 -0.297
42 2 46 -0.638
11 36 71 -0.180
24 14 38 0.671
15 39 75 -0.582
31 27 60 -0.595
13 38 139 -0.686
25 28 24 1.416
39 11 48 -0.361
25 30 23 0.215
37 11 132 -0.649
23 15 3 1.382
26 13 44 -0.660
33 18 21 -0.466
14 31 102 1.787
41 9 83 -0.051
30 22 118 -0.660
15 36 36 3.119
30 17 44 0.521
33 10 9 -0.456
19 28 139 -0.045
34 11 120 -0.750
39 7 124 -0.678
28 26 136 -0.743
37 17 92 -0.600
27 22 60 -0.441
27 27 136 -0.586
16 38 33 1.575
28 9 4 -0.244
38 10 8 2.517
42 11 90 -0.693
28 15 116 -0.344
11 38 32 3.330
19 23 28 1.636
40 12 53 -0.561
15 31 112 -0.615
21 16 75 -0.097
38 10 12 0.170
39 10 126 -0.723
45 3 46 -0.571
37 14 17 -0.717
33 23 57 -0.594
15 39 140 0.532
23 27 149 -0.470
37 3 7 0.833
11 42 102 -0.222
23 37 77 0.880
14 26 33 3.802
25 32 114 -0.321
16 18 1 -0.613
36 15 18 -0.526
37 15 132 -0.717
8 38 35 0.160
43 7 15 -0.648
21 32 38 -0.526
17 24 33 4.002
28 31 77 0.332
13 36 72 2.871
17 15 73 1.762
17 26 38 1.519
22 29 25 -0.393
16 32 141 -0.406
31 15 120 -0.745
28 17 42 -0.295
40 12 49 -0.535
37 25 132 -0.747
20 25 113 -0.376
27 22 62 -0.327
32 24 133 -0.750
19 36 73 0.087
30 17 22 0.532
32 27 80 -0.379
27 20 82 -0.454
19 21 38 1.588
27 20 44 -0.679
30 29 60 -0.358
41 7 15 -0.531
41 7 90 -0.750
29 15 21 -0.290
41 9 16 -0.387
42 9 92 -0.645
17 30 74 -0.468
39 19 93 -0.745
30 20 21 -0.327
31 13 81 -0.275
17 34 100 -0.704
39 13 123 -0.718
42 5 16 -0.266
13 35 109 0.048
26 20 39 3.975
30 29 22 0.260
23 17 138 -0.750
25 11 82 -0.737
21 24 101 -0.327
42 11 49 -0.685
34 10 119 -0.605
10 35 143 -0.625
21 37 100 -0.578
24 27 1 3.077
38 10 11 -0.237
29 14 21 -0.296
38 15 48 -0.312
38 11 18 -0.601
14 34 33 0.425
16 33 140 -0.695
24 27 136 -0.626
18 35 37 -0.142
18 28 1 0.664
20 36 63 -0.470
17 21 69 1.585
31 16 43 -0.435
45 6 15 -0.684
40 12 13 -0.618
14 38 145 -0.336
16 28 73 -0.045
36 8 85 -0.720
31 27 95 -0.351
15 32 66 0.759
38 12 48 -0.664
13 36 67 1.208
14 24 69 3.524
26 11 44 -0.237
17 35 112 -0.175
23 22 138 -0.578
24 33 114 -0.732
38 6 50 -0.685
30 15 5 1.421
40 9 51 -0.688
37 13 45 0.068
29 31 96 -0.750
39 15 51 -0.475
31 20 21 -0.583
30 13 77 0.642
16 33 74 1.981
24 31 24 -0.532
19 31 0 0.284
42 11 128 -0.746
17 29 149 0.710
36 11 54 -0.678
41 15 124 -0.665
26 27 23 -0.675
35 18 82 -0.552
34 17 10 -0.695
36 6 84 -0.543
10 28 65 0.210
18 24 37 2.047
31 25 97 -0.344
17 23 33 3.402
29 24 22 0.754
30 22 133 -0.545
38 12 17 -0.422
35 14 57 -0.750
38 16 55 -0.616
8 35 32 1.269
23 31 100 -0.388
43 5 51 -0.597
29 16 43 -0.644
38 10 15 -0.394
33 13 96 -0.612
18 30 27 0.039
38 7 12 -0.220
17 31 138 -0.179
20 31 64 0.250
14 25 106 1.635
20 27 28 0.954
38 17 85 -0.741
12 34 32 2.993
16 15 73 1.157
21 29 26 0.287
30 17 42 -0.301
14 36 33 -0.035
32 16 44 -0.468
37 10 132 -0.659
8 36 109 0.778
6 35 108 -0.724
18 23 0 2.047
14 31 69 0.419
10 38 108 1.146
27 20 59 -0.713
30 23 61 -0.272
14 22 110 -0.331
25 19 2 -0.001
23 25 136 -0.673
40 13 92 -0.678
41 7 17 -0.674
21 27 37 4.834
18 34 37 4.737
37 9 123 -0.750
36 20 133 -0.712
12 22 67 1.552
23 27 24 0.014
15 33 112 -0.358
25 33 62 -0.480
37 16 122 -0.561
32 22 21 -0.298
36 13 80 0.019
44 17 128 -0.678
14 30 147 1.711
28 16 43 -0.563
14 37 74 -0.040
9 34 108 0.367
12 28 68 -0.602
11 34 30 2.000
23 26 139 -0.216
38 16 121 -0.327
26 30 135 -0.710
38 17 129 -0.750
30 17 79 -0.559
11 23 65 -0.634
39 12 83 0.257
40 7 124 -0.727
38 7 121 -0.328
15 35 140 0.112
33 23 119 -0.725
23 17 118 -0.335
7 33 102 -0.547
30 34 60 -0.647
39 17 122 -0.339
27 32 23 0.528
13 39 32 0.799
39 10 49 -0.593
39 21 130 -0.750
14 26 145 0.491
38 7 87 -0.702
29 27 96 -0.714
28 22 41 -0.110
19 20 112 0.092
40 8 90 -0.749
19 31 149 -0.173
16 34 143 -0.011
31 15 5 0.476
31 9 45 -0.750
38 13 83 0.180
25 26 99 -0.750
12 31 106 -0.301
25 24 63 -0.284
20 32 63 -0.513
15 29 66 0.412
9 41 109 0.389
25 33 39 -0.713
25 15 4 0.423
22 25 24 0.517
29 19 39 1.437
24 24 139 -0.211
16 28 32 0.433
39 13 53 -0.451
16 30 141 -0.466
17 31 75 0.014
14 39 32 0.425
41 3 12 -0.470
41 13 17 -0.592
11 30 144 -0.416
41 5 88 -0.662
36 16 94 -0.716
38 15 93 -0.696
42 11 121 0.377
23 29 62 -0.442
25 36 77 1.784
21 27 113 -0.375
35 19 45 0.586
23 30 1 1.749
20 35 101 -0.605
17 14 2 0.048
29 19 41 -0.112
19 29 147 -0.464
15 28 67 1.495
23 23 25 0.256
38 16 89 -0.750
40 8 124 -0.705
19 23 69 2.343
15 33 144 0.096
13 36 69 0.154
42 4 17 -0.612
16 24 148 1.183
34 18 8 -0.118
10 33 32 0.969
34 17 117 -0.578
38 24 130 -0.749
38 15 124 -0.729
19 21 3 -0.256
30 14 118 -0.185
15 22 73 2.333
23 30 62 -0.526
35 18 132 -0.750
29 26 40 -0.477
10 32 143 0.178
42 12 50 -0.545
39 14 91 -0.747
41 7 127 -0.750
41 6 84 -0.191
37 15 8 -0.207
10 33 33 1.110
35 14 126 -0.750
24 21 82 -0.650
39 17 120 -0.319
41 6 16 -0.693
16 38 137 -0.740
32 29 22 -0.336
28 18 78 0.315
18 34 148 0.544
20 28 63 -0.457
37 15 84 -0.443
16 35 100 -0.738
23 22 76 -0.345
12 42 102 -0.318
23 25 135 -0.646
21 29 37 4.148
22 32 0 0.661
34 17 82 -0.741
30 26 58 -0.665
37 2 131 -0.709
44 13 52 -0.599
32 24 21 0.367
12 30 27 -0.475
29 17 77 0.244
22 31 63 -0.608
13 34 109 0.171
27 20 116 -0.493
24 25 25 -0.241
31 16 115 -0.516
20 15 75 -0.346
31 12 117 -0.290
16 25 64 1.631
14 37 109 -0.566
31 19 77 -0.264
37 12 15 -0.695
16 29 29 -0.289
22 34 24 -0.122
14 37 66 -0.001
16 29 70 0.374
26 30 62 -0.204
37 11 91 -0.689
12 39 70 1.397
37 23 120 0.448
40 11 47 -0.306
14 30 142 0.646
14 31 105 0.821
24 19 2 -0.192
41 13 16 -0.513
42 13 52 -0.288
31 27 120 -0.505
16 19 74 0.232
41 9 124 -0.698
31 13 79 -0.002
41 17 125 -0.661
41 10 53 -0.721
32 26 95 -0.385
23 17 3 0.235
19 20 110 0.198
43 5 13 -0.130
36 22 130 -0.750
32 25 58 -0.561
37 6 86 -0.627
17 28 102 -0.702
22 32 79 -0.740
19 26 73 0.439
32 23 22 -0.109
31 24 97 -0.318
27 19 115 -0.604
26 30 99 -0.489
30 25 136 -0.676
21 27 1 3.793
13 27 149 -0.535
42 19 125 -0.515
38 13 89 -0.748
25 25 114 0.232
19 25 38 1.797
15 34 144 0.295
37 13 56 -0.392
39 11 121 0.154
34 19 6 1.256
33 21 20 -0.157
32 14 97 -0.470
17 42 137 -0.688
21 21 38 2.116
4 42 108 -0.700
19 22 26 0.214
33 23 133 -0.506
38 11 46 -0.711
12 40 72 0.473
37 19 93 -0.750
38 11 14 -0.117
15 29 141 -0.161
21 24 139 -0.616
39 6 12 -0.309
40 13 129 -0.721
42 11 92 -0.659
39 14 54 -0.313
36 21 94 -0.728
37 16 133 -0.657
22 33 79 -0.750
28 31 96 -0.750
31 25 58 -0.727
41 17 130 -0.746
35 8 47 -0.684
22 20 114 0.452
16 24 33 3.978
38 13 93 -0.692
37 19 94 -0.745
12 40 30 0.333
30 30 60 -0.543
35 12 49 -0.641
39 8 84 0.102
41 15 88 -0.661
34 19 119 -0.749
30 16 39 1.769
27 28 42 0.128
39 10 51 -0.669
18 37 73 -0.020
29 24 60 -0.354
35 13 11 -0.695
27 22 63 -0.566
37 13 120 -0.250
37 13 46 -0.715
28 14 40 1.089
36 11 121 -0.478
40 14 91 -0.702
27 31 23 -0.358
24 28 63 -0.588
38 18 93 -0.747
32 21 120 -0.738
11 33 108 0.219
13 39 111 -0.583
29 27 59 -0.743
21 23 2 -0.032
39 14 51 -0.506
15 34 70 -0.295
44 11 52 -0.624
12 30 140 -0.396
11 40 71 0.005
18 23 76 1.010
33 27 22 -0.377
28 14 116 0.569
30 26 133 -0.643
25 25 135 -0.273
17 27 144 -0.122
28 27 62 -0.738
15 33 68 0.435
14 40 113 -0.601
26 26 79 -0.689
14 32 70 0.760
23 29 137 -0.681
41 11 14 -0.465
26 15 5 -0.092
36 14 47 -0.504
31 26 22 -0.063
14 24 71 3.123
35 9 44 -0.501
40 10 55 -0.727
27 24 136 -0.458
39 11 86 -0.492
38 10 87 -0.743
38 12 7 -0.491
15 27 27 -0.261
40 17 130 -0.750
45 4 88 -0.750
39 13 18 -0.711
35 18 20 0.236
15 33 104 -0.255
35 12 9 0.843
21 27 38 -0.091
37 10 124 -0.750
39 15 17 -0.396
18 21 110 1.312
32 25 57 -0.534
32 21 96 -0.612
40 10 45 0.209
32 14 81 -0.611
17 33 100 -0.749
31 16 116 -0.575
37 14 56 -0.434
40 10 125 -0.670
20 23 149 -0.211
30 24 41 0.298
33 24 80 -0.436
9 42 107 -0.715
27 24 99 -0.685
18 31 65 -0.409
20 26 75 0.505
12 33 106 -0.045
40 16 84 -0.558
38 20 133 -0.611
34 16 95 -0.558
36 7 84 -0.582
33 10 8 0.005
17 35 113 -0.727
26 20 61 -0.450
36 5 85 -0.706
14 22 106 0.465
16 22 74 0.523
37 16 17 -0.546
9 41 107 -0.502
35 7 85 -0.609
13 27 103 0.154
15 19 69 3.167
29 11 4 -0.013
34 22 80 -0.054
27 19 60 -0.732
37 11 53 -0.750
35 17 94 -0.737
32 19 42 -0.104
30 21 98 0.005
15 22 34 2.076
37 12 90 -0.711
31 18 81 -0.470
14 36 143 0.137
34 19 21 -0.579
36 22 56 -0.576
45 10 17 -0.484
36 16 45 0.136
35 8 127 -0.750
31 19 118 0.263
36 9 126 -0.604
13 24 29 0.241
36 13 12 -0.469
36 12 20 -0.680
40 13 14 -0.313
44 11 124 -0.737
34 16 86 -0.667
30 21 23 -0.397
35 14 46 -0.491
5 43 108 -0.586
37 7 48 -0.709
20 24 25 1.142
14 20 73 0.258
41 8 51 -0.635
11 36 65 0.575
34 15 41 0.019
11 34 143 -0.196
37 19 133 -0.657
38 11 86 -0.680
42 11 124 -0.548
31 26 135 -0.695
25 37 77 0.960
20 23 25 2.080
35 12 80 -0.197
14 32 106 -0.435
28 21 135 -0.705
17 34 140 -0.453
41 7 123 -0.744
33 13 84 -0.486
25 28 23 0.117
18 39 140 -0.422
38 4 85 -0.727
28 17 4 0.183
21 18 75 0.337
20 27 65 -0.468
18 26 28 1.698
40 12 92 -0.705
17 22 34 2.069
13 35 67 0.417
23 34 25 -0.474
17 29 28 0.314
24 25 24 0.520
30 25 98 -0.301
29 18 115 -0.508
14 29 68 0.427
8 35 108 0.313
26 16 82 -0.747
43 16 52 0.109
24 30 27 1.674
33 5 8 -0.428
16 28 34 0.601
17 24 31 0.580
26 18 4 -0.033
32 3 82 -0.728
29 25 98 0.115
19 23 0 1.208
43 11 49 -0.482
35 14 54 -0.750
39 15 83 0.130
43 17 128 -0.692
30 14 5 0.530
40 3 16 -0.541
38 13 13 -0.489
27 27 60 -0.106
15 32 74 -0.372
37 8 16 -0.627
37 16 89 -0.746
19 30 1 -0.154
9 36 146 -0.146
19 21 26 0.367
24 26 149 -0.530
23 21 101 -0.060
15 25 149 -0.495
14 28 37 0.944
11 40 30 3.249
38 17 92 -0.750
19 26 148 0.310
15 35 74 -0.040
39 8 89 -0.671
41 13 127 -0.743
26 24 6 0.014
16 27 142 -0.183
24 16 1 3.014
27 28 26 0.096
31 14 81 -0.459
32 27 58 -0.632
36 12 133 -0.715
7 38 108 -0.013
14 34 104 -0.221
9 37 107 -0.470
24 32 99 -0.723
29 17 5 0.160
29 16 40 1.000
28 24 97 -0.750
37 21 133 -0.607
26 30 77 0.051
38 16 91 -0.685
35 9 84 -0.480
27 23 82 -0.431
37 20 132 -0.704
23 32 62 -0.193
35 12 54 -0.750
27 21 39 1.473
40 6 15 -0.583
21 22 138 -0.455
16 39 137 -0.688
14 31 140 -0.061
33 12 117 -0.498
14 32 71 -0.135
22 19 27 0.345
22 33 138 -0.343
40 10 84 -0.019
35 7 7 -0.470
16 30 34 0.802
24 26 25 0.484
15 26 71 -0.031
15 35 147 0.882
14 25 144 -0.465
38 17 120 -0.186
29 13 116 -0.427
29 19 22 -0.112
14 41 140 -0.363
12 31 109 0.650
9 38 109 0.919
39 18 122 -0.455
11 33 30 1.508
38 10 90 -0.695
17 27 149 0.023
17 27 111 0.201
21 30 113 -0.314
42 11 54 -0.750
15 34 34 0.614
35 17 85 -0.747
42 10 124 -0.534
28 25 44 -0.698
39 13 124 -0.745
30 24 135 -0.750
18 26 65 0.219
39 16 123 -0.750
37 17 132 -0.750
13 41 140 -0.481
39 15 85 -0.094
34 21 93 -0.749
18 27 148 0.351
20 36 101 -0.511
37 24 121 -0.384
35 17 18 -0.647
26 26 63 -0.618
24 27 114 -0.554
41 14 91 -0.575
42 9 49 -0.718
37 12 48 -0.750
39 12 125 -0.743
11 34 70 1.119
40 13 85 0.093
15 32 140 0.553
18 33 27 0.137
28 17 116 0.807
22 22 113 -0.714
12 27 107 0.476
20 27 38 3.643
29 24 21 -0.470
31 17 44 -0.191
19 22 2 0.667
27 25 114 0.528
27 16 82 -0.738
26 28 39 -0.562
34 17 133 -0.630
13 35 70 0.771
18 35 140 0.064
42 8 12 -0.507
34 16 79 0.654
38 8 14 -0.619
38 6 18 -0.522
16 33 102 -0.368
19 32 101 -0.464
36 16 57 -0.427
25 29 27 1.460
28 19 41 0.289
32 21 6 0.734
14 29 111 0.607
43 14 125 -0.750
35 20 132 -0.723
39 12 10 0.366
26 14 116 -0.425
19 35 64 0.320
36 21 91 -0.352
23 28 79 -0.725
17 30 149 -0.131
33 15 80 -0.458
17 29 64 1.469
23 24 28 1.387
32 21 116 -0.585
29 18 40 1.849
20 21 138 -0.456
19 24 2 0.456
34 14 91 -0.750
29 22 96 -0.732
28 21 61 -0.400
25 17 5 0.737
40 10 130 -0.749
14 27 31 1.798
34 15 95 -0.052
26 8 4 1.205
11 37 32 2.375
40 14 83 0.643
10 33 30 1.787
28 18 41 -0.391
35 20 18 -0.795
30 17 77 0.587
21 20 114 0.677
38 9 48 -0.636
12 38 71 0.116
12 41 112 -0.263
31 17 94 -0.750
27 25 98 -0.550
10 31 68 0.216
42 14 49 -0.307
27 29 115 -0.600
24 15 2 0.096
42 13 17 -0.634
13 36 36 1.529
39 5 15 -0.695
21 26 28 1.481
6 29 108 -0.620
22 22 28 0.979
28 21 22 0.185
27 32 134 -0.750
10 34 32 2.462
29 16 118 -0.713
35 16 121 -0.325
34 14 43 0.382
29 24 98 -0.042
35 14 121 -0.750
14 34 112 -0.241
33 17 81 -0.745
36 17 56 -0.630
25 13 4 -0.172
20 30 28 0.432
19 21 73 0.714
41 14 128 -0.750
30 18 61 -0.071
33 26 120 -0.150
17 31 145 0.577
18 21 73 3.330
20 29 2 1.221
35 17 82 -0.373
16 32 110 -0.081
23 23 3 -0.241
14 21 31 1.976
39 8 91 -0.725
13 26 36 4.194
11 34 67 2.082
15 34 113 -0.687
11 32 143 0.237
32 12 45 -0.572
24 25 99 -0.701
36 3 7 -0.282
39 8 49 -0.725
14 34 68 0.505
23 21 2 2.393
34 15 9 0.032
35 16 45 0.085
24 24 82 -0.636
40 16 46 0.403
40 18 88 -0.303
14 31 67 0.597
40 14 87 -0.362
34 14 56 -0.750
42 14 46 1.719
27 24 135 -0.404
38 17 122 -0.194
31 4 79 -0.081
24 22 136 -0.750
22 26 0 0.577
30 10 117 -0.529
36 16 56 -0.675
14 26 36 4.176
23 18 3 -0.584
34 22 96 -0.534
44 7 46 -0.047
26 15 78 -0.678
15 26 74 -0.300
33 25 95 -0.102
36 5 118 -0.037
40 10 52 -0.630
18 16 2 0.993
40 13 18 -0.458
13 34 0 -0.695
39 10 91 -0.693
38 21 131 -0.750
36 14 49 -0.750
23 24 100 -0.553
16 26 144 -0.291
41 14 18 -0.050
30 19 115 0.275
40 12 52 -0.533
27 17 118 -0.635
21 18 0 0.868
28 26 134 -0.750
20 34 26 -0.001
35 14 82 -0.703
41 15 17 -0.442
26 27 99 -0.698
36 15 45 0.188
36 13 83 -0.580
38 16 131 -0.692
13 31 67 1.015
38 7 124 -0.685
25 30 77 -0.611
37 19 130 -0.740
39 16 93 -0.710
10 41 71 -0.002
43 12 88 -0.538
38 12 85 -0.240
44 6 52 -0.741
34 17 132 -0.750
42 7 14 -0.480
40 11 91 -0.616
30 27 21 -0.610
15 34 0 0.083
15 33 147 -0.584
28 25 59 -0.571
12 22 69 3.300
37 10 53 -0.750
11 32 29 2.217
12 33 103 -0.515
14 28 140 0.598
32 20 116 -0.683
9 29 35 1.722
19 28 100 -0.748
34 22 95 -0.376
42 15 10 0.847
18 36 138 0.515
39 13 92 -0.750
15 32 70 -0.296
24 34 24 -0.399
36 23 22 -0.313
42 9 50 -0.540
33 26 21 0.448
36 5 45 -0.603
15 29 149 -0.477
36 7 11 -0.439
38 7 85 -0.488
33 18 19 -0.209
12 39 35 3.806
33 13 9 -0.546
41 5 84 0.197
12 40 68 2.826
17 31 143 -0.477
22 20 62 -0.661
14 35 142 -0.301
24 25 63 -0.098
16 31 140 0.113
15 21 29 0.909
40 16 88 -0.247
37 4 84 -0.020
28 22 134 -0.717
12 26 106 -0.036
39 9 127 -0.750
26 25 78 -0.670
31 15 117 -0.618
18 30 103 -0.228
15 37 74 -0.079
18 27 139 -0.672
12 32 33 4.718
33 9 123 -0.743
14 31 70 -0.472
12 34 112 -0.475
22 23 25 0.256
41 14 124 -0.748
28 27 136 -0.693
37 20 56 -0.547
25 31 79 -0.719
35 15 49 -0.644
11 34 110 -0.727
41 15 50 -0.437
30 27 98 -0.562
43 10 15 -0.258
13 29 74 -0.597
14 37 146 0.397
13 37 112 -0.169
38 4 46 -0.547
12 36 66 2.563
25 27 61 -0.071
16 32 75 1.501
12 29 34 -0.241
15 33 71 0.362
23 28 39 0.124
32 17 134 -0.667
42 12 51 -0.702
14 34 71 -0.177
31 18 22 -0.106
23 28 27 -0.014
12 37 107 -0.040
42 6 46 -0.238
33 12 119 -0.629
14 28 31 1.260
35 8 118 -0.402
28 28 135 -0.556
12 39 71 0.283
24 17 2 0.327
32 19 134 -0.234
8 38 109 -0.539
41 19 88 -0.655
22 32 78 -0.711
42 15 51 -0.353
31 19 58 -0.738
33 16 121 -0.234
25 28 135 -0.646
25 25 62 -0.216
45 16 51 -0.655
42 15 125 -0.582
12 24 33 5.586
24 21 116 -0.459
20 39 138 -0.645
40 13 125 -0.750
32 22 118 0.045
18 22 69 1.735
10 28 102 0.004
28 23 39 -0.143
21 18 2 2.389
11 21 107 0.192
40 6 11 -0.680
24 16 114 1.167
41 13 130 -0.658
1 47 108 -0.624
14 22 73 -0.352
34 24 132 -0.742
33 13 20 -0.561
17 29 104 0.282
24 24 62 -0.613
35 15 18 -0.751
34 19 97 -0.604
14 27 75 1.089
19 29 76 -0.245
37 18 57 -0.336
41 10 130 -0.728
12 39 68 0.188
21 10 0 1.815
31 18 119 -0.638
37 10 87 -0.732
12 32 143 0.033
31 28 43 -0.632
21 21 3 -0.239
22 33 114 -0.727
23 16 3 1.189
28 23 59 -0.446
21 21 139 0.157
18 20 31 0.887
11 41 106 0.140
40 6 14 -0.683
30 24 21 -0.240
32 26 133 -0.750
32 14 45 -0.748
35 18 94 -0.588
40 17 17 -0.390
38 11 85 -0.230
24 31 77 0.126
18 20 27 -0.221
19 27 76 1.568
38 11 89 -0.738
33 14 115 0.883
36 14 9 0.096
15 25 73 0.783
0 44 108 -0.685
33 17 80 -0.463
37 17 131 -0.734
35 13 56 -0.684
36 6 83 -0.728
30 21 95 -0.637
29 18 41 -0.500
33 20 97 -0.542
30 16 79 -0.574
37 20 91 -0.750
38 7 90 -0.571
34 10 121 -0.705
39 12 91 -0.750
17 27 104 0.294
37 12 89 -0.743
36 13 92 -0.670
20 34 64 -0.045
13 20 33 5.540
35 7 45 -0.401
26 16 3 1.039
20 30 27 1.789
13 37 147 -0.308
29 17 39 1.757
41 20 88 -0.205
29 28 116 -0.708
35 9 11 -0.329
16 28 1 -0.034
32 23 98 -0.409
40 16 11 -0.254
15 36 106 -0.122
24 36 23 -0.488
22 20 24 0.422
11 39 109 0.523
41 10 124 -0.722
13 40 29 0.158
45 8 17 -0.513
16 37 72 0.103
41 12 47 -0.144
22 37 62 -0.286
16 36 104 -0.282
35 23 132 -0.750
23 26 26 0.485
13 36 70 2.718
39 5 126 -0.750
43 4 88 -0.610
32 19 40 -0.252
17 26 73 3.048
23 18 61 -0.707
22 29 2 -0.647
15 33 113 -0.652
14 33 142 0.261
33 16 96 -0.606
18 24 141 -0.115
32 13 96 -0.694
35 13 121 -0.533
33 22 97 -0.538
25 25 25 0.532
41 8 124 -0.636
42 13 125 -0.682
32 23 42 1.167
31 23 43 -0.467
28 26 59 -0.660
21 36 64 -0.171
31 19 59 -0.743
29 24 59 -0.750
15 24 29 -0.002
11 37 70 0.866
15 32 113 -0.586
39 5 84 -0.200
39 10 124 -0.489
14 30 105 0.582
40 11 10 1.196
41 12 123 -0.598
35 9 119 -0.031
19 23 1 1.301
31 23 21 -0.414
36 17 20 -0.716
36 1 131 -0.728
28 13 4 0.642
29 11 115 0.681
21 25 138 -0.500
24 9 78 -0.638
42 3 46 -0.513
42 16 88 -0.712
23 34 24 -0.563
31 14 120 -0.443
40 2 131 -0.646
41 14 48 -0.524
25 24 99 -0.718
34 20 6 0.472
12 21 71 0.955
37 5 15 -0.686
31 28 134 -0.750
25 26 5 0.454
21 28 28 1.308
16 30 148 1.228
15 31 36 1.701
25 29 101 -0.171
29 21 97 -0.624
24 13 1 2.972
19 23 2 0.330
42 1 12 -0.570
15 29 32 4.242
20 28 26 1.048
37 14 122 -0.099
40 11 48 0.014
31 22 80 -0.541
16 29 1 0.912
39 3 12 -0.695
12 37 72 0.959
37 20 18 -0.609
33 18 81 -0.750
39 17 92 -0.743
13 26 66 0.484
15 24 111 -0.427
25 32 60 -0.602
44 13 127 -0.750
32 22 134 -0.243
36 12 50 -0.740
34 15 10 -0.462
17 30 65 -0.291
35 11 119 -0.120
22 34 100 -0.457
41 14 129 -0.669
42 15 93 -0.617
20 24 3 0.236
16 26 34 0.788
27 25 42 0.075
26 20 97 -0.622
40 10 49 -0.528
9 36 102 -0.251
31 19 22 0.351
32 25 43 -0.552
36 5 7 -0.486
33 9 84 -0.684
18 28 140 0.204
12 39 102 -0.274
19 35 26 -0.341
18 24 65 0.896
20 23 31 0.432
32 14 44 0.484
35 19 19 -0.404
40 4 46 -0.709
26 20 76 -0.450
19 15 75 -0.339
33 11 44 -0.474
13 38 72 1.981
15 31 74 -0.233
12 30 67 -0.515
40 10 16 -0.585
36 21 6 1.981
35 17 132 -0.745
15 23 141 -0.204
16 27 27 0.035
22 17 0 2.477
23 25 78 -0.210
17 23 28 1.834
36 22 120 0.196
13 27 36 4.127
17 32 148 -0.171
13 30 32 4.263
11 36 146 0.742
27 23 77 0.124
25 24 60 -0.125
18 27 142 0.357
34 21 57 -0.603
34 20 20 -0.143
38 14 123 -0.555
16 39 140 0.562
16 28 75 1.687
18 27 27 1.389
15 35 0 1.222
36 14 134 -0.555
29 22 41 0.691
26 23 60 -0.512
13 32 67 1.425
43 8 17 -0.695
27 21 116 -0.222
26 20 44 -0.750
42 12 91 -0.394
38 3 12 -0.689
43 4 126 -0.667
23 23 76 -0.205
38 13 129 -0.750
32 16 115 -0.586
14 31 142 0.085
17 24 27 -0.377
38 5 12 -0.695
15 33 103 0.446
14 34 106 -0.500
19 28 73 -0.211
35 16 20 -0.261
34 12 9 -0.555
8 37 102 -0.224
19 28 149 -0.322
12 27 140 -0.334
27 21 97 -0.738
37 13 53 -0.723
27 20 76 -0.534
16 27 110 0.234
33 19 43 0.170
24 22 5 0.072
14 28 147 2.040
37 17 133 -0.741
34 15 56 -0.750
30 22 23 -0.458
14 35 34 1.424
29 23 25 0.244
40 14 125 -0.661
32 17 10 -0.390
15 32 142 -0.218
26 26 77 0.656
43 12 16 0.675
37 14 121 -0.644
22 23 2 0.028
15 33 102 -0.744
28 35 77 0.396
13 26 107 0.783
43 13 128 -0.737
42 7 16 -0.149
31 24 60 -0.267
18 26 64 1.168
19 39 138 -0.470
26 12 4 1.628
36 24 95 -0.291
16 21 147 0.833
30 13 116 -0.449
30 25 97 -0.368
39 14 55 -0.603
16 36 36 3.102
16 39 0 -0.383
17 30 113 -0.492
24 24 149 -0.452
35 5 44 -0.679
14 22 29 0.215
41 10 129 -0.750
18 36 1 -0.195
41 12 16 0.440
18 33 102 -0.727
31 22 117 -0.695
13 27 107 0.541
32 5 82 -0.688
42 9 90 -0.750
33 10 124 -0.750
23 34 62 -0.250
34 14 124 -0.747
19 26 26 -0.349
14 32 147 -0.126
28 29 136 -0.550
12 24 31 2.704
33 26 133 -0.573
19 23 34 1.696
38 6 15 -0.695
40 12 129 -0.581
41 16 125 -0.525
37 10 15 -0.693
37 17 7 -0.522
13 22 107 2.135
13 33 72 1.599
36 15 89 -0.708
20 37 101 -0.588
10 41 72 -0.413
24 28 23 0.232
37 11 18 -0.167
14 34 109 0.112
18 36 37 -0.667
13 32 35 3.194
42 10 91 -0.750
35 8 126 -0.734
37 23 132 -0.614
14 30 146 0.396
16 20 34 0.792
19 27 65 0.346
39 11 53 -0.481
29 16 117 -0.733
9 35 35 1.635
35 7 87 -0.750
39 10 131 -0.743
32 16 41 0.787
49 5 88 -0.734
36 12 57 -0.559
35 17 81 -0.229
22 20 112 1.709
38 13 49 -0.264
7 28 108 0.109
44 11 127 -0.750
39 14 128 -0.750
24 21 4 -0.394
14 37 67 0.656
39 0 12 -0.673
31 18 134 -0.676
31 22 21 0.063
12 38 143 -0.368
16 37 0 -0.274
27 29 23 -0.748
39 9 122 -0.537
31 16 118 0.190
33 22 59 -0.623
20 16 31 0.163
14 25 141 -0.325
38 14 10 1.277
42 17 52 -0.366
27 24 25 0.559
39 11 90 -0.710
29 26 115 -0.745
23 24 101 -0.238
28 17 39 0.410
31 16 96 -0.640
27 30 60 -0.647
20 27 76 0.596
21 13 138 -0.610
28 19 120 -0.728
13 25 66 -0.591
36 16 93 -0.741
38 16 57 -0.189
42 19 130 -0.574
31 20 94 -0.742
37 17 120 -0.475
14 23 145 -0.328
35 9 45 -0.188
32 22 42 0.672
37 4 18 -0.503
30 20 61 -0.151
31 23 42 -0.340
24 23 3 0.952
29 26 98 -0.727
20 28 137 -0.543
20 31 0 0.420
14 37 142 -0.159
29 26 136 -0.662
29 24 136 -0.722
39 10 85 -0.241
30 21 58 -0.626
27 19 116 -0.344
32 18 134 -0.432
40 11 53 -0.741
29 22 118 -0.230
41 10 122 -0.750
13 38 102 -0.738
17 26 144 0.097
27 31 99 -0.471
15 37 149 -0.623
40 7 51 -0.727
36 1 82 -0.561
33 8 45 -0.295
28 20 77 -0.738
30 21 41 0.205
12 39 32 1.645
12 27 145 -0.465
16 24 65 0.115
30 21 117 -0.408
35 18 118 -0.045
45 2 88 -0.709
18 24 112 1.153
35 23 57 -0.666
13 30 70 0.904
19 26 74 -0.125
25 24 76 -0.148
39 12 53 -0.622
42 8 17 -0.658
13 30 72 1.554
29 17 40 1.618
8 38 102 -0.243
14 30 66 -0.043
21 34 138 -0.050
12 35 30 0.912
14 34 36 2.124
34 11 47 -0.203
37 19 131 -0.731
12 24 66 -0.732
17 28 140 0.693
23 26 39 0.064
34 15 7 0.398
16 37 103 0.930
41 7 16 -0.528
20 31 101 -0.583
19 34 64 0.462
10 32 106 -0.698
28 29 21 -0.629
38 18 8 0.757
16 25 31 1.357
31 18 96 -0.735
26 10 4 1.777
24 21 135 -0.301
35 11 127 -0.745
24 25 4 -0.692
21 19 0 5.196
41 9 92 -0.612
43 3 12 -0.592
17 36 69 0.130
43 11 46 0.876
31 32 96 -0.717
11 31 35 2.005
16 33 113 -0.720
30 18 22 -0.543
40 7 46 -0.391
25 27 23 0.388
27 25 82 -0.421
30 23 44 0.753
16 32 72 1.399
41 13 47 -0.267
42 7 53 -0.729
14 37 147 -0.101
14 31 146 0.319
36 9 87 -0.628
11 26 71 0.128
29 23 43 -0.699
24 28 27 0.898
29 20 79 -0.729
21 24 76 0.052
19 25 141 -0.150
33 12 43 -0.066
27 28 135 -0.379
33 19 42 0.451
36 12 15 -0.695
28 14 4 0.761
15 31 149 -0.304
13 36 143 0.151
8 40 145 -0.237
40 11 14 -0.386
39 15 122 -0.644
31 20 58 -0.727
34 7 8 -0.184
42 13 54 -0.620
11 41 30 0.135
34 12 119 -0.127
13 26 33 2.490
27 15 40 0.999
34 20 93 -0.750
28 28 116 -0.684
38 22 120 -0.201
41 13 18 -0.398
30 28 43 -0.732
15 27 144 0.242
25 31 60 -0.497
42 13 129 -0.681
20 29 5 0.088
31 9 79 0.105
31 13 7 -0.244
30 12 7 1.269
33 24 95 -0.370
19 35 148 0.685
32 24 80 -0.428
16 33 37 1.991
20 29 63 -0.571
13 30 148 -0.619
39 9 89 -0.737
13 32 29 1.869
12 32 105 -0.482
28 21 136 -0.750
26 16 39 0.883
11 33 107 -0.416
19 31 140 0.021
11 39 145 -0.105
20 25 1 3.900
19 34 63 -0.196
39 21 94 -0.741
36 16 18 -0.369
19 27 31 1.367
40 11 130 -0.745
28 20 76 -0.475
26 10 44 -0.730
34 23 58 -0.513
29 20 98 -0.251
29 21 61 -0.335
26 19 22 -0.368
22 32 137 -0.748
10 38 107 -0.552
40 13 49 -0.567
37 16 91 -0.750
30 24 57 -0.442
42 3 17 -0.681
30 28 21 -0.718
28 33 77 0.535
28 22 79 -0.439
21 25 28 1.002
42 12 52 -0.482
36 21 80 -0.245
17 32 104 1.187
38 16 90 -0.750
21 24 1 2.069
35 10 132 -0.698
36 15 7 0.276
19 34 101 -0.626
15 41 75 -0.698
35 7 44 -0.618
35 16 87 -0.516
38 14 131 -0.688
15 35 32 0.354
38 14 57 -0.274
35 16 56 -0.716
29 16 77 0.550
14 32 69 1.287
23 25 3 -0.130
19 32 137 -0.218
30 26 97 -0.722
15 37 109 -0.317
25 24 59 -0.572
30 19 59 -0.463
37 7 87 -0.739
13 28 107 1.612
33 22 98 -0.253
16 34 36 5.232
12 35 143 0.748
24 14 0 1.781
29 22 136 -0.743
26 19 3 1.638
41 15 125 -0.621
33 14 47 -0.499
37 14 92 -0.634
16 38 112 -0.247
35 24 58 0.385
15 28 37 0.627
15 33 30 2.649
12 36 69 1.938
20 26 76 0.702
39 16 8 2.015
41 10 14 -0.436
20 30 101 -0.738
43 15 129 -0.711
27 15 61 -0.494
41 7 124 -0.734
14 34 147 0.712
29 26 42 0.149
33 21 81 -0.721
15 19 73 1.032
15 36 149 -0.603
19 32 65 1.482
36 10 9 0.214
33 21 95 -0.559
24 27 78 -0.574
34 24 6 1.807
42 7 51 -0.701
25 35 77 0.802
10 37 146 -0.472
26 18 3 1.433
36 23 120 0.418
42 17 129 -0.708
21 24 75 1.808
11 26 67 -0.750
17 30 104 0.242
30 28 22 1.262
15 28 110 -0.654
36 12 132 -0.687
26 27 114 0.440
12 38 33 0.277
21 29 138 -0.611
13 30 141 0.163
35 23 20 -0.034
37 11 123 -0.736
41 12 15 -0.609
15 42 137 -0.668
19 38 63 -0.136
21 28 37 4.302
17 37 36 3.440
14 35 66 1.132
29 19 43 -0.548
39 15 53 -0.705
32 17 120 -0.726
20 24 27 3.223
15 25 64 -0.038
39 5 12 -0.470
16 20 141 -0.422
11 37 146 -0.107
16 38 72 -0.452
32 18 5 0.892
36 23 56 -0.547
39 18 88 -0.230
35 13 83 -0.275
26 18 61 -0.142
10 35 30 1.509
40 6 91 -0.418
16 40 36 3.487
30 27 94 -0.750
28 21 60 -0.666
38 21 19 0.498
22 24 101 0.188
22 26 113 0.505
35 0 82 -0.671
41 18 91 -0.701
23 19 63 -0.031
13 33 74 -0.259
15 33 142 -0.185
9 40 108 0.435
29 23 60 -0.379
40 15 129 -0.591
26 13 116 -0.188
34 5 8 -0.543
28 27 96 -0.676
10 40 139 -0.657
22 23 149 -0.196
13 30 67 -0.090
16 34 70 0.011
13 33 106 1.492
32 24 43 -0.300
22 33 62 -0.272
39 10 48 -0.692
14 30 31 1.467
29 30 135 -0.750
20 27 2 0.550
24 29 60 -0.745
16 33 66 0.379
40 10 90 -0.750
27 22 117 0.164
39 10 15 -0.235
16 37 33 1.837
16 28 145 0.100
13 32 109 -0.534
25 32 26 0.448
14 26 146 -0.139
7 37 71 -0.551
22 25 39 0.123
29 35 96 -0.662
39 15 92 -0.750
17 28 38 1.642
38 7 16 -0.506
35 10 80 -0.152
32 21 43 -0.574
32 22 59 -0.476
37 7 13 -0.631
33 22 81 -0.744
28 16 42 -0.210
13 24 31 2.660
41 8 15 -0.525
41 5 14 -0.683
19 21 138 -0.318
14 30 37 0.178
34 21 59 -0.750
31 6 79 -0.227
37 17 20 -0.730
11 43 102 -0.250
42 6 17 -0.675
26 18 5 1.019
31 27 58 -0.693
26 24 39 -0.087
38 15 54 -0.630
16 31 75 -0.750
40 19 55 -0.434
16 35 72 0.215
14 34 30 0.302
39 15 86 -0.737
37 10 122 -0.156
9 36 108 1.185
38 11 131 -0.738
32 24 58 -0.713
18 37 137 -0.413
11 34 32 1.312
15 31 32 5.514
18 28 110 0.235
12 24 146 1.526
38 16 11 -0.184
29 16 22 -0.122
13 27 144 -0.425
10 34 66 0.420
15 29 111 -0.686
14 26 74 0.196
14 36 140 0.151
28 15 4 0.761
16 34 100 -0.738
35 18 45 0.805
41 12 55 -0.395
39 8 121 -0.065
38 9 18 -0.667
34 13 47 -0.154
13 39 29 0.267
29 12 115 0.955
22 37 99 -0.642
14 35 141 -0.088
34 20 80 -0.402
17 25 141 0.399
13 38 30 1.939
36 6 118 0.216
34 9 126 -0.750
42 9 16 -0.487
39 10 45 -0.309
30 11 44 1.160
18 27 64 0.369
39 11 84 0.648
36 20 132 -0.750
25 29 62 -0.030
39 14 15 -0.570
29 25 97 -0.750
38 16 7 -0.306
39 12 52 -0.436
34 18 57 -0.654
35 18 95 -0.164
27 12 115 0.361
42 6 53 -0.734
41 14 130 -0.750
15 37 102 -0.362
19 21 34 0.188
36 14 48 -0.727
11 32 109 -0.380
17 32 75 2.046
36 15 56 -0.552
41 15 92 -0.702
15 25 31 3.350
38 10 54 -0.368
13 37 66 0.290
16 25 68 1.376
12 32 147 -0.247
36 17 19 -0.239
39 11 13 -0.644
38 17 94 -0.750
35 8 50 -0.720
27 19 120 -0.705
36 21 7 1.492
41 14 83 0.338
20 29 113 -0.266
16 38 147 -0.577
40 16 54 -0.488
12 33 145 0.199
18 26 37 6.577
39 12 124 -0.551
20 27 63 -0.638
30 21 42 -0.137
32 18 56 -0.679
7 32 108 -0.224
24 28 0 0.439
42 18 91 -0.707
15 21 34 1.631
29 14 39 1.169
39 9 14 -0.330
35 4 82 -0.526
21 24 0 3.279
38 17 132 -0.567
9 34 65 0.344
13 36 68 -0.381
34 10 45 -0.536
19 22 148 -0.046
32 20 9 -0.638
24 26 99 -0.730
33 16 42 -0.162
38 5 7 -0.432
13 39 66 0.664
42 12 14 -0.569
10 42 71 -0.527
36 10 10 0.271
34 14 7 0.160
17 30 37 2.555
25 34 24 -0.066
19 21 75 0.669
33 7 47 -0.691
38 15 123 -0.447
19 36 138 -0.441
16 29 69 1.786
17 38 112 -0.401
33 11 48 -0.750
32 17 118 -0.550
17 20 63 -0.350
31 26 97 -0.456
42 15 11 -0.302
26 11 4 1.732
10 31 108 -0.389
34 15 121 -0.578
32 24 97 -0.435
23 27 78 -0.505
18 24 75 2.765
12 29 146 -0.261
38 12 13 -0.665
24 29 135 -0.579
15 25 144 0.332
13 32 143 0.614
17 24 141 0.151
17 36 148 -0.461
26 25 62 -0.408
16 29 66 0.808
43 19 130 -0.509
38 11 90 -0.683
37 9 18 -0.453
12 27 35 3.381
32 19 96 -0.685
12 32 70 1.233
41 9 90 -0.651
41 15 48 -0.718
21 15 0 0.783
20 25 76 0.329
42 17 88 -0.438
18 28 68 0.684
12 30 34 0.028
42 12 16 -0.476
38 21 94 -0.747
33 15 10 -0.244
22 34 138 -0.697
13 32 31 0.392
14 28 104 -0.076
15 30 140 0.430
11 31 102 1.124
35 14 80 0.121
40 12 130 -0.736
27 26 99 -0.659
14 26 142 0.291
13 22 33 6.672
29 24 23 -0.211
31 14 118 -0.156
18 25 65 0.379
11 33 70 1.154
40 14 131 -0.732
11 31 109 0.678
42 9 88 -0.726
37 18 56 -0.676
14 30 71 0.645
28 21 114 -0.422
16 36 72 -0.037
21 27 25 1.841
9 33 32 0.736
15 28 74 -0.383
20 21 76 0.651
18 16 34 0.514
34 8 45 -0.382
38 19 86 -0.710
13 34 143 0.294
33 27 80 -0.447
12 30 102 1.165
16 34 103 0.418
15 37 103 0.510
20 33 0 0.259
30 23 94 -0.750
33 5 82 -0.524
16 32 27 -0.250
12 37 69 0.894
13 37 72 1.037
12 18 34 2.991
38 16 47 -0.354
31 30 97 -0.456
23 14 3 1.009
16 20 69 2.208
29 22 61 0.213
40 12 83 0.255
14 33 110 -0.695
25 23 116 -0.252
27 28 25 -0.575
18 30 76 0.049
41 12 84 -0.176
24 19 59 -0.746
10 35 32 0.406
40 13 13 -0.258
42 18 128 -0.743
29 21 59 -0.527
13 19 69 2.063
24 30 62 -0.254
22 36 138 -0.651
6 34 108 -0.618
19 40 138 -0.550
16 27 70 0.737
38 9 45 0.016
22 24 38 2.306
36 10 7 -0.579
20 25 2 1.026
42 11 91 -0.459
20 28 1 1.767
15 33 149 -0.506
19 21 113 0.480
30 24 61 -0.511
12 36 72 1.741
43 7 12 -0.582
14 37 72 0.152
25 30 0 0.066
40 4 16 -0.692
8 35 102 -0.412
34 25 58 0.130
29 28 59 -0.727
24 21 139 -0.350
19 29 65 -0.253
8 34 108 -0.550
36 20 19 -0.444
32 23 61 -0.395
30 12 77 0.521
37 15 92 -0.750
19 28 76 0.597
26 28 62 0.133
42 13 127 -0.732
24 11 116 -0.672
22 29 64 -0.070
13 37 67 1.178
37 15 89 -0.750
15 29 67 -0.147
35 14 120 -0.717
25 26 24 1.490
20 18 110 0.026
20 23 26 1.983
18 21 33 4.227
29 26 100 0.901
30 23 134 -0.662
34 23 7 0.761
22 25 63 -0.664
11 36 72 -0.065
15 36 103 0.624
15 28 103 0.530
40 10 88 -0.654
42 16 47 -0.344
27 22 39 2.217
36 18 56 -0.608
37 12 121 -0.235
27 25 136 -0.736
22 15 138 -0.521
30 27 135 -0.555
13 31 145 1.009
35 9 80 -0.346
27 26 115 -0.558
36 14 81 -0.309
12 33 36 2.298
18 32 139 -0.408
39 13 125 -0.616
24 18 114 1.157
38 7 48 -0.612
15 26 145 -0.323
0 49 108 -0.642
22 21 114 2.246
18 23 111 -0.657
36 23 7 2.006
15 28 75 1.430
37 7 16 -0.690
16 23 73 1.338
24 18 137 -0.717
33 21 19 -0.260
41 14 52 -0.402
14 29 103 -0.738
22 23 112 1.044
13 26 106 0.576
25 29 114 0.143
41 9 88 -0.669
19 27 64 0.248
15 42 147 0.102
23 22 24 0.498
12 34 27 -0.704
34 0 82 -0.668
29 36 60 -0.669
25 31 62 -0.266
21 26 2 1.368
29 21 115 -0.296
16 21 1 -0.183
25 15 61 -0.427
14 25 71 3.258
23 24 112 0.617
41 6 15 -0.695
31 27 133 -0.650
31 21 134 -0.543
11 34 145 -0.120
36 2 85 -0.702
37 10 46 -0.748
14 35 33 3.051
22 21 112 1.874
34 7 121 -0.729
16 33 27 -0.406
27 29 39 -0.388
16 24 34 3.497
38 18 122 -0.580
36 15 8 0.137
29 26 61 -0.610
41 13 123 -0.745
26 19 76 -0.210
35 14 58 -0.645
16 28 142 1.192
36 20 20 -0.434
41 15 11 0.405
13 22 29 -0.216
14 27 142 -0.014
40 11 129 -0.742
9 33 108 -0.383
42 9 46 -0.425
42 10 50 -0.750
25 21 5 -0.219
38 17 93 -0.747
36 15 10 0.453
19 19 110 1.048
9 37 146 -0.365
32 24 59 -0.512
33 17 43 -0.070
39 12 11 -0.417
33 19 6 1.212
21 35 64 -0.252
40 12 85 -0.120
17 35 37 -0.171
40 7 11 -0.499
12 30 144 -0.708
17 22 28 1.724
41 13 50 0.046
35 16 94 -0.703
40 14 50 -0.477
16 24 74 -0.260
37 14 20 -0.497
16 26 72 0.890
22 32 23 -0.516
28 26 79 -0.225
34 17 49 -0.712
10 32 32 2.268
12 33 147 0.519
27 16 39 0.544
16 31 113 -0.730
30 14 40 0.929
25 22 61 -0.234
36 10 121 -0.384
44 15 129 -0.744
17 25 33 2.763
15 31 144 0.321
35 16 47 -0.750
43 9 15 -0.295
17 27 139 -0.738
33 14 44 -0.326
34 19 57 -0.738
19 28 64 1.102
18 37 64 0.607
22 29 37 -0.230
40 19 88 -0.602
28 19 4 0.586
9 35 146 -0.072
36 13 10 -0.445
21 38 64 -0.218
43 12 52 -0.301
24 25 0 -0.247
40 12 90 -0.736
41 15 13 -0.410
39 17 128 -0.744
34 12 46 -0.637
40 20 88 -0.350
5 46 108 -0.595
15 27 142 0.377
42 13 16 -0.238
40 21 55 -0.388
31 23 134 -0.452
21 26 5 -0.088
13 30 106 0.146
39 14 11 0.144
43 7 52 -0.615
39 9 84 -0.305
22 11 1 2.799
12 38 30 0.501
20 27 139 -0.047
38 16 48 -0.644
39 7 14 -0.522
39 13 131 -0.698
29 26 134 -0.488
25 22 3 1.077
7 35 35 0.338
24 28 1 3.263
14 26 144 -0.196
23 27 113 -0.684
14 36 67 0.694
28 18 97 -0.733
23 22 114 1.658
13 36 104 -0.529
40 9 125 -0.735
22 25 25 -0.147
13 37 29 1.237
21 22 0 3.688
11 36 107 0.385
29 25 60 -0.375
34 20 21 -0.336
17 30 38 1.503
18 31 27 1.148
43 10 46 0.643
15 32 72 0.213
33 25 133 -0.693
42 7 15 -0.456
30 30 22 -0.281
39 8 90 -0.750
14 34 29 1.306
21 33 101 -0.707
42 12 53 -0.649
36 10 119 -0.040
40 12 55 -0.515
11 27 107 -0.302
27 20 98 -0.711
29 26 21 -0.663
17 37 67 0.884
36 18 120 -0.420
23 34 115 -0.641
40 14 13 -0.074
24 30 24 -0.324
22 7 78 -0.738
31 23 58 -0.667
16 33 67 0.172
22 20 27 0.876
22 31 100 -0.645
39 6 89 -0.651
12 28 107 0.313
31 24 118 0.664
22 23 4 -0.670
39 10 127 -0.736
20 26 28 0.269
43 9 52 -0.561
37 13 129 -0.750
18 18 2 0.084
14 36 75 -0.693
22 24 2 1.628
19 37 63 -0.336
16 29 111 -0.241
15 35 36 1.878
42 7 11 -0.672
25 19 3 0.305
38 11 45 -0.081
29 23 61 -0.732
9 32 70 -0.600
13 31 141 0.165
38 9 89 -0.750
11 28 35 1.322
13 27 72 0.942
12 42 109 -0.553
32 22 40 -0.476
32 18 116 -0.641
22 25 38 -0.247
32 13 81 -0.627
16 32 36 4.922
35 7 84 -0.743
28 21 44 -0.608
42 14 129 -0.662
30 25 41 0.108
30 13 117 -0.451
28 20 114 -0.138
36 23 19 -0.167
20 15 149 0.694
30 11 79 -0.595
39 4 14 -0.660
36 11 124 -0.750
38 16 49 -0.743
20 26 0 2.428
22 31 26 0.141
22 28 149 0.049
31 17 10 -0.575
29 23 39 0.280
11 30 143 0.232
17 22 145 0.394
43 14 128 -0.735
31 18 116 -0.570
13 36 109 -0.598
13 32 27 -0.574
19 28 38 1.235
39 12 93 -0.718
34 19 20 -0.116
17 35 103 0.678
41 5 13 -0.074
20 24 76 0.661
31 22 6 0.353
30 25 42 0.188
35 11 126 -0.750
30 23 115 -0.508
31 11 119 -0.735
42 8 126 -0.750
32 19 81 -0.482
16 25 34 2.633
33 12 46 -0.568
28 21 97 -0.750
29 36 96 -0.750
37 12 9 -0.688
18 31 64 1.230
37 12 18 -0.460
25 25 3 1.053
25 23 39 3.774
15 33 70 -0.322
30 18 5 1.154
16 24 28 2.704
20 28 149 -0.511
18 28 104 0.032
39 12 121 -0.161
23 24 114 1.802
27 25 76 -0.508
29 26 135 -0.612
15 32 148 -0.552
12 33 70 1.458
19 17 31 0.562
12 30 147 -0.052
17 31 38 0.075
38 8 13 -0.684
38 13 48 -0.420
36 7 127 -0.750
14 29 31 1.292
40 11 50 -0.207
35 10 47 -0.691
18 20 113 -0.006
17 32 36 5.042
35 25 133 -0.713
12 23 34 2.142
37 9 47 -0.736
15 18 74 0.708
24 21 76 -0.638
40 9 9 -0.211
36 18 92 -0.732
41 18 125 -0.565
31 18 79 0.629
17 30 28 0.789
18 24 113 1.560
39 8 125 -0.750
38 4 87 -0.700
37 11 84 -0.657
41 8 47 -0.168
40 14 124 -0.710
26 26 114 -0.038
13 31 105 1.075
20 24 64 0.685
30 20 43 -0.509
31 20 118 0.376
43 14 124 -0.618
14 42 147 -0.114
15 37 67 0.273
17 32 140 -0.425
40 6 127 -0.713
43 7 50 -0.501
16 21 27 -0.411
38 15 131 -0.715
32 6 123 -0.750
24 27 23 -0.173
30 27 97 -0.680
12 33 109 0.391
40 15 53 -0.412
40 11 127 -0.750
12 31 34 0.121
38 10 86 -0.463
30 19 22 0.113
37 10 83 -0.599
21 37 101 -0.634
34 12 117 -0.455
31 21 77 -0.373
43 13 125 -0.596
34 14 80 -0.720
42 11 47 -0.316
30 24 98 -0.297
20 22 74 -0.186
37 13 17 -0.631
36 11 120 -0.729
35 12 118 -0.505
43 12 90 -0.658
25 24 62 -0.441
14 39 33 0.976
15 31 75 0.883
39 15 126 -0.624
17 29 65 0.063
37 8 50 -0.740
41 11 48 -0.702
13 28 33 3.846
35 14 134 -0.743
33 19 20 -0.600
23 35 115 -0.660
25 15 5 0.007
32 14 121 -0.750
30 20 44 1.133
24 30 25 -0.266
21 28 63 -0.472
12 26 107 0.636
10 35 146 -0.034
39 16 92 -0.724
33 18 56 -0.750
20 28 27 2.454
10 41 146 -0.175
40 13 128 -0.750
19 26 28 2.085
25 27 24 0.867
42 9 54 -0.709
26 16 117 -0.724
39 18 93 -0.744
18 33 140 -0.482
23 23 113 -0.697
28 21 117 -0.736
19 24 76 -0.343
23 34 114 -0.647
28 15 97 -0.438
25 19 62 -0.534
44 7 17 -0.575
28 6 44 -0.709
29 19 44 -0.664
16 35 141 -0.157
34 24 7 0.602
33 16 119 -0.358
20 25 26 0.669
33 16 9 -0.359
27 26 77 -0.679
33 21 96 -0.465
26 15 114 -0.491
39 9 16 -0.605
30 19 21 0.378
36 21 132 -0.742
13 34 66 1.417
12 32 104 -0.734
29 21 135 -0.695
23 34 23 -0.365
35 5 11 -0.576
24 29 139 -0.675
34 15 18 -0.688
10 40 105 -0.225
28 15 118 -0.717
16 22 70 0.638
16 27 104 -0.050
33 20 93 -0.750
11 32 144 -0.240
24 26 76 0.213
22 16 63 -0.750
14 29 67 1.189
29 15 44 0.553
14 19 73 0.384
42 14 125 -0.283
16 29 142 -0.231
40 5 13 -0.581
16 27 31 0.826
32 17 44 -0.236
37 16 56 -0.523
21 30 101 -0.400
42 14 18 -0.472
35 24 95 -0.568
36 21 133 -0.738
32 7 119 -0.748
13 38 105 0.421
19 21 2 1.030
41 11 50 -0.324
36 16 118 0.102
33 22 95 -0.206
13 41 70 1.776
19 29 104 -0.134
29 22 80 -0.376
37 20 121 -0.649
17 33 29 0.014
35 19 10 -0.378
30 21 96 -0.750
40 11 87 -0.650
28 20 23 0.025
17 36 68 2.176
42 12 49 -0.227
26 25 61 -0.488
15 31 146 0.699
29 26 60 -0.476
28 19 61 -0.384
33 11 45 0.080
23 29 37 0.331
19 23 31 0.534
34 8 44 -0.385
36 7 85 -0.707
16 32 74 2.315
39 16 122 -0.750
40 3 15 -0.695
16 30 32 0.423
16 24 111 -0.728
12 35 71 0.833
39 8 87 -0.545
40 6 13 -0.695
15 29 70 -0.268
21 25 2 0.751
37 20 8 0.365
18 29 101 -0.566
19 24 65 -0.356
26 31 60 -0.437
38 15 91 -0.686
33 23 95 -0.511
25 16 116 -0.492
38 10 16 -0.134
14 29 110 -0.638
40 17 18 -0.439
38 20 122 -0.525
24 22 149 -0.472
12 34 35 1.176
32 15 79 0.330
23 19 27 0.455
18 25 27 -0.400
13 36 147 0.921
12 31 68 1.708
30 25 60 -0.463
30 17 10 -0.695
35 21 19 -0.345
39 13 89 -0.743
38 9 15 -0.579
35 6 119 -0.406
27 31 60 -0.743
19 20 2 0.848
11 36 110 -0.596
24 17 137 -0.713
37 9 49 -0.747
17 43 137 -0.629
38 12 57 -0.590
41 8 50 -0.236
24 34 60 -0.728
40 10 126 -0.698
14 34 142 -0.208
30 23 43 -0.709
30 9 79 0.034
35 22 94 -0.514
12 40 102 -0.526
14 26 71 -0.593
38 16 129 -0.739
17 29 38 1.040
16 26 27 0.394
24 26 139 -0.575
39 10 52 -0.704
23 33 99 -0.719
26 19 117 -0.069
22 33 137 -0.750
34 17 9 -0.695
39 14 88 -0.227
9 31 106 -0.664
10 38 32 2.507
14 32 111 -0.639
13 31 106 1.208
39 9 124 -0.468
37 21 19 0.860
38 9 123 -0.750
23 26 3 -0.258
21 25 101 -0.343
24 29 100 -0.547
22 29 4 -0.695
41 12 13 -0.695
