40 9 84 0.011
43 12 49 0.030
35 2 85 -0.715
13 29 106 0.487
13 34 35 2.609
38 4 46 -0.547
43 3 12 -0.592
33 15 43 0.272
17 21 69 1.585
16 33 105 0.130
36 21 19 -0.620
12 29 34 -0.241
41 5 88 -0.662
17 22 31 1.843
36 12 132 -0.687
23 33 62 -0.173
35 22 80 0.280
28 16 43 -0.563
13 35 29 0.749
39 11 11 -0.307
20 22 76 0.639
15 29 33 3.557
11 40 145 0.676
12 37 30 3.716
30 22 135 -0.474
12 34 69 1.641
19 30 111 -0.717
15 39 0 0.474
28 24 77 -0.593
32 18 116 -0.641
36 8 84 -0.650
18 28 37 0.326
4 39 108 -0.641
31 27 22 0.334
21 18 31 0.490
39 10 14 -0.363
11 23 107 -0.147
25 11 82 -0.737
23 21 2 2.393
26 28 58 -0.741
18 28 110 0.235
19 25 139 0.301
18 16 2 0.993
25 17 5 0.737
12 34 143 0.738
34 14 133 -0.553
31 26 135 -0.695
14 36 33 -0.035
25 22 79 -0.288
17 31 26 -0.362
40 11 15 -0.376
38 7 12 -0.220
37 5 87 -0.746
39 3 131 -0.740
35 17 43 0.433
42 11 91 -0.459
42 8 12 -0.507
15 32 70 -0.296
36 11 15 -0.507
19 22 110 2.269
37 14 53 -0.742
19 32 137 -0.218
26 15 44 -0.725
31 24 59 -0.415
44 7 46 -0.047
27 27 61 -0.383
37 13 13 -0.641
41 7 16 -0.528
22 25 63 -0.664
12 34 66 -0.013
13 34 70 0.594
26 30 60 -0.597
31 16 77 -0.353
38 15 53 -0.571
37 7 9 0.538
36 18 87 -0.515
25 29 99 -0.460
31 19 120 -0.743
41 10 18 -0.566
35 16 58 -0.547
16 31 113 -0.730
14 34 32 5.445
22 33 138 -0.343
17 30 104 0.242
44 12 128 -0.750
11 39 145 -0.105
14 37 72 0.152
21 24 75 1.808
27 20 82 -0.454
42 10 52 -0.493
13 33 66 -0.005
20 31 26 -0.400
29 24 59 -0.750
41 6 16 -0.693
31 26 42 0.121
12 37 35 3.407
25 19 62 -0.534
12 19 33 5.307
39 8 86 -0.687
14 36 149 -0.626
12 34 34 0.249
10 33 30 1.787
36 11 121 -0.478
17 43 137 -0.629
12 37 70 1.022
15 36 149 -0.603
35 13 49 -0.738
40 5 84 -0.281
30 18 80 -0.511
15 33 74 -0.591
9 35 35 1.635
35 8 87 -0.750
11 40 72 0.689
12 33 143 0.279
33 11 84 -0.482
15 29 103 1.915
11 31 69 1.199
40 7 15 -0.493
42 10 50 -0.750
15 22 29 0.371
16 34 66 0.457
16 36 147 -0.397
31 20 44 0.072
27 21 97 -0.738
41 15 126 -0.700
26 24 135 -0.698
13 37 112 -0.169
11 36 106 -0.184
20 18 27 0.490
38 12 89 -0.743
11 41 106 0.140
11 37 67 -0.485
17 29 65 0.063
36 17 83 -0.143
42 9 49 -0.718
43 9 14 -0.530
17 22 28 1.724
37 20 91 -0.750
12 33 109 0.391
10 28 65 0.210
37 13 131 -0.674
12 30 106 0.902
20 27 27 2.307
21 21 112 1.608
16 23 148 0.630
28 15 116 -0.344
16 37 68 0.618
39 9 89 -0.737
30 24 98 -0.297
32 13 81 -0.627
9 31 106 -0.664
11 32 66 -0.066
34 17 83 -0.182
18 34 37 4.737
44 5 16 -0.695
35 13 120 -0.723
40 13 123 -0.592
33 4 123 -0.750
14 42 111 -0.633
33 21 96 -0.465
11 35 35 2.172
42 15 88 -0.202
28 16 116 0.733
31 21 6 0.078
13 27 140 0.210
37 8 85 -0.744
35 16 95 -0.225
32 16 118 0.215
19 21 74 -0.109
39 14 89 -0.750
41 15 130 -0.521
15 25 146 0.578
33 10 8 0.005
14 31 102 1.787
40 12 16 -0.135
13 38 102 -0.738
36 1 82 -0.561
41 15 129 -0.750
24 31 77 0.126
31 11 4 0.203
18 33 68 1.360
30 22 118 -0.660
34 17 49 -0.712
36 20 120 0.077
12 39 30 1.910
7 33 102 -0.547
30 15 21 0.083
33 21 21 -0.375
28 20 61 -0.410
18 34 149 -0.490
34 11 120 -0.750
12 31 71 1.321
34 18 47 -0.672
10 43 109 -0.579
39 7 121 -0.426
23 26 135 -0.729
24 29 62 -0.607
16 25 1 -0.493
33 17 10 -0.592
21 19 2 2.841
13 41 105 0.130
19 22 26 0.214
31 16 120 -0.729
43 14 128 -0.735
40 11 125 -0.606
17 27 75 -0.672
27 16 4 0.878
12 30 149 -0.299
35 13 9 0.550
29 27 136 -0.572
33 5 8 -0.428
23 23 4 -0.476
19 24 64 -0.271
37 14 48 -0.714
38 15 54 -0.630
27 31 115 -0.685
29 28 22 -0.772
16 27 65 0.288
18 20 113 -0.006
11 39 30 3.530
18 29 111 -0.234
35 16 93 -0.687
40 13 126 -0.727
15 28 110 -0.654
27 28 135 -0.379
24 29 99 -0.715
28 21 39 1.066
36 1 131 -0.728
5 29 108 -0.676
10 37 110 -0.646
30 11 79 -0.595
19 27 65 0.346
21 18 0 0.868
30 22 44 0.762
39 11 47 -0.458
15 33 148 0.256
23 27 101 -0.047
26 11 4 1.732
31 26 57 -0.520
12 32 143 0.033
23 22 138 -0.578
26 30 135 -0.710
28 15 115 -0.496
15 24 144 -0.632
27 29 25 -0.235
42 10 54 -0.688
37 19 133 -0.657
33 17 42 0.315
36 9 84 -0.603
20 15 75 -0.346
12 36 108 0.158
16 27 110 0.234
33 21 80 -0.279
23 29 62 -0.442
41 16 53 -0.700
23 23 101 -0.304
26 25 61 -0.488
23 25 3 -0.130
20 35 26 -0.443
38 12 84 -0.554
11 25 105 -0.101
13 32 72 -0.300
39 13 54 -0.440
37 5 7 -0.278
15 37 149 -0.623
39 9 129 -0.750
42 1 46 -0.646
39 13 14 -0.054
28 19 120 -0.728
40 10 121 -0.346
35 14 120 -0.717
14 30 68 2.109
24 30 63 0.574
15 31 111 -0.679
14 39 105 0.047
28 27 135 -0.673
43 10 91 -0.520
34 10 85 -0.656
41 16 55 0.061
15 26 71 -0.031
18 38 148 0.514
28 17 39 0.410
17 32 65 0.155
11 39 104 -0.137
13 40 70 2.194
41 11 47 -0.261
16 38 72 -0.452
41 11 127 -0.735
14 37 68 2.350
35 9 80 -0.346
30 18 21 0.581
33 9 119 -0.712
24 21 135 -0.301
25 30 23 0.215
6 45 108 -0.593
23 27 0 0.655
37 10 49 -0.294
33 21 58 -0.448
34 25 58 0.130
32 13 117 -0.744
18 27 139 -0.672
22 14 1 0.145
17 28 140 0.693
34 22 19 -0.202
43 14 91 -0.582
19 32 149 -0.248
36 17 20 -0.716
41 9 50 -0.472
11 23 65 -0.634
20 32 148 -0.037
42 12 129 -0.713
11 40 65 -0.507
43 12 88 -0.538
41 13 47 -0.267
22 27 2 -0.343
13 32 106 -0.239
40 14 87 -0.362
23 19 112 0.197
17 24 64 0.036
35 17 134 -0.702
37 18 131 -0.729
11 20 69 1.587
35 16 41 0.005
38 7 16 -0.506
31 29 96 -0.585
10 36 143 0.375
39 15 90 -0.732
26 33 23 -0.612
41 5 90 -0.744
20 34 101 -0.634
33 21 57 -0.436
41 11 51 -0.721
34 12 123 -0.706
25 29 24 -0.476
13 42 70 1.367
16 26 27 0.394
12 24 146 1.526
29 21 135 -0.695
34 24 95 -0.657
24 34 114 -0.634
34 26 57 -0.674
39 17 122 -0.339
20 32 65 -0.306
26 21 59 -0.563
26 20 3 1.451
36 9 85 -0.548
12 35 66 -0.107
1 45 108 -0.572
37 17 10 -0.274
19 19 2 0.652
42 11 51 -0.619
13 27 31 1.245
43 5 13 -0.130
40 8 45 -0.469
25 26 76 -0.181
35 8 126 -0.734
42 13 51 -0.407
32 22 81 -0.586
37 19 131 -0.731
12 30 68 -0.750
39 7 49 -0.750
30 24 57 -0.442
13 36 147 0.921
38 24 132 -0.643
33 12 81 -0.361
34 20 21 -0.336
42 9 46 -0.425
41 9 126 -0.596
16 22 73 2.046
35 11 48 -0.638
14 22 28 0.923
16 29 72 0.505
39 15 47 -0.491
38 17 129 -0.750
18 23 0 2.047
26 21 99 -0.730
20 28 27 2.454
13 28 105 0.067
39 16 10 -0.536
32 16 20 -0.523
16 31 34 0.674
20 21 76 0.651
13 28 142 0.187
19 21 138 -0.318
16 31 37 1.259
31 24 22 0.030
26 15 114 -0.491
32 22 118 0.045
14 29 36 5.511
17 36 140 0.235
13 34 34 -0.747
30 12 115 -0.541
37 22 83 -0.703
21 30 37 4.032
14 34 109 0.112
38 16 84 -0.632
33 17 81 -0.745
34 16 54 -0.750
11 21 31 2.747
42 14 92 -0.248
29 36 60 -0.669
13 33 67 1.505
19 35 26 -0.341
12 37 68 0.960
29 22 41 0.691
28 23 44 -0.586
38 18 17 -0.553
16 35 74 2.110
38 23 56 -0.430
24 14 1 3.372
41 5 12 -0.118
38 13 49 -0.264
16 31 112 -0.022
41 16 128 -0.737
39 8 49 -0.725
33 20 132 -0.750
16 37 72 0.103
16 32 143 0.162
13 31 36 1.525
16 36 140 0.466
38 15 48 -0.312
13 40 29 0.158
36 23 19 -0.167
14 29 103 -0.738
38 10 11 -0.237
11 37 30 2.576
21 29 64 0.671
14 35 143 1.139
37 7 48 -0.709
29 23 25 0.244
27 28 25 -0.575
16 35 100 -0.738
31 24 44 0.565
30 17 61 -0.195
37 17 120 -0.475
13 37 142 -0.123
20 30 139 0.535
30 12 79 -0.503
35 10 87 -0.744
39 17 130 -0.750
22 16 3 -0.613
38 12 45 0.788
38 8 15 -0.386
37 12 49 -0.737
10 31 35 1.412
34 9 85 -0.609
18 24 65 0.896
21 16 2 1.408
23 25 28 0.434
33 12 43 -0.066
20 34 64 -0.045
35 16 87 -0.516
22 34 24 -0.122
15 31 32 5.514
26 31 60 -0.437
32 24 42 1.319
14 32 66 -0.487
26 18 5 1.019
12 31 107 0.167
22 17 0 2.477
42 6 127 -0.750
20 29 75 0.694
16 27 28 4.229
33 15 20 -0.629
23 35 25 -0.395
16 36 137 -0.527
27 26 77 -0.679
27 26 135 -0.659
42 13 52 -0.288
37 20 6 1.587
26 21 60 -0.564
18 28 0 0.901
38 12 131 -0.745
29 14 44 0.819
43 10 13 -0.023
37 19 130 -0.740
17 37 67 0.884
15 38 102 -0.498
16 35 104 -0.054
12 33 69 1.518
29 24 80 -0.572
35 19 10 -0.378
6 41 108 -0.536
16 36 36 3.102
9 39 35 0.146
16 32 104 -0.078
32 21 120 -0.738
18 21 110 1.312
30 28 98 -0.689
10 41 102 -0.295
20 32 137 -0.577
22 37 23 -0.707
34 16 86 -0.667
38 20 122 -0.525
29 15 117 -0.247
21 34 63 -0.604
16 30 111 -0.297
23 26 26 0.485
40 9 9 -0.211
20 33 137 -0.657
44 7 16 -0.586
30 26 97 -0.722
41 9 124 -0.698
28 23 59 -0.446
38 10 49 -0.373
14 36 66 -0.047
18 25 147 1.012
28 22 136 -0.673
40 12 11 -0.345
36 21 121 -0.470
20 22 63 -0.731
28 21 114 -0.422
37 19 95 -0.685
12 37 72 0.959
7 38 108 -0.013
29 14 79 -0.736
35 13 86 -0.688
39 11 88 -0.716
32 22 40 -0.476
21 25 2 0.751
36 9 126 -0.604
18 30 64 0.530
22 31 137 -0.750
11 36 146 0.742
37 19 83 -0.432
21 34 137 -0.408
15 34 104 0.239
26 31 61 0.270
16 32 113 -0.721
39 14 128 -0.750
16 29 27 -0.179
17 14 2 0.048
15 25 1 -0.497
36 12 121 -0.750
16 28 27 -0.143
21 20 2 -0.153
13 41 109 -0.331
20 36 101 -0.511
35 17 9 0.872
12 30 34 0.028
23 25 114 1.892
10 33 145 -0.409
27 16 82 -0.738
13 27 72 0.942
20 29 137 -0.633
34 20 20 -0.143
36 10 47 -0.745
20 27 63 -0.638
39 9 11 -0.372
37 9 7 2.965
29 14 115 1.181
28 26 116 -0.740
14 25 149 -0.654
25 19 38 1.635
15 22 28 1.658
40 11 87 -0.650
13 35 65 -0.013
38 18 86 -0.657
6 33 102 -0.561
17 26 103 -0.680
22 26 38 0.339
28 24 120 -0.708
19 31 101 -0.710
19 29 38 1.456
12 32 108 -0.217
15 36 109 -0.509
43 11 16 -0.300
31 25 21 -0.103
24 37 137 -0.746
12 36 70 2.065
16 28 141 0.597
13 37 104 -0.620
29 23 43 -0.699
17 22 113 1.337
40 15 122 -0.341
33 5 82 -0.524
44 9 15 -0.598
16 38 142 -0.363
38 12 92 -0.713
22 25 25 -0.147
40 16 129 -0.635
23 27 78 -0.505
31 19 136 -0.571
14 40 29 0.776
35 13 11 -0.695
13 31 71 0.698
35 10 127 -0.750
35 23 132 -0.750
32 24 6 0.336
21 35 64 -0.252
28 27 62 -0.738
32 18 43 -0.018
17 37 72 0.013
43 7 17 -0.541
41 4 15 -0.692
25 29 135 -0.601
29 16 77 0.550
32 26 21 1.042
18 25 38 2.535
41 8 84 -0.112
21 25 38 3.262
12 22 34 2.995
37 10 46 -0.748
34 17 117 -0.578
31 21 134 -0.543
23 16 1 2.367
35 22 95 -0.731
13 33 74 -0.259
13 25 107 1.502
38 7 9 1.019
33 7 123 -0.750
12 40 30 0.333
30 17 80 -0.658
37 12 127 -0.745
30 9 79 0.034
25 24 26 -0.053
18 32 27 1.475
11 34 67 2.082
14 31 33 1.657
43 7 52 -0.615
12 34 29 1.600
30 21 96 -0.750
40 13 121 -0.105
31 19 42 0.696
31 17 21 0.607
44 13 127 -0.750
38 13 7 -0.115
36 20 132 -0.750
36 25 132 -0.709
37 19 19 -0.590
18 28 38 2.818
13 19 69 2.063
22 32 24 -0.061
32 18 10 -0.594
37 6 13 -0.683
42 0 12 -0.513
42 4 50 -0.744
30 16 40 -0.321
20 27 76 0.596
23 35 115 -0.660
35 7 127 -0.729
40 11 55 -0.624
32 26 95 -0.385
41 15 125 -0.621
39 14 49 -0.750
16 24 33 3.978
39 15 84 -0.596
45 11 126 -0.585
38 17 87 -0.529
33 21 42 0.079
42 13 49 -0.509
12 30 107 0.803
32 15 58 -0.576
18 30 76 0.049
14 26 33 3.802
17 23 64 1.367
30 17 44 0.521
35 25 133 -0.713
37 12 18 -0.460
38 19 56 -0.179
26 20 82 -0.704
36 20 57 -0.331
17 31 142 1.527
39 11 48 -0.361
39 13 84 0.321
38 4 12 -0.592
26 25 135 -0.248
38 15 18 -0.066
26 20 39 3.975
13 26 71 1.116
32 7 123 -0.750
22 28 113 0.536
18 33 137 -0.472
12 29 66 2.908
36 17 57 -0.508
34 19 7 1.474
29 19 79 -0.625
18 25 110 0.464
25 25 61 -0.242
41 8 126 -0.725
21 14 138 -0.681
36 14 45 -0.222
34 12 85 -0.748
39 9 45 -0.393
28 32 23 -0.019
22 21 114 2.246
11 36 30 2.120
25 32 114 -0.321
37 14 20 -0.497
30 14 116 -0.494
11 30 30 2.517
40 11 129 -0.742
20 18 110 0.026
19 29 33 1.016
15 32 67 1.388
38 16 85 -0.682
35 17 18 -0.647
35 17 132 -0.745
33 12 46 -0.568
20 29 23 -0.586
15 34 0 0.083
43 10 17 -0.469
13 36 29 -0.027
29 28 41 0.882
10 40 139 -0.657
35 24 20 -0.095
12 40 71 0.232
14 40 143 -0.389
13 25 142 -0.175
18 27 69 1.836
39 13 131 -0.698
39 8 14 -0.433
39 12 93 -0.718
24 26 24 0.648
38 15 86 -0.750
40 15 126 -0.656
19 28 0 0.826
37 16 17 -0.546
41 16 91 -0.750
33 18 42 0.383
25 29 114 0.143
38 17 80 0.384
36 6 8 1.715
24 31 62 -0.377
35 17 20 -0.054
32 26 43 -0.389
19 26 74 -0.125
42 11 124 -0.548
19 30 38 2.049
40 5 127 -0.737
20 32 63 -0.513
14 27 74 -0.692
40 11 16 -0.693
35 12 48 -0.736
37 5 18 -0.716
12 32 66 0.241
36 25 19 -0.770
33 10 44 -0.589
27 21 78 0.237
39 7 91 -0.653
29 23 39 0.280
9 37 107 -0.470
19 31 27 0.457
27 26 60 -0.406
34 16 96 -0.586
9 39 105 -0.418
17 33 139 -0.242
31 11 118 -0.244
20 30 65 -0.166
39 6 16 -0.405
17 24 33 4.002
38 10 48 -0.608
18 33 37 0.054
23 28 27 -0.014
14 29 111 0.607
38 14 13 -0.690
38 13 128 -0.747
28 21 41 0.022
26 9 0 1.645
41 10 87 -0.422
13 34 140 -0.567
37 16 89 -0.746
18 32 37 5.526
42 14 128 -0.735
32 22 6 0.432
19 25 141 -0.150
34 14 83 -0.536
20 23 26 1.983
32 23 133 -0.704
17 15 73 1.762
38 11 130 -0.457
36 22 80 -0.082
37 20 8 0.365
39 13 11 -0.616
30 25 136 -0.676
35 16 11 -0.632
19 34 64 0.462
26 22 98 -0.666
36 21 132 -0.742
15 30 27 -0.084
26 18 60 -0.683
12 18 34 2.991
41 7 92 -0.440
27 21 5 2.028
23 23 3 -0.241
14 35 34 1.424
25 24 59 -0.572
29 13 118 -0.718
17 29 103 -0.184
16 22 110 0.955
20 39 138 -0.645
25 30 62 0.018
41 13 92 -0.611
23 26 2 1.265
39 14 11 0.144
5 43 108 -0.586
36 22 20 -0.422
34 15 119 -0.750
42 18 128 -0.743
26 17 5 1.185
11 25 33 3.225
16 29 66 0.808
10 40 72 -0.550
30 25 94 -0.750
33 23 59 -0.739
15 24 111 -0.427
27 23 41 -0.368
15 35 33 2.524
38 11 56 -0.600
14 38 143 -0.415
37 10 12 -0.460
36 11 130 -0.750
16 27 31 0.826
14 25 103 -0.750
34 24 19 -0.294
23 29 61 -0.027
39 8 91 -0.725
21 30 75 -0.451
27 24 114 0.063
31 15 21 -0.327
37 8 13 -0.689
36 16 83 -0.617
17 23 141 0.273
37 10 124 -0.750
41 8 90 -0.727
29 11 115 0.681
13 24 74 -0.564
42 6 17 -0.675
24 26 149 -0.530
30 12 7 1.269
10 42 105 -0.063
26 29 135 -0.738
39 11 93 -0.460
40 11 47 -0.306
38 10 131 -0.705
18 23 28 1.252
17 28 144 -0.234
26 13 4 0.617
11 36 72 -0.065
30 15 5 1.421
42 10 13 -0.088
35 18 132 -0.750
20 23 1 3.028
22 20 24 0.422
36 12 20 -0.680
14 32 70 0.760
27 25 82 -0.421
40 6 131 -0.693
20 31 1 -0.259
31 13 4 0.474
32 14 121 -0.750
39 6 48 -0.694
30 28 135 -0.524
18 34 36 5.247
11 30 109 1.508
38 6 91 -0.672
15 33 104 -0.255
30 24 23 -0.322
20 25 76 0.329
40 14 121 -0.497
15 23 74 0.678
35 18 41 0.167
38 10 129 -0.713
33 12 123 -0.729
14 30 142 0.646
9 31 143 -0.342
36 18 56 -0.608
15 27 34 2.010
25 20 4 0.062
34 9 9 2.067
30 0 82 -0.750
32 19 6 0.232
32 21 9 -0.692
31 14 118 -0.156
33 21 20 -0.157
40 4 46 -0.709
31 17 118 -0.425
16 41 36 2.486
37 15 55 -0.741
17 24 141 0.151
12 36 140 -0.432
37 10 132 -0.659
41 7 127 -0.750
35 16 56 -0.716
41 15 49 -0.718
18 31 102 -0.684
39 7 11 -0.469
39 13 122 0.198
40 17 11 -0.206
41 12 11 -0.492
37 17 81 -0.234
15 32 32 6.214
45 3 46 -0.571
42 9 15 -0.556
22 31 138 -0.641
29 29 98 -0.572
37 5 15 -0.686
27 17 39 1.515
33 20 7 0.781
10 32 35 2.917
39 12 90 -0.750
40 9 85 -0.018
41 7 123 -0.744
32 15 6 1.069
35 11 82 -0.667
15 36 66 0.612
45 10 17 -0.484
38 17 122 -0.194
33 14 10 -0.356
34 16 43 0.365
13 33 106 1.492
41 14 48 -0.524
12 31 67 -0.078
36 8 118 0.455
42 8 92 -0.738
41 3 12 -0.470
19 22 138 -0.496
33 1 7 -0.466
35 20 57 -0.025
20 24 113 0.909
19 30 73 -0.420
15 25 70 1.833
13 37 32 1.808
30 28 22 1.262
34 18 96 -0.331
13 36 70 2.718
21 29 149 -0.263
20 25 112 2.192
13 30 31 1.653
41 14 88 -0.472
40 13 49 -0.567
31 27 97 -0.686
42 11 121 0.377
38 15 123 -0.447
34 12 9 -0.555
32 29 22 -0.336
35 25 94 -0.688
20 19 2 0.662
39 17 17 -0.559
28 28 40 -0.483
35 11 7 1.990
31 24 134 -0.733
24 17 137 -0.713
12 27 140 -0.334
21 17 68 1.018
39 7 50 -0.669
16 28 37 2.427
20 25 113 -0.376
18 33 140 -0.482
11 37 104 0.396
35 15 20 -0.229
38 20 120 -0.360
14 30 105 0.582
17 29 64 1.469
25 21 38 -0.184
15 38 72 -0.676
30 25 135 -0.733
24 25 135 -0.709
33 11 44 -0.474
13 29 107 -0.322
20 36 64 0.989
18 22 138 -0.540
39 13 85 -0.597
38 12 13 -0.665
41 13 91 -0.733
31 23 43 -0.467
39 15 120 -0.688
32 24 58 -0.713
23 28 24 -0.238
33 20 118 -0.440
13 32 69 2.185
16 37 103 0.930
28 22 44 -0.668
40 12 92 -0.705
40 6 11 -0.680
28 20 42 0.546
22 22 4 -0.695
38 13 10 0.645
26 30 62 -0.204
37 9 123 -0.750
39 8 51 -0.588
21 30 149 -0.438
22 32 100 -0.491
13 41 71 -0.111
22 12 3 0.828
40 15 85 0.136
41 2 11 -0.669
35 19 94 -0.730
30 21 42 -0.137
44 7 126 -0.558
34 19 41 0.523
39 11 15 -0.695
40 18 88 -0.303
37 8 14 -0.387
17 27 74 -0.633
15 30 149 -0.535
42 12 127 -0.713
24 9 78 -0.638
39 14 91 -0.747
25 26 136 -0.748
24 29 135 -0.579
18 18 2 0.084
28 25 77 -0.622
24 27 114 -0.554
41 15 11 0.405
36 16 120 -0.644
17 29 104 0.282
42 4 17 -0.612
29 20 42 -0.491
37 11 127 -0.749
33 16 134 -0.750
18 34 64 0.685
18 22 31 0.586
13 37 71 0.063
27 16 78 -0.596
39 14 129 -0.745
38 14 57 -0.274
35 15 95 -0.314
39 3 123 -0.743
16 24 74 -0.260
41 13 130 -0.658
31 18 79 0.629
34 16 95 -0.558
20 28 73 -0.231
32 20 6 1.129
36 15 132 -0.712
8 38 109 -0.539
30 27 22 -0.227
22 25 26 -0.644
26 30 136 -0.726
21 25 75 0.453
28 19 42 0.368
41 13 55 -0.465
12 34 109 2.392
15 37 103 0.510
37 23 132 -0.614
32 13 10 -0.450
19 27 74 -0.205
12 40 68 2.826
12 37 71 -0.015
41 10 123 -0.702
16 31 144 0.147
16 32 36 4.922
35 12 8 0.905
15 25 104 -0.379
30 21 117 -0.408
38 21 19 0.498
11 39 109 0.523
17 30 105 0.636
41 13 49 -0.665
11 28 144 -0.325
25 28 136 -0.748
12 29 146 -0.261
20 24 27 3.223
23 19 3 -0.430
14 36 109 1.324
33 21 43 -0.033
22 30 25 -0.408
31 30 97 -0.456
15 32 34 0.611
14 29 66 0.293
30 23 120 -0.629
15 42 75 -0.750
24 27 24 -0.510
13 27 36 4.127
25 25 25 0.532
16 27 37 5.173
36 11 48 -0.742
14 29 144 0.071
43 12 17 -0.630
37 13 90 -0.748
22 30 38 -0.292
24 29 139 -0.675
16 33 148 1.597
15 35 148 -0.378
28 22 96 -0.744
30 28 43 -0.732
35 16 45 0.085
15 25 31 3.350
38 12 18 -0.595
18 22 68 0.501
11 38 72 1.889
12 33 146 0.731
18 33 106 -0.343
39 21 55 -0.353
28 29 60 -0.670
41 7 46 -0.352
36 21 120 -0.207
13 26 33 2.490
28 21 44 -0.608
35 16 83 -0.657
13 38 67 -0.418
35 24 95 -0.568
40 7 127 -0.723
14 33 69 0.532
16 26 148 1.153
15 31 31 0.678
16 19 73 2.494
27 30 99 -0.500
37 20 122 -0.561
16 34 103 0.418
37 13 80 0.041
41 11 14 -0.465
25 25 38 -0.210
18 27 113 -0.186
38 18 8 0.757
26 13 3 1.806
44 12 16 -0.386
29 28 115 -0.750
15 35 74 -0.040
10 28 102 0.004
30 20 42 -0.081
11 33 35 1.045
12 30 102 1.165
35 10 11 -0.686
16 32 70 0.119
14 19 34 3.853
15 35 0 1.222
32 14 8 -0.429
30 17 118 -0.686
24 26 61 -0.293
33 16 95 -0.619
9 34 35 3.040
14 26 66 1.030
32 26 133 -0.750
32 4 123 -0.735
13 22 106 0.228
42 11 56 -0.410
43 13 128 -0.737
11 22 105 -0.507
30 13 117 -0.451
20 17 149 0.630
31 17 22 0.047
23 32 24 -0.376
41 14 128 -0.750
28 15 97 -0.438
37 16 9 -0.541
13 41 143 -0.226
32 24 133 -0.750
10 38 72 -0.254
28 19 118 -0.548
42 13 91 -0.717
36 20 133 -0.712
41 12 49 -0.139
23 28 39 0.124
34 7 48 -0.728
41 12 53 -0.748
25 31 62 -0.266
16 27 70 0.737
36 14 43 0.032
44 5 126 -0.524
41 13 14 -0.406
13 31 143 -0.384
10 35 143 -0.625
28 18 114 0.014
40 9 51 -0.688
43 7 15 -0.648
31 16 116 -0.575
30 24 136 -0.543
31 12 7 -0.493
29 16 5 -0.447
40 9 14 -0.579
12 36 107 -0.427
39 8 87 -0.545
37 16 121 -0.745
33 26 59 -0.621
19 25 64 0.441
15 29 70 -0.268
31 21 42 -0.190
23 17 118 -0.335
40 15 53 -0.412
20 17 138 -0.446
45 17 51 -0.697
10 34 145 -0.481
27 29 135 -0.180
33 13 119 -0.740
24 23 136 -0.748
27 30 59 -0.409
18 23 110 0.994
36 17 120 -0.122
13 27 66 -0.118
41 13 129 -0.739
25 22 76 -0.045
40 10 126 -0.698
38 15 92 -0.750
20 26 28 0.269
25 18 76 1.507
31 22 117 -0.695
21 33 23 -0.284
38 12 57 -0.590
26 30 137 -0.659
40 8 46 -0.654
37 6 131 -0.626
41 10 53 -0.721
41 17 18 -0.380
31 26 60 -0.638
31 16 118 0.190
26 26 25 0.357
45 2 88 -0.709
16 33 27 -0.406
37 17 6 0.624
35 11 118 -0.243
44 12 88 -0.544
40 12 125 -0.737
18 28 1 0.664
25 20 82 -0.643
41 11 49 -0.750
31 20 57 -0.750
24 24 99 -0.698
11 36 107 0.385
35 22 6 2.620
39 10 84 -0.045
39 14 10 0.801
24 30 25 -0.266
23 19 27 0.455
34 19 57 -0.738
42 12 91 -0.394
31 17 41 0.597
42 12 49 -0.227
11 26 71 0.128
17 30 64 1.868
22 29 62 -0.320
17 24 37 2.547
17 33 100 -0.749
38 19 91 -0.750
35 21 19 -0.345
5 46 108 -0.595
18 27 148 0.351
36 17 18 -0.529
31 14 79 0.045
29 15 44 0.553
37 18 87 -0.263
15 32 109 -0.430
29 23 77 0.778
10 42 71 -0.527
42 8 53 -0.662
40 8 47 -0.482
20 20 73 0.319
30 23 43 -0.709
21 31 5 -0.032
13 37 109 -0.134
36 6 118 0.216
37 14 9 -0.584
15 33 66 0.126
12 38 67 -0.399
44 13 52 -0.599
19 33 137 -0.365
29 26 23 0.248
42 13 127 -0.732
16 37 142 -0.372
29 32 135 -0.454
40 11 49 -0.638
28 24 41 -0.046
33 19 43 0.170
39 13 18 -0.711
36 14 54 -0.629
34 22 97 -0.354
34 18 119 -0.741
19 28 38 1.235
40 7 51 -0.727
15 41 68 0.480
15 25 149 -0.495
33 18 58 -0.430
13 39 32 0.799
26 19 4 -0.361
25 29 115 -0.723
41 19 88 -0.655
39 10 15 -0.235
16 32 75 1.501
9 33 108 -0.383
40 18 17 -0.793
23 22 24 0.498
40 5 46 -0.678
9 34 108 0.367
38 11 18 -0.601
16 34 37 1.212
9 39 108 0.987
30 17 10 -0.695
38 14 123 -0.555
8 35 108 0.313
39 7 123 -0.742
28 15 114 -0.269
42 14 52 0.097
32 22 116 -0.636
39 15 10 1.281
21 20 114 0.677
14 35 71 0.330
27 22 5 1.265
18 24 110 1.453
34 14 6 1.444
9 40 109 0.694
18 19 31 0.576
17 21 2 -0.113
32 20 40 -0.327
27 18 2 0.314
24 30 99 -0.708
14 36 140 0.151
29 26 98 -0.727
7 35 145 -0.604
31 13 115 -0.558
37 7 16 -0.690
34 22 7 0.924
26 19 3 1.638
15 31 110 -0.445
40 17 17 -0.390
16 40 36 3.487
36 11 45 -0.278
34 18 19 -0.709
13 27 145 -0.320
9 34 107 -0.437
12 35 143 0.748
25 25 137 -0.687
34 25 119 -0.688
17 27 144 -0.122
13 35 148 -0.713
37 14 121 -0.644
18 21 64 1.011
14 31 74 -0.488
13 35 143 0.439
14 22 110 -0.331
36 8 45 -0.246
41 12 125 -0.710
15 19 69 3.167
30 21 77 -0.391
14 28 37 0.944
7 30 108 -0.563
18 35 138 -0.296
40 13 52 -0.440
25 26 24 1.490
42 8 52 -0.647
34 23 21 -0.451
40 14 88 -0.576
14 37 67 0.656
40 10 54 -0.610
23 16 0 4.026
28 17 4 0.183
41 16 125 -0.525
20 30 26 -0.350
42 10 90 -0.725
13 26 36 4.194
43 17 128 -0.692
16 23 145 -0.235
16 38 137 -0.740
40 11 127 -0.750
31 17 40 -0.072
17 21 73 1.114
27 28 26 0.096
31 19 59 -0.743
33 27 22 -0.377
13 26 147 1.694
19 20 110 0.198
27 27 116 0.078
15 34 33 -0.567
37 6 127 -0.750
38 11 48 -0.632
18 30 28 0.692
39 13 15 -0.356
22 24 139 -0.704
14 28 147 2.040
23 29 24 -0.508
42 12 124 -0.662
38 15 55 -0.647
32 23 57 -0.692
27 17 79 -0.599
26 33 59 -0.438
29 22 59 -0.711
19 26 26 -0.349
38 17 9 -0.568
35 25 132 -0.694
36 11 89 -0.719
29 18 134 -0.476
39 5 14 -0.695
35 16 121 -0.325
7 32 108 -0.224
14 30 37 0.178
27 20 59 -0.713
33 22 95 -0.206
29 28 116 -0.708
29 18 40 1.849
29 16 43 -0.644
39 15 126 -0.624
16 33 38 -0.120
20 17 0 2.573
17 32 75 2.046
18 29 113 -0.358
18 36 138 0.515
15 29 32 4.242
13 36 143 0.151
30 28 60 0.160
23 33 114 -0.709
34 22 94 -0.733
15 29 68 0.000
34 19 119 -0.749
44 7 17 -0.575
16 27 72 1.219
14 27 31 1.798
33 12 20 -0.577
32 23 43 0.042
36 10 12 -0.695
13 39 112 -0.267
37 8 44 -0.463
43 8 52 -0.527
38 20 84 -0.476
26 20 78 -0.559
36 18 92 -0.732
39 9 90 -0.750
40 12 128 -0.727
39 16 123 -0.750
32 18 41 1.362
38 19 92 -0.720
23 15 0 4.165
19 21 113 0.480
15 21 29 0.909
29 22 61 0.213
39 14 54 -0.313
35 20 6 -0.682
36 12 10 0.396
12 39 32 1.645
41 8 50 -0.236
10 38 110 -0.743
12 40 102 -0.526
36 21 7 1.492
36 12 45 0.059
21 16 75 -0.097
39 17 93 -0.743
17 26 74 -0.149
14 33 74 -0.252
25 31 77 0.246
9 29 35 1.722
30 24 94 -0.748
20 15 149 0.694
18 20 27 -0.221
37 13 53 -0.723
36 19 83 -0.499
29 22 96 -0.732
13 21 71 2.948
32 17 81 -0.325
36 10 87 -0.669
42 7 14 -0.480
20 35 65 -0.304
15 31 148 0.405
12 33 33 3.990
18 37 64 0.607
38 6 87 -0.707
31 11 44 -0.463
37 17 20 -0.730
11 44 139 -0.612
25 26 62 -0.447
40 13 53 -0.437
41 15 47 -0.263
13 27 33 2.792
45 14 129 -0.640
40 15 46 2.460
37 8 15 -0.685
29 36 96 -0.750
15 36 0 0.816
10 21 67 0.306
42 7 11 -0.672
17 30 31 0.762
18 24 112 1.153
15 35 110 -0.108
13 26 103 0.051
16 34 111 0.133
37 13 54 -0.745
13 40 68 2.331
15 31 72 -0.463
41 0 12 -0.562
35 22 94 -0.514
30 29 60 -0.358
17 27 3 -0.695
30 19 5 -0.352
16 31 29 -0.484
21 27 138 -0.299
35 5 44 -0.679
20 28 28 1.287
18 25 76 0.640
13 39 147 0.137
36 14 83 -0.507
36 22 57 -0.446
13 24 29 0.241
21 22 138 -0.455
14 40 147 -0.081
18 27 31 1.052
35 12 85 -0.627
18 28 112 -0.254
21 26 2 1.368
11 35 107 -0.461
13 35 67 0.417
32 17 134 -0.667
37 14 46 -0.750
37 8 127 -0.750
23 13 3 0.833
38 3 131 -0.729
12 28 107 0.313
34 19 81 -0.120
22 31 100 -0.645
21 27 1 3.793
22 27 4 -0.661
13 31 106 1.208
13 25 147 0.510
20 37 62 -0.670
13 23 146 4.657
29 24 41 0.577
45 8 126 -0.400
30 14 77 0.442
35 13 43 0.180
39 19 54 -0.460
24 29 26 0.897
22 16 1 -0.325
33 25 133 -0.693
16 29 68 1.145
37 19 81 0.332
32 15 5 0.837
24 33 114 -0.732
27 25 136 -0.736
32 23 61 -0.395
39 16 17 -0.359
19 23 34 1.696
41 13 11 -0.150
36 10 50 -0.254
25 13 4 -0.172
28 19 60 -0.723
40 12 124 -0.436
21 23 2 -0.032
18 32 1 2.347
40 17 55 -0.477
17 23 33 3.402
17 25 34 1.620
27 31 24 -0.336
18 21 33 4.227
27 25 44 -0.586
11 36 110 -0.596
27 21 82 -0.582
13 20 68 -0.075
13 39 142 -0.197
33 18 20 -0.396
40 7 89 -0.745
31 11 119 -0.735
13 33 35 3.177
25 27 24 0.867
16 28 73 -0.045
33 22 97 -0.538
34 19 20 -0.116
25 30 4 -0.673
26 28 61 -0.532
38 14 131 -0.688
25 24 62 -0.441
41 9 16 -0.387
30 17 43 -0.517
40 5 15 -0.695
32 5 119 -0.750
25 27 59 -0.534
35 19 96 -0.666
38 18 88 -0.245
28 33 96 -0.738
31 16 115 -0.516
40 11 128 -0.750
32 27 95 -0.095
39 10 54 -0.592
34 20 57 -0.724
18 26 141 0.287
31 17 5 0.331
39 9 15 -0.433
39 17 132 -0.675
28 19 41 0.289
14 35 140 0.122
30 21 43 -0.603
21 19 139 0.406
40 16 55 -0.530
34 18 9 0.693
36 2 85 -0.702
10 36 30 1.265
42 11 53 -0.726
13 28 33 3.846
34 16 56 -0.750
38 14 45 0.728
38 16 47 -0.354
36 14 82 -0.395
34 24 7 0.602
34 5 8 -0.543
24 17 0 6.495
7 33 107 -0.669
14 37 149 -0.442
40 10 125 -0.670
39 14 88 -0.227
20 34 63 -0.470
35 22 7 2.676
16 29 104 -0.043
39 5 84 -0.200
16 21 27 -0.411
25 37 77 0.960
12 24 66 -0.732
28 29 21 -0.629
23 28 1 3.399
39 17 128 -0.744
25 30 0 0.066
14 23 107 0.253
16 24 65 0.115
31 21 98 -0.452
34 15 10 -0.462
22 28 38 -0.139
41 9 123 -0.695
38 9 9 0.533
13 36 72 2.871
40 16 53 -0.262
13 24 31 2.660
26 29 137 -0.750
11 32 144 -0.240
42 8 16 -0.512
35 7 119 -0.090
17 31 70 0.314
23 25 0 0.362
37 11 55 -0.672
32 25 95 -0.448
40 13 45 0.120
23 31 63 -0.662
15 32 145 0.038
10 40 30 0.170
28 16 97 -0.720
36 14 49 -0.750
32 18 80 -0.372
45 8 17 -0.513
34 15 118 -0.312
31 16 42 -0.475
22 24 4 -0.635
28 27 96 -0.676
32 14 97 -0.470
41 13 17 -0.592
33 14 80 -0.695
33 11 45 0.080
15 24 149 -0.059
27 26 115 -0.558
35 22 57 -0.568
14 34 30 0.302
42 19 130 -0.574
39 10 46 -0.350
40 9 125 -0.735
30 24 115 -0.431
40 15 88 -0.316
13 29 67 0.911
36 13 80 0.019
41 15 50 -0.437
12 32 35 0.951
23 22 114 1.658
31 22 6 0.353
12 30 140 -0.396
24 28 27 0.898
14 32 103 0.577
12 41 112 -0.263
25 19 99 -0.692
34 21 95 -0.563
34 18 86 -0.694
11 28 35 1.322
29 23 41 0.143
11 31 143 0.167
43 10 46 0.643
24 19 59 -0.746
14 35 144 -0.312
40 4 12 -0.636
40 9 11 -0.150
22 25 39 0.123
31 17 120 -0.742
44 13 128 -0.663
15 30 141 -0.353
40 12 86 -0.683
22 32 137 -0.748
9 34 65 0.344
12 37 145 -0.289
27 28 42 0.128
15 28 67 1.495
43 14 17 -0.645
27 25 116 -0.085
15 25 74 0.373
19 23 27 1.096
37 17 131 -0.734
11 31 34 0.717
16 29 70 0.374
30 24 60 -0.486
24 25 136 -0.740
11 38 30 2.081
9 35 108 0.651
38 13 56 -0.464
40 7 16 -0.654
36 21 56 -0.687
37 15 8 -0.207
21 34 64 -0.170
41 8 91 -0.579
34 10 119 -0.605
17 35 38 0.521
29 21 26 0.647
14 28 103 0.303
28 20 59 -0.626
15 29 69 0.510
38 14 93 -0.710
38 10 91 -0.675
28 26 79 -0.225
32 12 45 -0.572
31 20 41 1.337
32 25 57 -0.534
36 11 10 0.810
12 38 146 1.519
15 31 141 -0.309
27 27 23 -0.475
10 40 35 0.171
11 43 146 0.729
26 23 62 -0.387
27 25 78 -0.672
11 29 69 -0.021
27 27 135 -0.682
36 13 85 -0.518
31 20 98 -0.421
17 34 148 0.238
40 9 55 -0.472
31 20 81 -0.611
42 4 15 -0.682
20 26 3 0.458
32 20 9 -0.638
12 38 104 0.046
30 20 117 0.256
28 14 40 1.089
28 28 25 -0.740
38 14 88 -0.406
40 13 48 -0.496
39 11 50 -0.467
33 16 121 -0.234
19 14 149 0.223
31 24 136 -0.540
40 9 54 -0.718
16 36 68 1.891
15 27 72 0.968
12 24 105 -0.492
32 12 4 0.406
14 31 71 0.081
30 18 42 -0.152
40 11 86 -0.040
28 23 116 -0.697
26 17 3 1.146
26 20 5 1.608
12 34 68 2.294
23 28 25 -0.272
40 9 124 -0.632
33 26 133 -0.573
24 23 26 -0.255
39 10 85 -0.241
44 5 14 -0.306
39 12 17 -0.602
13 31 105 1.075
41 14 15 -0.422
14 24 69 3.524
39 13 48 0.014
35 23 19 -0.331
28 19 59 -0.537
14 31 142 0.085
17 22 145 0.394
39 14 55 -0.603
37 2 131 -0.709
16 18 31 0.379
14 35 36 0.923
16 39 0 -0.383
27 30 62 -0.684
42 9 92 -0.645
22 19 76 -0.450
35 15 10 0.012
17 36 0 -0.430
36 10 119 -0.040
34 17 47 -0.448
10 35 30 1.509
19 33 63 -0.172
29 27 77 0.863
39 13 89 -0.743
23 25 100 -0.391
20 30 63 -0.400
37 10 130 -0.747
34 15 96 -0.679
14 38 33 2.201
35 14 134 -0.743
14 21 31 1.976
42 10 124 -0.534
40 7 86 -0.678
15 22 73 2.333
16 27 69 2.907
27 29 23 -0.748
38 14 89 -0.750
9 37 108 2.169
36 23 56 -0.547
13 33 36 1.184
27 18 4 -0.078
18 26 147 2.693
42 8 91 -0.603
37 13 17 -0.631
30 22 40 0.547
14 27 75 1.089
9 32 70 -0.600
20 24 1 3.582
34 11 47 -0.203
32 17 120 -0.726
35 9 47 -0.415
38 10 123 -0.575
22 26 26 -0.237
31 12 115 -0.560
22 22 3 1.029
11 37 71 0.136
20 26 111 -0.505
37 10 47 -0.679
13 32 66 0.858
14 32 106 -0.435
37 13 56 -0.392
37 4 84 -0.020
42 9 127 -0.750
33 9 123 -0.743
30 27 94 -0.750
13 33 32 3.423
13 36 30 0.687
42 15 10 0.847
40 13 11 -0.482
37 21 83 -0.740
19 25 0 2.344
33 20 19 -0.691
12 29 31 1.235
36 7 84 -0.582
27 23 117 0.203
14 40 111 -0.541
11 33 70 1.154
33 14 5 0.614
41 8 15 -0.525
28 33 134 -0.698
20 19 63 -0.584
42 5 15 -0.320
38 15 121 -0.588
21 36 137 -0.685
26 27 99 -0.698
35 16 57 -0.559
22 36 63 -0.676
25 24 99 -0.718
33 18 80 -0.462
28 31 135 -0.178
36 9 48 -0.673
27 27 25 -0.469
37 3 7 0.833
25 21 135 -0.497
18 22 64 1.827
38 7 86 -0.690
17 30 28 0.789
30 26 133 -0.643
40 8 16 -0.182
12 35 102 1.610
40 15 11 1.031
40 12 52 -0.533
43 16 52 0.109
14 26 145 0.491
12 30 147 -0.052
11 39 66 2.667
21 38 64 -0.218
23 29 37 0.331
31 10 4 -0.131
16 21 73 1.344
41 9 51 -0.546
26 19 117 -0.069
34 17 133 -0.630
42 7 127 -0.750
32 13 96 -0.694
37 10 121 -0.679
30 11 44 1.160
32 23 22 -0.109
34 19 19 -0.391
36 20 6 1.207
40 16 84 -0.558
29 19 43 -0.548
25 26 98 -0.661
44 4 126 -0.672
25 29 62 -0.030
22 19 3 1.190
30 23 21 -0.212
29 18 117 -0.464
13 37 30 -0.216
40 13 55 -0.561
32 14 81 -0.611
31 12 117 -0.290
37 8 131 -0.750
27 23 120 -0.726
17 23 28 1.834
34 15 8 0.448
40 14 83 0.643
30 26 21 -0.573
34 20 9 0.747
38 19 131 -0.720
28 21 116 -0.186
32 18 79 -0.604
32 7 119 -0.748
16 28 33 0.810
14 34 66 0.316
24 25 116 -0.325
38 9 12 -0.407
24 24 114 -0.169
37 18 17 -0.742
40 10 130 -0.749
11 34 70 1.119
32 21 6 0.734
42 6 90 -0.731
17 33 75 0.114
23 33 137 -0.556
34 18 42 0.601
39 16 92 -0.724
31 16 117 -0.390
19 31 37 1.931
23 31 0 -0.133
40 6 12 -0.529
38 20 91 -0.693
30 22 133 -0.545
35 13 84 -0.470
38 7 91 -0.675
14 20 73 0.258
24 20 38 -0.059
18 36 38 -0.264
13 35 142 -0.405
24 27 25 -0.033
18 22 110 1.239
25 15 61 -0.427
39 18 55 -0.576
40 15 49 -0.727
26 13 44 -0.660
16 23 1 -0.695
38 8 49 -0.377
14 24 31 2.375
21 15 0 0.783
36 23 120 0.418
33 9 81 -0.581
41 14 130 -0.750
11 32 145 -0.365
41 11 87 -0.750
40 15 55 -0.297
42 15 93 -0.617
22 26 113 0.505
13 30 30 2.374
39 10 11 -0.446
44 11 126 -0.750
33 16 42 -0.162
39 12 13 -0.381
16 32 69 1.438
13 25 31 1.381
31 16 119 -0.682
38 12 9 0.153
16 33 74 1.981
14 32 140 0.637
37 7 85 -0.730
36 17 89 -0.750
26 30 99 -0.489
28 25 39 0.064
10 35 146 -0.034
24 32 62 -0.583
31 16 133 -0.695
36 6 130 -0.750
41 14 92 -0.710
35 17 119 -0.624
35 12 118 -0.505
13 36 109 -0.598
14 33 144 0.580
37 10 127 -0.748
11 34 30 2.000
21 21 26 -0.272
40 11 51 -0.338
42 14 49 -0.307
20 24 25 1.142
29 31 96 -0.750
40 6 84 -0.140
43 4 126 -0.667
38 11 12 -0.204
31 25 43 -0.672
27 27 79 -0.385
44 9 126 -0.695
34 20 58 -0.521
38 12 87 -0.584
34 15 80 -0.457
17 31 37 4.380
24 27 1 3.077
20 21 138 -0.456
12 34 112 -0.475
17 42 137 -0.688
18 27 37 2.947
16 22 75 1.333
32 28 134 -0.690
31 23 118 0.681
14 31 69 0.419
11 36 65 0.575
24 24 149 -0.452
34 19 93 -0.750
43 13 16 -0.244
24 16 1 3.014
41 15 128 -0.750
39 10 90 -0.750
14 37 111 -0.479
24 30 4 -0.638
17 36 36 4.961
42 13 17 -0.634
22 23 112 1.044
39 14 15 -0.570
26 23 42 0.073
40 11 50 -0.207
29 26 22 0.228
19 30 26 -0.472
38 17 121 -0.369
39 14 86 0.135
16 21 141 -0.662
39 14 123 -0.524
43 9 126 -0.750
37 11 131 -0.746
41 12 84 -0.176
30 16 5 0.052
13 34 30 2.071
39 11 122 -0.009
18 29 64 0.659
24 21 139 -0.350
19 32 140 0.165
23 24 24 0.831
32 25 43 -0.552
33 15 81 -0.536
39 10 129 -0.668
18 27 64 0.369
28 9 4 -0.244
20 20 2 0.239
37 7 11 -0.592
20 34 140 -0.377
28 22 134 -0.717
38 12 53 -0.695
23 24 112 0.617
40 10 89 -0.661
31 21 120 -0.735
40 12 90 -0.736
14 24 107 1.354
19 18 1 0.953
16 23 33 5.507
31 26 22 -0.063
30 21 135 -0.750
23 16 3 1.189
39 16 84 -0.591
11 36 140 -0.691
18 30 139 -0.700
13 37 36 1.253
36 5 82 0.025
11 31 102 1.124
14 32 69 1.287
36 15 18 -0.526
37 9 121 -0.350
12 29 72 1.904
13 36 68 -0.381
14 24 74 -0.750
41 21 55 -0.693
41 13 122 -0.682
28 31 115 -0.339
36 12 13 -0.596
13 34 148 -0.698
17 30 70 -0.281
16 26 75 0.445
20 31 149 -0.346
10 35 108 0.069
16 24 111 -0.728
25 21 116 -0.332
16 26 140 0.385
17 39 68 0.030
15 31 140 -0.527
26 24 5 0.793
41 12 16 0.440
41 17 88 -0.216
37 15 45 0.236
38 11 121 -0.410
31 22 21 0.063
23 20 114 1.513
32 21 97 -0.127
21 30 113 -0.314
40 10 87 -0.220
32 19 95 -0.750
38 11 131 -0.738
24 27 26 1.879
15 36 148 -0.720
16 32 72 1.399
11 33 145 0.002
28 27 60 -0.501
41 13 127 -0.743
36 12 12 -0.477
31 15 94 -0.750
37 13 7 -0.381
40 12 53 -0.561
37 11 13 -0.515
41 15 53 -0.548
34 4 85 -0.714
19 26 31 0.605
38 10 90 -0.695
41 5 84 0.197
13 33 34 -0.128
16 23 103 -0.684
36 12 126 -0.745
41 11 52 -0.469
15 33 32 1.282
24 17 2 0.327
13 32 147 0.116
13 31 111 -0.695
31 17 94 -0.750
34 13 10 -0.487
16 33 144 0.287
29 9 4 1.724
35 12 121 -0.688
34 19 21 -0.579
11 30 107 0.605
15 29 66 0.412
11 37 70 0.866
9 44 102 -0.445
38 4 85 -0.727
23 25 61 -0.456
15 33 36 2.400
16 23 73 1.338
12 38 70 2.473
33 17 117 -0.748
27 25 99 -0.720
35 19 55 -0.560
37 14 122 -0.099
16 26 110 0.666
27 24 99 -0.685
34 17 9 -0.695
9 42 109 -0.083
22 20 0 0.822
44 7 88 -0.731
15 24 74 -0.301
20 29 101 -0.563
35 8 48 -0.750
16 39 137 -0.688
30 25 60 -0.463
41 15 88 -0.661
29 30 96 -0.732
39 12 85 -0.289
17 31 144 0.715
43 6 88 -0.741
39 9 83 -0.252
30 14 79 -0.738
15 31 38 0.230
18 22 147 2.140
26 29 136 -0.738
21 29 38 -0.172
20 26 73 0.176
33 17 56 -0.709
42 7 9 0.833
24 21 62 -0.743
19 28 63 -0.200
37 18 48 -0.686
11 31 109 0.678
29 18 39 1.546
38 14 56 -0.374
31 25 6 0.035
31 22 42 -0.073
17 23 73 1.830
19 28 111 -0.559
10 33 33 1.110
10 41 71 -0.002
35 16 122 -0.750
12 34 145 -0.132
14 30 103 -0.554
16 24 34 3.497
28 27 115 -0.732
10 36 109 0.307
18 24 28 1.509
11 24 69 3.235
22 37 78 -0.649
22 33 137 -0.750
36 9 18 -0.720
16 37 100 -0.714
15 30 142 -0.299
21 37 101 -0.634
12 29 105 -0.309
16 26 29 -0.277
39 16 129 -0.730
28 21 59 -0.626
14 15 31 0.154
20 40 64 -0.059
36 15 20 -0.497
38 17 132 -0.567
20 28 63 -0.457
37 18 122 -0.598
42 8 13 -0.118
30 23 94 -0.750
29 25 136 -0.682
14 31 67 0.597
34 19 18 -0.693
19 36 63 -0.013
23 36 23 -0.627
7 39 105 -0.638
14 35 106 0.305
33 0 82 -0.750
41 17 55 -0.322
29 22 23 -0.434
33 21 6 0.488
33 19 41 0.464
20 16 31 0.163
40 4 14 -0.605
15 29 102 -0.356
11 40 32 0.933
19 15 75 -0.339
41 7 14 -0.562
32 16 79 0.302
39 10 86 -0.296
22 29 25 -0.393
10 32 32 2.268
44 11 124 -0.737
27 22 63 -0.566
38 16 55 -0.616
14 24 68 -0.422
19 37 63 -0.336
35 3 84 -0.686
34 10 9 -0.600
40 12 14 -0.189
39 10 49 -0.593
35 0 82 -0.671
22 19 112 1.427
16 25 28 2.794
37 11 48 -0.547
27 16 61 -0.143
35 20 95 -0.602
39 19 55 -0.563
21 32 101 -0.568
26 29 23 -0.544
36 19 120 0.074
38 10 53 -0.724
13 32 149 -0.402
16 19 31 1.757
12 20 69 1.946
15 25 141 -0.147
23 31 137 -0.693
32 17 44 -0.236
38 10 121 -0.688
14 36 75 -0.693
43 7 50 -0.501
40 10 13 -0.292
29 27 115 -0.663
35 7 87 -0.750
19 31 0 0.284
12 25 107 1.014
33 7 121 -0.747
41 7 90 -0.750
35 12 54 -0.750
15 35 147 0.882
30 23 44 0.753
31 24 80 -0.338
23 29 77 -0.741
11 34 109 1.226
13 36 33 1.368
33 22 43 0.258
15 22 103 0.356
20 23 112 1.742
20 31 137 -0.615
39 12 55 -0.518
18 37 73 -0.020
28 32 59 -0.745
36 10 9 0.214
36 19 7 0.795
24 28 100 -0.373
33 10 124 -0.750
37 18 120 -0.217
43 2 12 -0.496
12 37 109 0.838
35 21 20 -0.417
38 16 132 -0.672
40 10 91 -0.647
35 13 80 -0.196
27 22 41 -0.020
31 27 58 -0.693
40 14 131 -0.732
39 13 124 -0.745
28 24 135 -0.647
24 26 4 -0.464
37 5 123 -0.678
18 24 141 -0.115
24 21 76 -0.638
18 20 31 0.887
14 36 68 2.414
18 33 101 -0.393
14 33 75 0.138
29 32 134 -0.692
38 9 45 0.016
28 17 116 0.807
44 6 52 -0.741
19 20 34 0.144
20 21 75 1.275
24 12 0 2.737
36 18 93 -0.705
39 7 131 -0.702
35 22 96 -0.636
18 24 34 0.823
36 20 83 -0.415
22 29 38 -0.236
25 24 24 0.747
27 23 44 -0.748
14 38 142 -0.260
28 20 77 -0.738
14 33 34 1.702
30 23 98 -0.176
36 14 127 -0.738
19 35 1 -0.165
31 22 80 -0.541
18 23 65 0.417
37 16 83 0.155
30 27 60 -0.327
36 20 7 1.119
23 31 78 -0.018
11 35 32 2.506
42 2 11 -0.381
17 26 75 2.560
33 19 42 0.451
36 20 20 -0.434
20 27 2 0.550
17 24 63 -0.547
18 16 34 0.514
32 13 121 -0.699
14 23 71 2.469
26 22 79 -0.452
17 35 68 2.685
16 26 34 0.788
37 17 121 -0.432
14 32 34 0.125
34 14 56 -0.750
36 23 6 1.200
35 6 85 -0.616
43 10 126 -0.345
42 8 50 -0.164
33 26 22 -0.438
37 17 19 -0.573
42 7 15 -0.456
29 23 115 -0.308
10 25 66 -0.140
27 26 42 0.001
17 30 38 1.503
30 29 22 0.260
39 13 86 -0.660
38 15 124 -0.729
15 17 33 5.193
20 24 75 -0.314
30 19 42 -0.061
22 11 1 2.799
36 14 134 -0.555
14 33 70 -0.169
23 23 62 -0.607
36 18 80 -0.582
25 21 3 0.629
29 17 39 1.757
35 9 84 -0.480
28 29 26 0.696
39 11 49 -0.611
39 17 92 -0.743
12 35 35 2.004
43 8 15 -0.349
28 31 96 -0.750
37 23 19 0.126
41 17 130 -0.746
23 34 24 -0.563
34 9 44 -0.546
29 15 22 -0.243
16 28 34 0.601
26 32 61 -0.040
8 36 109 0.778
14 44 111 -0.710
29 20 21 -0.495
41 10 50 -0.653
30 14 4 -0.002
35 3 7 -0.164
43 7 90 -0.561
40 13 14 -0.313
41 14 129 -0.669
21 31 64 0.170
43 9 125 -0.717
20 23 3 0.414
18 29 37 3.708
23 21 3 -0.527
32 16 5 1.308
18 26 64 1.168
41 14 83 0.338
37 14 13 -0.675
22 25 139 -0.153
37 7 84 -0.672
38 15 122 -0.727
15 30 71 0.203
21 31 78 -0.750
32 15 94 -0.750
41 11 53 -0.744
26 16 82 -0.747
13 32 67 1.425
16 23 31 2.560
17 29 28 0.314
38 9 18 -0.667
24 25 3 0.084
12 34 27 -0.704
26 26 79 -0.689
34 18 80 -0.492
29 25 40 -0.616
43 10 127 -0.744
37 11 15 -0.633
32 20 116 -0.683
34 16 120 -0.637
30 20 21 -0.327
16 26 72 0.890
38 16 11 -0.184
36 11 120 -0.729
22 21 27 0.760
16 32 100 -0.627
15 36 72 -0.463
26 23 137 -0.695
16 34 70 0.011
43 8 53 -0.749
10 29 67 0.643
20 27 139 -0.047
23 32 100 -0.543
13 33 107 0.610
33 23 95 -0.511
24 29 1 3.017
39 14 83 0.128
30 27 135 -0.555
16 33 109 -0.427
23 20 38 -0.018
22 20 114 0.452
38 19 8 -0.156
23 30 25 0.451
27 29 115 -0.600
31 14 120 -0.443
34 23 133 -0.750
34 16 81 -0.354
30 25 115 -0.607
33 20 95 -0.725
30 23 58 -0.650
15 32 33 2.080
36 9 87 -0.628
38 15 93 -0.696
32 21 58 -0.735
30 21 5 -0.613
26 16 5 0.348
43 15 49 -0.316
38 8 12 -0.131
36 14 57 -0.701
15 32 104 0.674
34 26 95 -0.536
18 32 26 -0.536
41 13 51 -0.541
38 13 90 -0.664
21 22 139 0.238
13 37 105 1.169
34 24 133 -0.695
36 24 120 0.098
15 27 70 0.799
20 33 64 -0.040
17 38 68 0.134
33 11 48 -0.750
12 35 71 0.833
38 7 121 -0.328
23 23 76 -0.205
16 26 1 -0.422
9 41 109 0.389
29 21 115 -0.296
39 9 55 -0.700
16 35 36 3.370
28 23 136 -0.683
19 22 34 1.039
40 15 130 -0.709
29 9 117 -0.609
15 22 34 2.076
25 33 62 -0.480
21 28 149 0.028
17 34 141 -0.411
31 18 80 -0.529
35 13 133 -0.743
38 12 132 -0.570
35 16 94 -0.703
24 22 77 -0.204
13 34 106 -0.077
38 12 7 -0.491
32 21 41 1.279
18 24 37 2.047
38 16 91 -0.685
19 34 73 0.288
12 39 72 1.171
25 25 3 1.053
38 14 48 -0.326
33 18 40 -0.311
29 27 96 -0.714
39 12 11 -0.417
27 21 98 -0.613
42 12 46 1.360
19 30 100 -0.705
19 18 149 0.546
36 14 133 -0.653
21 26 26 0.051
21 21 3 -0.239
30 20 40 0.118
39 12 129 -0.696
27 22 78 -0.161
12 31 106 -0.301
18 28 76 1.270
33 14 115 0.883
17 27 65 0.731
12 38 143 -0.368
37 15 92 -0.750
10 33 143 -0.568
40 11 11 -0.598
26 14 116 -0.425
37 24 121 -0.384
14 28 74 -0.375
18 32 104 0.186
15 23 103 0.320
15 34 113 -0.687
39 14 93 -0.744
13 28 29 -0.164
28 20 60 -0.675
14 22 106 0.465
17 38 112 -0.401
33 28 133 -0.749
19 28 28 0.801
5 48 108 -0.504
41 18 129 -0.682
10 42 102 -0.349
12 28 143 0.619
36 22 56 -0.576
26 23 100 -0.085
26 18 3 1.433
25 32 79 -0.692
28 17 78 0.015
11 43 139 -0.562
24 14 2 0.078
39 13 45 0.052
13 30 105 0.815
27 23 135 -0.734
34 21 97 -0.463
41 8 52 -0.438
29 27 39 -0.203
17 22 74 -0.453
39 17 10 -0.611
41 9 90 -0.651
13 36 35 2.881
39 10 124 -0.489
20 40 138 -0.379
28 21 61 -0.400
5 32 30 0.075
22 32 138 -0.425
13 37 35 2.187
32 21 118 -0.435
32 30 22 -0.750
10 34 65 0.169
17 25 76 -0.350
36 14 81 -0.309
21 17 112 1.726
22 33 62 -0.272
39 10 92 -0.705
13 36 36 1.529
28 11 82 -0.742
10 33 110 -0.701
39 12 12 0.044
36 9 45 -0.387
34 10 7 2.673
20 27 28 0.954
15 29 109 0.114
29 9 79 0.088
36 18 20 -0.739
25 17 38 1.985
28 28 77 0.894
25 25 4 -0.635
39 11 52 -0.540
14 30 66 -0.043
27 27 62 -0.202
38 10 8 2.517
31 20 119 -0.564
30 20 98 -0.418
35 17 81 -0.229
11 29 102 1.746
25 16 3 0.820
48 0 12 -0.613
39 18 131 -0.738
14 24 71 3.123
21 18 2 2.389
30 22 23 -0.458
11 41 139 -0.670
29 20 4 0.302
25 25 135 -0.273
39 11 123 -0.716
41 13 54 -0.724
39 12 84 0.461
16 29 1 0.912
40 7 46 -0.391
38 13 83 0.180
19 26 73 0.439
7 33 108 1.119
37 6 123 -0.748
24 11 116 -0.672
27 28 23 -0.402
41 12 18 -0.380
37 11 122 0.094
23 25 135 -0.646
14 24 70 1.177
18 28 64 0.579
25 26 61 0.116
13 34 109 0.171
31 24 21 -0.346
21 35 99 -0.666
38 20 94 -0.741
39 10 56 -0.704
25 21 5 -0.219
30 18 5 1.154
37 11 85 -0.626
27 16 114 -0.020
30 12 77 0.521
12 42 102 -0.318
27 18 40 1.242
24 12 1 2.681
36 17 19 -0.239
13 22 107 2.135
35 16 6 -0.580
35 14 121 -0.750
37 8 129 -0.747
39 4 123 -0.720
13 24 146 2.429
43 1 12 -0.397
37 15 121 -0.363
15 22 74 1.560
13 38 145 0.161
16 22 27 -0.195
26 25 98 -0.248
40 6 16 -0.590
12 32 104 -0.734
23 23 25 0.256
37 18 8 0.600
16 22 74 0.523
34 22 80 -0.054
14 37 147 -0.101
23 35 23 -0.567
13 25 141 -0.106
13 32 32 3.404
42 13 124 -0.738
24 22 76 0.721
36 8 82 0.151
10 32 106 -0.698
16 24 68 2.147
39 8 15 -0.041
9 35 146 -0.072
14 35 112 0.085
18 26 75 2.092
17 33 113 -0.686
43 9 88 -0.466
20 26 76 0.702
41 16 88 -0.256
16 31 36 3.340
39 21 94 -0.741
13 32 148 -0.730
35 19 118 -0.031
23 12 78 -0.705
37 13 45 0.068
38 8 84 0.353
42 12 17 -0.513
16 26 67 1.417
24 34 77 -0.630
11 24 105 0.157
19 32 101 -0.464
12 27 107 0.476
11 45 139 -0.626
36 13 12 -0.469
31 22 134 -0.750
10 29 65 0.128
28 35 77 0.396
25 24 5 0.543
37 10 131 -0.734
14 34 104 -0.221
31 23 98 -0.646
41 15 13 -0.410
23 22 76 -0.345
38 8 85 -0.375
36 17 49 -0.693
40 7 123 -0.743
16 25 141 0.478
39 12 124 -0.551
34 15 83 -0.575
29 28 62 -0.616
33 17 134 -0.708
19 31 113 0.000
28 18 61 -0.234
38 16 10 1.371
24 15 114 0.405
17 28 26 -0.524
40 13 56 -0.550
36 10 7 -0.579
18 22 148 -0.229
40 8 12 -0.695
14 32 31 1.891
15 24 29 -0.002
28 20 23 0.025
13 37 66 0.290
26 22 137 -0.678
38 14 87 -0.470
12 32 27 -0.697
41 9 46 -0.343
14 35 32 3.699
19 27 64 0.248
19 17 31 0.562
27 18 5 1.994
36 6 83 -0.728
31 24 6 0.320
11 30 69 0.216
29 27 59 -0.743
35 13 121 -0.533
41 15 92 -0.702
39 15 51 -0.475
28 22 41 -0.110
21 24 1 2.069
26 22 5 1.095
30 19 79 -0.688
15 33 103 0.446
12 31 68 1.708
13 35 146 -0.145
34 17 20 -0.233
16 30 32 0.423
14 34 147 0.712
33 18 81 -0.750
37 20 18 -0.609
15 30 69 0.468
12 25 67 0.255
39 17 121 0.049
38 8 14 -0.619
18 22 75 2.901
34 22 57 -0.697
6 34 108 -0.618
36 15 83 -0.644
14 30 71 0.645
21 28 25 0.609
33 18 56 -0.750
39 13 88 -0.508
35 12 43 0.230
32 12 8 -0.660
37 9 85 -0.127
25 31 26 1.086
37 10 48 -0.737
39 9 84 -0.305
17 32 138 -0.220
34 9 80 -0.371
34 13 119 -0.660
17 26 69 1.932
18 32 100 -0.687
12 30 29 1.022
34 14 124 -0.747
38 17 120 -0.186
33 13 20 -0.561
8 33 30 0.301
39 12 47 -0.629
31 27 43 -0.538
34 18 20 -0.215
14 31 103 0.448
36 23 121 -0.456
27 28 39 1.578
27 20 76 -0.534
13 34 139 -0.750
15 32 144 -0.146
21 29 63 -0.458
38 9 86 -0.392
37 11 18 -0.167
27 28 61 0.025
28 23 60 -0.516
36 15 89 -0.708
40 11 124 -0.605
16 31 75 -0.750
39 7 14 -0.522
23 12 1 1.099
26 19 39 3.115
19 23 113 0.738
42 11 54 -0.750
15 31 144 0.321
31 16 79 0.221
38 9 123 -0.750
32 23 44 0.658
34 5 44 -0.626
8 38 102 -0.243
41 9 14 -0.607
27 31 60 -0.743
30 30 60 -0.543
29 23 98 -0.013
37 13 85 -0.637
34 20 19 -0.411
38 7 90 -0.571
24 11 0 2.164
17 24 149 0.191
34 11 124 -0.750
37 19 94 -0.745
34 20 10 -0.649
32 24 59 -0.512
15 36 144 -0.042
21 28 0 0.032
9 29 107 -0.504
13 27 149 -0.535
13 36 69 0.154
32 16 44 -0.468
40 7 92 -0.732
37 7 87 -0.739
35 16 20 -0.261
31 18 135 -0.750
18 32 101 -0.486
13 29 144 -0.451
36 13 48 -0.736
34 19 6 1.256
28 28 60 -0.738
11 26 105 0.042
12 25 69 2.610
26 25 137 -0.726
11 27 105 -0.453
29 16 40 1.000
32 4 82 -0.723
16 28 148 1.212
20 24 76 0.661
39 17 54 -0.645
10 35 32 0.406
21 14 0 0.683
34 17 43 -0.013
23 13 0 3.553
42 9 51 -0.686
15 33 112 -0.358
14 30 104 -0.572
30 21 134 -0.750
16 32 32 1.526
26 18 61 -0.142
17 33 33 1.419
17 30 1 -0.043
15 32 140 0.553
28 14 39 1.346
28 22 115 -0.742
37 16 46 -0.668
30 16 39 1.769
35 14 89 -0.750
31 14 5 0.716
36 23 20 -0.607
24 27 62 -0.582
36 17 45 0.435
26 20 76 -0.450
35 13 87 -0.545
38 4 87 -0.700
35 10 126 -0.750
24 22 5 0.072
11 28 67 1.631
21 22 0 3.688
26 22 39 -0.329
42 7 90 -0.750
37 22 19 -0.144
13 30 34 1.687
35 16 85 -0.729
36 16 57 -0.427
27 16 40 0.421
39 15 54 -0.537
18 31 1 2.217
15 28 105 0.226
20 31 0 0.420
13 27 71 1.233
42 11 47 -0.316
17 21 31 0.921
45 13 91 -0.750
23 32 62 -0.193
33 25 95 -0.102
31 25 95 -0.337
33 13 9 -0.546
33 16 96 -0.606
25 26 25 0.251
39 9 122 -0.537
35 16 19 -0.662
18 34 148 0.544
42 12 50 -0.545
20 21 2 0.846
41 11 13 -0.580
41 6 15 -0.695
44 15 124 -0.735
42 10 49 -0.468
40 11 126 -0.732
25 36 77 1.784
38 21 131 -0.750
32 19 97 -0.679
13 34 68 1.711
23 17 3 0.235
35 10 80 -0.152
14 33 30 0.401
32 19 134 -0.234
26 24 44 -0.724
30 22 61 -0.219
26 30 63 -0.385
37 14 87 -0.522
12 35 147 1.113
18 19 110 0.165
35 6 44 0.064
37 18 81 -0.184
18 33 104 -0.507
24 24 82 -0.636
33 15 9 -0.458
35 18 19 -0.393
15 32 36 3.779
16 37 148 -0.453
27 21 99 -0.679
14 23 69 2.452
28 20 98 -0.553
15 35 140 0.112
34 17 96 -0.700
31 22 94 -0.726
21 24 101 -0.327
26 29 39 0.410
28 29 136 -0.550
30 27 21 -0.610
18 20 141 -0.111
32 6 123 -0.750
40 13 85 0.093
9 40 108 0.435
19 26 113 -0.434
43 4 88 -0.610
28 12 44 0.396
38 18 121 -0.233
13 38 104 -0.347
27 15 4 0.077
29 15 115 1.023
38 7 87 -0.702
36 9 12 -0.644
31 15 58 -0.653
11 32 70 0.762
38 20 56 -0.690
35 14 54 -0.750
15 33 71 0.362
37 14 56 -0.434
39 8 121 -0.065
38 14 47 -0.302
12 29 67 0.494
13 35 109 0.048
8 34 108 -0.550
16 26 113 -0.605
17 35 37 -0.171
7 32 102 -0.688
31 16 5 1.947
40 12 50 -0.658
35 11 47 -0.238
40 8 124 -0.705
30 17 96 -0.647
12 43 72 -0.190
13 30 32 4.263
13 31 33 -0.672
11 33 108 0.219
35 16 10 -0.289
41 12 55 -0.395
31 4 79 -0.081
11 42 102 -0.222
17 24 103 -0.622
30 10 117 -0.529
27 29 41 -0.455
38 16 83 0.076
17 25 149 0.833
35 14 117 -0.750
28 27 79 0.160
40 8 125 -0.750
22 38 114 -0.692
23 28 79 -0.725
23 29 100 0.067
36 17 92 -0.669
42 16 128 -0.746
36 19 134 -0.659
43 10 53 -0.654
13 32 35 3.194
35 24 57 -0.445
22 22 2 1.837
18 25 33 2.833
18 20 34 1.274
30 21 98 0.005
13 37 139 -0.678
22 26 25 0.715
30 23 23 0.003
29 21 41 -0.354
35 21 81 -0.202
36 22 132 -0.727
16 37 112 -0.150
36 12 89 -0.724
28 21 60 -0.666
18 28 140 0.204
28 21 42 0.346
12 27 141 0.310
23 35 137 -0.714
36 24 132 -0.749
12 33 142 -0.627
28 22 23 -0.229
12 38 145 0.522
43 14 129 -0.456
41 10 48 -0.484
23 11 1 -0.440
31 17 116 -0.344
25 27 62 0.039
34 17 132 -0.750
31 20 58 -0.727
26 29 77 0.618
15 35 103 0.871
43 9 13 -0.639
11 37 108 -0.306
27 24 61 -0.375
33 15 42 0.180
25 31 24 -0.604
34 8 45 -0.382
37 3 123 -0.743
11 31 35 2.005
11 20 33 4.190
30 21 21 -0.456
39 9 9 0.660
14 32 141 1.180
39 11 130 -0.712
37 11 47 -0.534
33 15 10 -0.244
23 37 77 0.880
34 16 119 -0.650
35 8 127 -0.750
19 21 73 0.714
28 15 22 -0.302
10 27 144 -0.595
12 30 67 -0.515
41 14 50 -0.003
12 30 148 -0.735
20 25 139 0.319
35 16 8 1.627
21 17 138 -0.643
21 29 26 0.287
26 19 22 -0.368
41 9 13 -0.362
20 7 0 0.392
28 16 59 -0.636
27 22 134 -0.659
38 9 89 -0.750
12 39 35 3.806
43 12 125 -0.724
33 27 97 -0.686
42 14 88 -0.185
34 15 53 -0.744
23 24 25 -0.066
28 25 136 -0.673
35 18 20 0.236
22 32 79 -0.740
39 9 48 -0.531
42 17 129 -0.708
22 25 2 -0.331
32 22 59 -0.476
20 24 38 0.182
30 19 41 0.381
24 29 60 -0.745
26 8 4 1.205
42 16 91 -0.424
11 30 143 0.232
28 15 82 -0.747
38 14 86 -0.285
8 28 108 -0.301
23 26 24 -0.397
35 21 120 -0.109
16 29 111 -0.241
26 21 78 -0.336
37 15 132 -0.717
12 34 67 -0.252
28 22 39 -0.155
20 23 110 1.958
22 36 100 -0.676
21 10 0 1.815
34 8 85 -0.574
24 30 23 -0.440
19 31 137 -0.334
19 20 63 -0.450
33 17 96 -0.583
32 24 43 -0.300
22 32 26 0.123
13 29 71 1.628
13 41 140 -0.481
13 23 74 -0.306
39 13 123 -0.718
43 5 51 -0.597
18 30 112 0.725
36 14 6 -0.695
11 36 112 -0.683
26 27 41 -0.477
17 21 141 -0.197
11 33 107 -0.416
16 39 103 0.695
21 37 137 -0.587
41 12 90 -0.698
15 29 71 0.351
27 27 136 -0.586
15 33 113 -0.652
23 35 24 -0.545
13 36 105 0.048
37 14 45 0.316
29 17 42 -0.188
42 15 52 -0.224
13 35 33 1.301
24 26 139 -0.575
27 15 40 0.999
15 36 140 0.521
43 10 125 -0.729
21 27 38 -0.091
10 34 69 1.293
38 11 129 -0.750
42 8 14 -0.339
25 27 23 0.388
16 32 27 -0.250
39 10 51 -0.669
40 13 54 -0.624
13 29 105 0.290
17 32 104 1.187
12 41 147 -0.177
12 24 29 -0.134
22 26 101 0.044
35 6 82 0.169
19 18 73 0.183
17 19 110 1.274
11 35 71 0.407
42 10 91 -0.750
44 4 50 -0.310
42 9 16 -0.487
32 19 80 -0.271
24 38 77 0.825
13 39 105 1.365
27 30 24 0.002
35 8 10 -0.112
14 32 143 -0.475
34 6 119 -0.446
13 28 141 0.771
16 23 70 1.055
37 20 56 -0.547
14 34 103 0.254
36 14 122 -0.737
16 37 36 6.126
34 17 6 0.436
12 30 105 -0.211
36 9 7 -0.212
27 30 79 -0.701
33 18 6 0.688
32 18 81 -0.572
32 18 56 -0.679
36 19 122 -0.750
42 12 90 -0.747
14 31 70 -0.472
12 28 68 -0.602
38 18 122 -0.580
32 16 97 -0.693
18 33 27 0.137
35 10 7 -0.414
38 16 89 -0.750
16 27 29 -0.309
35 20 19 -0.375
40 5 126 -0.709
8 38 35 0.160
13 25 66 -0.591
40 14 129 -0.750
36 7 48 -0.726
29 16 115 0.474
41 10 49 -0.710
13 31 141 0.165
15 26 29 0.096
20 29 2 1.221
36 9 83 -0.728
40 20 88 -0.350
13 32 143 0.614
31 19 94 -0.746
14 27 144 -0.502
23 27 113 -0.684
43 7 53 -0.726
16 24 73 1.173
23 19 63 -0.031
24 31 99 -0.732
32 19 96 -0.685
35 10 48 -0.628
37 6 86 -0.627
11 38 147 -0.234
32 27 80 -0.379
42 6 46 -0.238
8 39 102 -0.618
32 19 40 -0.252
28 24 97 -0.750
13 32 34 0.833
15 32 110 -0.538
43 11 17 -0.416
29 13 117 -0.750
41 8 127 -0.681
42 12 13 -0.514
17 28 147 -0.277
35 17 41 0.430
12 33 67 0.551
19 23 69 2.343
24 26 62 -0.611
18 29 1 1.438
31 22 118 -0.631
20 28 2 2.227
28 23 39 -0.143
30 21 136 -0.737
20 24 3 0.236
32 16 134 -0.572
14 39 74 -0.420
35 21 95 -0.582
36 21 18 -0.220
14 33 31 1.717
16 23 140 -0.081
11 42 146 0.863
21 25 37 2.601
39 13 92 -0.750
35 17 11 -0.683
21 22 4 -0.525
25 31 79 -0.719
19 20 1 0.975
26 26 136 -0.750
41 16 17 -0.617
13 37 147 -0.308
15 33 110 -0.688
27 21 39 1.473
32 18 42 -0.159
29 16 44 0.837
13 33 145 0.075
20 23 138 -0.256
33 20 58 -0.424
11 34 35 0.752
14 33 71 0.055
49 5 88 -0.734
24 25 99 -0.701
12 34 106 -0.250
26 29 60 -0.551
25 24 63 -0.284
25 23 79 -0.118
42 10 18 -0.737
43 10 15 -0.258
19 24 2 0.456
13 32 70 1.845
26 20 61 -0.450
21 30 28 0.858
16 35 149 -0.474
37 17 8 0.983
30 27 98 -0.562
31 27 59 -0.726
42 14 125 -0.283
35 7 8 0.027
33 18 19 -0.209
37 14 80 0.462
32 16 81 -0.468
19 28 27 1.715
16 26 144 -0.291
17 19 73 1.015
35 12 49 -0.641
34 18 21 -0.651
41 14 18 -0.050
42 17 52 -0.366
24 32 23 -0.565
34 7 121 -0.729
11 32 109 -0.380
28 18 116 0.014
14 35 141 -0.088
20 28 137 -0.543
35 18 118 -0.045
16 26 31 1.596
39 8 50 -0.577
12 36 72 1.741
29 15 39 1.449
23 24 101 -0.238
30 19 118 0.470
35 19 47 -0.725
13 34 143 0.294
38 16 87 -0.091
11 37 147 0.049
15 39 66 0.137
35 9 45 -0.188
36 11 124 -0.750
37 12 84 -0.690
34 15 41 0.019
44 9 124 -0.739
33 16 9 -0.359
22 37 99 -0.642
20 23 31 0.432
42 12 53 -0.649
29 22 60 -0.514
35 13 83 -0.275
16 31 38 0.621
29 18 116 -0.038
13 34 105 -0.288
22 26 149 -0.612
37 9 118 1.001
12 33 103 -0.515
18 31 112 -0.399
21 18 138 -0.538
36 20 56 -0.651
35 20 94 -0.687
38 13 87 -0.588
36 15 93 -0.659
37 11 132 -0.649
18 34 38 0.452
17 35 113 -0.727
21 22 2 1.029
41 6 12 -0.233
13 33 105 0.644
30 28 96 -0.729
15 37 102 -0.362
41 10 47 -0.536
34 9 45 -0.396
33 27 133 -0.742
24 15 97 -0.747
43 12 16 0.675
8 41 108 1.385
25 32 99 -0.482
32 11 53 -0.750
37 15 10 1.250
27 27 78 -0.707
41 11 54 -0.625
29 19 115 -0.356
36 21 94 -0.728
11 40 30 3.249
38 11 123 -0.664
34 14 8 1.110
39 11 84 0.648
31 13 117 -0.544
41 15 46 0.379
11 38 145 -0.319
12 21 71 0.955
20 33 26 -0.405
27 24 41 -0.736
34 16 117 -0.750
38 8 9 0.689
34 14 80 -0.720
30 20 43 -0.509
11 44 102 -0.296
27 31 99 -0.471
37 8 48 -0.747
40 10 49 -0.528
41 7 17 -0.674
22 23 4 -0.670
23 20 3 -0.283
12 40 35 4.244
16 30 142 1.199
45 6 15 -0.684
15 35 137 -0.664
40 13 17 -0.581
17 33 67 1.301
17 28 29 -0.297
14 29 105 0.369
42 11 90 -0.693
39 12 48 -0.663
37 13 87 -0.405
41 13 125 -0.710
19 25 113 0.536
36 10 83 -0.705
34 24 58 -0.243
37 2 7 -0.455
28 24 21 -0.797
19 23 0 1.208
34 14 43 0.382
24 24 78 -0.586
30 25 41 0.108
35 22 58 -0.140
10 32 109 1.893
31 13 79 -0.002
39 15 86 -0.737
30 18 61 -0.071
38 16 49 -0.743
22 21 3 1.960
20 23 101 -0.539
10 36 35 0.734
20 22 1 3.050
29 33 60 -0.725
23 37 62 -0.197
31 17 44 -0.191
40 12 10 0.456
14 25 106 1.635
12 22 105 -0.137
35 23 95 -0.626
37 17 122 -0.472
24 23 4 -0.530
14 37 36 1.632
45 7 88 -0.666
40 14 124 -0.710
39 12 15 0.179
15 30 144 0.234
28 14 117 -0.750
19 21 28 3.196
35 7 47 -0.709
33 17 9 -0.499
28 25 59 -0.571
15 32 72 0.213
13 27 106 1.353
9 33 107 -0.626
12 40 72 0.473
31 32 96 -0.717
39 8 52 -0.638
20 28 139 -0.026
35 12 47 -0.648
20 22 4 -0.555
41 11 18 -0.520
34 20 96 -0.681
14 24 37 2.606
16 33 75 1.080
38 10 47 -0.413
24 27 23 -0.173
37 3 13 -0.695
24 24 61 -0.441
10 36 106 -0.138
13 31 68 0.365
24 24 24 0.376
15 25 144 0.332
24 30 115 -0.739
12 34 105 0.978
33 12 119 -0.629
23 25 63 -0.300
40 14 50 -0.477
13 30 144 -0.549
15 37 0 1.075
42 6 13 -0.413
17 27 139 -0.738
33 18 94 -0.750
31 14 80 -0.570
17 29 72 0.854
20 34 26 -0.001
27 22 99 -0.737
17 37 68 0.720
26 16 4 -0.083
33 21 133 -0.712
29 20 61 -0.419
13 42 102 -0.184
15 30 33 3.253
21 32 65 0.357
35 19 7 0.733
26 31 25 -0.040
34 19 10 -0.579
31 19 118 0.263
41 12 50 -0.297
23 37 63 -0.686
15 26 141 0.196
14 20 107 0.589
33 19 80 -0.566
28 24 76 -0.520
37 20 57 -0.092
38 13 121 -0.618
14 37 32 0.380
25 15 5 0.007
26 29 61 0.273
27 19 42 -0.507
12 26 106 -0.036
41 4 16 -0.673
28 20 114 -0.138
23 7 78 -0.450
24 30 24 -0.324
36 12 120 -0.425
14 20 34 1.784
13 28 74 -0.704
43 4 46 -0.370
19 29 104 -0.134
17 25 144 -0.358
22 21 26 1.179
16 27 104 -0.050
34 20 6 0.472
24 29 24 -0.024
32 15 44 -0.027
35 15 85 -0.632
34 19 9 0.974
15 30 110 -0.400
18 27 142 0.357
40 10 124 -0.615
23 30 24 -0.587
40 2 131 -0.646
29 19 41 -0.112
37 12 9 -0.688
15 42 137 -0.668
14 34 71 -0.177
39 10 52 -0.704
37 8 89 -0.750
17 25 33 2.763
16 21 113 0.470
24 36 23 -0.488
13 17 34 1.772
31 21 57 -0.657
33 22 59 -0.623
12 37 69 0.894
41 10 127 -0.748
37 10 50 -0.682
16 34 36 5.232
24 28 99 -0.749
39 16 126 -0.691
42 18 125 -0.313
41 10 122 -0.750
10 41 146 -0.175
13 30 36 0.860
28 11 115 1.140
17 27 27 0.578
36 16 56 -0.675
40 10 127 -0.747
24 22 25 -0.422
42 8 51 -0.684
19 36 73 0.087
31 23 133 -0.740
26 19 116 0.716
9 39 102 -0.300
22 28 79 -0.750
17 31 145 0.577
23 20 26 0.784
30 24 42 0.191
13 30 106 0.146
9 41 146 -0.243
11 35 105 -0.523
30 24 61 -0.511
25 27 79 0.281
39 12 53 -0.622
23 18 3 -0.584
38 21 94 -0.747
12 35 105 -0.020
25 24 76 -0.148
19 26 148 0.310
14 22 107 -0.368
19 28 33 0.198
27 32 59 -0.403
40 13 13 -0.258
23 33 115 -0.560
23 34 23 -0.365
33 26 21 0.448
12 36 142 -0.438
31 18 40 -0.117
32 20 58 -0.572
31 22 120 -0.579
43 13 91 -0.707
29 15 21 -0.290
38 13 93 -0.692
30 19 59 -0.463
15 28 141 0.543
39 10 48 -0.692
15 23 31 2.142
27 20 39 1.432
34 22 96 -0.534
36 21 57 0.188
18 29 101 -0.566
29 22 43 -0.660
16 28 1 -0.034
20 29 64 0.171
13 38 30 1.939
16 36 103 -0.145
28 21 97 -0.750
31 16 41 0.515
17 27 112 0.192
10 27 105 -0.545
36 19 130 -0.750
35 17 85 -0.747
20 30 2 1.173
32 20 81 -0.750
42 15 125 -0.582
13 29 66 0.567
43 9 50 -0.519
35 14 11 -0.565
32 11 132 -0.750
8 32 32 1.260
16 29 75 -0.663
24 35 77 -0.289
18 24 69 0.661
14 34 36 2.124
9 41 35 0.108
29 14 21 -0.296
16 33 102 -0.368
29 24 135 -0.659
13 31 67 1.015
10 40 107 -0.422
25 28 23 0.117
40 11 130 -0.745
23 27 24 0.014
39 15 122 -0.644
18 25 64 0.345
9 35 107 -0.380
11 33 146 0.299
37 17 92 -0.600
44 11 127 -0.750
19 34 101 -0.626
19 34 63 -0.196
17 20 73 0.923
33 21 119 0.062
9 37 35 0.097
14 27 145 0.050
19 22 3 0.270
12 30 109 0.054
15 35 75 -0.350
16 30 34 0.802
21 36 78 -0.728
34 12 119 -0.127
20 28 149 -0.511
23 26 139 -0.216
15 28 142 -0.003
14 31 27 -0.276
26 22 61 0.023
33 23 133 -0.506
41 16 54 -0.460
24 23 114 1.443
16 24 140 0.671
22 37 100 -0.510
27 19 115 -0.604
35 20 81 -0.244
12 33 35 1.794
39 9 50 0.470
14 31 111 -0.051
22 33 114 -0.727
27 14 82 -0.745
21 18 3 1.367
13 38 111 -0.745
18 28 113 0.723
42 11 129 -0.627
26 32 114 -0.237
12 41 30 1.116
34 16 9 0.048
24 31 24 -0.532
21 25 149 -0.328
39 10 123 -0.693
38 8 13 -0.684
15 33 142 -0.185
15 37 148 1.117
9 33 32 0.736
25 26 5 0.454
24 19 99 -0.649
11 30 35 1.215
40 8 127 -0.750
40 10 55 -0.727
21 26 63 -0.030
38 9 90 -0.718
22 23 149 -0.196
28 26 41 0.277
16 39 113 -0.670
27 19 39 1.171
29 21 59 -0.527
29 28 136 -0.736
28 25 135 -0.707
41 15 52 -0.615
16 34 72 -0.035
39 12 125 -0.743
31 18 116 -0.570
39 15 53 -0.705
17 33 112 -0.027
16 32 103 0.620
16 34 75 -0.196
18 33 33 0.334
34 18 57 -0.654
15 27 66 -0.163
17 35 112 -0.175
42 18 46 0.355
12 30 33 3.419
26 19 78 -0.633
39 9 14 -0.330
19 25 68 1.748
37 11 45 -0.209
42 6 53 -0.734
40 16 13 -0.126
11 30 144 -0.416
32 20 43 0.182
18 22 27 -0.309
29 12 79 -0.347
39 11 13 -0.644
41 13 18 -0.398
28 27 134 -0.547
34 14 119 -0.146
42 7 16 -0.149
42 20 125 -0.695
33 19 95 -0.728
12 30 71 -0.046
15 28 112 -0.279
39 12 86 0.417
19 31 33 0.907
16 15 73 1.157
15 28 37 0.627
38 5 85 -0.702
32 22 80 -0.188
31 18 22 -0.106
34 15 20 -0.513
31 28 58 -0.658
33 14 45 -0.599
32 17 10 -0.390
22 30 24 -0.275
38 7 85 -0.488
29 19 44 -0.664
19 22 2 0.667
12 31 35 1.830
22 23 38 3.976
37 15 46 -0.740
29 35 60 -0.682
14 27 142 -0.014
29 18 41 -0.500
40 17 130 -0.750
13 26 66 0.484
40 8 13 -0.438
23 21 139 -0.263
9 29 109 0.168
40 14 92 -0.670
18 21 147 0.920
37 4 131 -0.740
40 5 11 -0.213
40 14 53 -0.577
28 26 21 -0.443
29 23 22 -0.754
28 15 118 -0.717
17 25 28 0.931
25 29 136 -0.700
17 26 112 0.002
39 13 128 -0.750
26 11 44 -0.237
37 1 46 -0.659
12 37 107 -0.040
23 36 62 -0.417
32 19 42 -0.104
43 9 15 -0.295
35 14 131 -0.750
14 28 106 0.798
33 18 21 -0.466
20 32 99 -0.702
31 28 97 -0.252
38 11 89 -0.738
25 23 5 0.235
19 33 139 0.045
17 29 26 -0.680
20 27 111 -0.545
22 32 99 -0.634
22 32 23 -0.516
39 4 14 -0.660
31 23 134 -0.452
34 25 57 -0.597
41 12 13 -0.695
30 17 79 -0.559
18 31 139 -0.239
34 7 131 -0.750
27 22 60 -0.441
24 19 76 -0.037
36 7 50 -0.750
24 19 63 -0.536
26 23 76 0.248
27 24 135 -0.404
31 19 41 1.375
27 29 21 -0.603
30 24 21 -0.240
19 35 101 -0.664
15 25 34 2.638
13 37 145 0.791
32 6 119 -0.719
24 21 60 -0.602
11 34 32 1.312
25 26 99 -0.750
43 5 14 -0.560
28 31 59 -0.736
15 42 147 0.102
26 30 23 -0.686
39 11 86 -0.492
30 22 21 -0.550
41 12 46 0.664
31 23 21 -0.414
23 15 3 1.382
16 22 28 2.351
34 9 8 -0.202
16 27 144 0.151
35 4 82 -0.526
15 32 71 0.442
28 12 82 -0.745
34 16 19 -0.443
26 22 135 -0.740
12 29 107 1.471
17 24 65 1.171
25 22 39 3.810
14 28 31 1.260
30 16 79 -0.574
9 45 102 -0.559
38 11 55 -0.741
14 26 71 -0.593
14 33 0 1.511
32 23 42 1.167
13 39 29 0.267
41 15 18 -0.403
36 7 85 -0.707
19 22 1 1.411
38 13 129 -0.750
14 25 67 -0.376
33 14 97 -0.321
34 17 82 -0.741
17 35 103 0.678
43 7 11 -0.450
26 17 4 -0.009
36 13 47 -0.750
12 23 69 3.340
15 31 149 -0.304
15 30 147 0.212
38 9 84 -0.306
15 32 142 -0.218
25 16 137 -0.740
38 6 46 -0.519
28 22 79 -0.439
30 25 22 0.221
39 18 122 -0.455
38 12 17 -0.422
37 9 49 -0.747
27 21 24 1.675
39 18 54 -0.463
39 10 9 -0.108
18 26 26 -0.564
23 31 26 1.942
32 23 134 -0.310
37 18 6 1.102
36 16 45 0.136
21 27 113 -0.375
20 33 101 -0.432
16 31 74 0.344
26 29 114 0.571
21 23 138 0.046
16 20 68 1.850
34 8 8 -0.234
12 28 33 3.651
1 47 108 -0.624
14 31 106 -0.609
42 11 128 -0.746
12 42 109 -0.553
11 28 143 -0.147
13 21 33 6.795
33 20 134 -0.521
16 32 102 -0.259
30 18 43 -0.447
26 27 135 -0.750
19 21 75 0.669
39 12 87 -0.472
40 6 15 -0.583
35 24 19 -0.150
44 8 126 -0.659
19 23 111 -0.421
16 33 69 0.249
37 14 92 -0.634
21 28 75 0.448
41 12 48 -0.404
36 6 84 -0.543
29 21 61 -0.335
39 11 18 -0.629
15 20 69 3.378
20 18 139 -0.084
32 19 81 -0.482
29 24 136 -0.722
42 9 17 -0.668
14 36 144 -0.391
22 31 78 -0.738
27 25 114 0.528
41 14 16 -0.343
37 8 18 -0.521
30 13 40 0.248
15 31 104 0.498
9 36 146 -0.146
22 29 63 -0.288
24 26 76 0.213
11 37 146 -0.107
32 15 79 0.330
16 33 140 -0.695
36 19 6 1.174
27 23 62 -0.591
31 26 97 -0.456
16 24 28 2.704
41 11 16 -0.443
31 25 96 -0.686
31 13 116 -0.291
33 20 93 -0.750
41 10 15 -0.586
26 28 39 -0.562
34 17 93 -0.750
14 34 68 0.505
43 10 129 -0.736
13 29 146 4.085
13 30 67 -0.090
15 36 36 3.119
15 26 70 1.046
42 15 17 -0.632
33 20 97 -0.542
15 34 102 -0.215
27 22 79 -0.266
27 26 62 -0.292
13 32 31 0.392
26 20 44 -0.750
38 17 131 -0.739
34 14 57 -0.579
17 33 65 0.781
38 13 122 -0.353
31 26 96 -0.750
36 5 18 -0.486
37 17 133 -0.741
23 26 137 -0.738
33 16 8 -0.424
10 30 65 -0.636
42 9 50 -0.540
9 40 35 0.206
24 28 23 0.232
17 34 140 -0.453
40 8 126 -0.650
29 27 23 -0.443
38 11 51 -0.492
22 15 138 -0.521
38 11 43 0.158
30 24 41 0.298
18 32 139 -0.408
15 36 75 -0.741
19 36 140 -0.268
25 28 135 -0.646
38 16 131 -0.692
38 16 129 -0.739
34 12 46 -0.637
39 1 12 -0.664
15 37 67 0.273
13 30 71 -0.457
15 19 73 1.032
42 17 88 -0.438
23 34 62 -0.250
24 24 139 -0.211
20 30 101 -0.738
30 26 22 0.980
29 12 115 0.955
38 13 55 -0.742
33 23 119 -0.725
42 9 88 -0.726
36 18 122 -0.736
14 33 104 1.635
36 11 83 -0.748
22 22 26 -0.319
21 26 101 -0.161
13 32 140 0.105
31 14 7 -0.259
18 25 37 2.538
27 28 99 -0.570
20 21 73 0.835
15 30 66 0.951
17 24 147 0.938
36 9 8 0.508
13 23 71 3.202
25 29 27 1.460
19 28 73 -0.211
42 13 16 -0.238
17 21 75 2.560
13 37 72 1.037
14 26 142 0.291
39 15 123 -0.678
25 23 38 0.001
21 30 101 -0.400
22 22 28 0.979
9 27 29 0.912
19 13 138 -0.592
39 2 12 -0.695
12 39 65 -0.104
34 16 20 -0.491
41 13 53 -0.674
25 23 39 3.774
19 21 1 0.485
38 10 14 -0.021
32 28 22 1.567
21 24 111 -0.543
14 31 147 1.324
20 26 139 0.039
11 33 30 1.508
41 7 124 -0.734
12 30 69 1.454
12 33 70 1.458
27 11 4 0.976
16 25 34 2.633
24 34 62 -0.585
20 29 26 -0.548
40 8 90 -0.749
11 26 66 2.200
22 34 137 -0.747
32 22 134 -0.243
37 13 124 -0.750
45 4 88 -0.750
22 16 112 0.922
42 16 129 -0.489
35 18 6 0.284
25 27 114 -0.336
41 11 92 -0.596
23 26 78 -0.387
23 25 76 0.428
11 37 32 2.375
34 23 20 -0.379
35 13 85 -0.720
14 19 73 0.384
33 8 45 -0.295
13 32 109 -0.534
39 13 51 -0.447
18 37 137 -0.413
16 27 75 1.069
39 14 9 0.094
40 16 11 -0.254
22 22 113 -0.714
30 19 43 -0.634
13 38 147 0.553
34 12 7 1.421
34 20 7 0.780
30 19 61 -0.241
21 27 2 1.919
24 30 100 -0.052
32 14 10 -0.671
35 16 131 -0.747
16 31 103 -0.304
38 17 92 -0.750
40 10 16 -0.585
24 30 61 -0.495
36 13 87 -0.508
24 27 27 -0.222
42 16 17 -0.641
29 22 118 -0.230
44 14 129 -0.750
17 34 100 -0.704
37 18 133 -0.695
23 36 137 -0.737
28 34 77 0.471
18 18 110 0.550
24 26 99 -0.730
37 21 19 0.860
40 11 91 -0.616
31 17 97 -0.738
36 6 7 -0.152
15 32 113 -0.586
26 25 100 -0.311
31 15 7 -0.235
14 36 112 -0.602
35 20 118 -0.176
27 18 39 1.726
36 8 15 -0.695
13 30 110 -0.537
7 33 32 0.155
16 32 141 -0.406
20 20 75 0.232
20 22 3 0.196
25 30 24 -0.354
42 14 18 -0.472
17 35 69 0.520
12 33 106 -0.045
30 22 42 -0.193
34 16 93 -0.750
21 24 26 0.354
33 25 57 -0.729
22 22 101 0.470
35 10 8 -0.011
42 18 130 -0.750
15 27 144 0.242
20 12 3 -0.568
35 20 93 -0.750
18 24 73 0.506
40 14 86 -0.583
28 23 79 -0.252
37 6 85 -0.362
40 9 83 0.186
41 14 52 -0.402
15 27 74 -0.146
18 31 33 0.573
36 6 11 -0.664
23 19 101 -0.150
14 32 148 -0.683
38 12 56 -0.464
15 32 149 -0.516
30 23 41 0.696
11 41 30 0.135
14 40 113 -0.601
38 13 89 -0.748
25 20 114 0.874
26 17 44 0.366
31 17 96 -0.750
22 29 24 -0.382
21 23 27 0.087
34 10 45 -0.536
16 35 67 -0.035
31 29 97 -0.298
41 7 51 -0.750
25 25 62 -0.216
27 16 42 -0.231
16 25 64 1.631
37 14 18 -0.142
27 21 120 -0.684
21 27 25 1.841
12 34 35 1.176
34 13 47 -0.154
27 20 40 1.453
12 39 105 0.291
17 21 110 0.690
30 20 41 0.098
13 41 72 0.146
15 31 75 0.883
12 32 145 0.112
40 8 54 -0.750
12 22 69 3.300
38 17 56 -0.192
34 9 126 -0.750
13 30 148 -0.619
30 29 94 -0.742
9 32 35 3.252
36 17 80 -0.495
25 25 24 -0.181
8 26 107 -0.354
42 7 92 -0.688
39 7 15 -0.359
40 6 14 -0.683
34 19 59 -0.615
42 16 51 -0.363
27 20 116 -0.493
25 22 135 -0.550
34 12 47 -0.256
13 40 67 -0.495
23 26 5 -0.232
36 12 47 -0.598
27 27 134 -0.645
29 17 40 1.618
12 31 141 -0.693
11 21 105 -0.391
31 12 45 -0.585
10 32 146 -0.449
17 18 34 2.159
40 15 129 -0.591
35 18 121 0.104
26 21 4 0.026
23 21 112 1.131
37 8 124 -0.686
35 17 47 -0.739
36 5 85 -0.706
27 30 40 -0.495
40 9 92 -0.750
41 12 15 -0.609
25 22 59 -0.483
31 28 134 -0.750
16 28 145 0.100
19 28 149 -0.322
28 12 118 -0.742
33 24 58 -0.696
38 7 46 -0.651
15 25 147 1.225
40 15 54 -0.640
26 19 76 -0.210
13 30 102 0.681
20 26 38 2.815
22 23 3 1.415
31 5 82 -0.721
18 33 102 -0.727
13 29 34 0.731
27 32 134 -0.750
17 33 103 -0.307
12 31 149 -0.137
20 35 137 -0.619
38 5 7 -0.432
22 16 76 0.123
11 34 106 -0.605
11 34 143 -0.196
15 33 105 0.021
9 39 107 -0.570
26 26 114 -0.038
43 16 128 -0.749
33 17 119 -0.185
16 35 72 0.215
37 12 13 -0.666
16 31 142 -0.018
27 30 60 -0.647
32 25 58 -0.561
24 17 5 -0.488
41 14 53 -0.541
16 33 68 0.055
39 19 131 -0.711
39 15 91 -0.730
15 25 64 -0.038
34 12 54 -0.747
16 22 1 -0.239
14 28 142 0.318
41 10 84 -0.120
39 10 16 -0.548
35 16 82 -0.408
16 38 147 -0.577
31 14 96 -0.750
37 11 91 -0.689
39 9 47 -0.536
23 24 4 -0.367
28 26 136 -0.743
23 31 100 -0.388
12 25 106 -0.218
22 35 115 -0.536
38 14 121 -0.323
16 26 65 0.149
12 32 107 0.139
43 8 17 -0.695
21 26 1 3.200
38 6 50 -0.685
21 28 37 4.302
39 6 50 -0.741
40 17 53 -0.219
12 33 147 0.519
43 6 50 -0.470
18 22 69 1.735
36 23 132 -0.724
42 2 15 -0.679
16 21 74 0.353
36 13 46 -0.728
17 27 104 0.294
27 20 98 -0.711
19 22 64 0.942
38 11 13 -0.527
16 25 31 1.357
16 29 32 0.939
40 11 54 -0.638
26 16 39 0.883
38 15 45 -0.419
24 36 114 -0.608
38 11 85 -0.230
14 41 66 0.805
17 33 29 0.014
27 29 59 -0.437
35 15 93 -0.747
28 30 23 -0.375
40 14 18 -0.669
20 27 149 -0.254
29 32 96 -0.750
31 23 22 -0.154
28 14 5 -0.560
26 34 23 -0.738
36 19 20 0.882
27 31 25 -0.491
38 14 55 -0.398
36 19 19 -0.364
37 7 13 -0.631
13 35 32 3.368
39 21 130 -0.750
17 41 137 -0.669
17 36 138 -0.085
34 19 56 -0.477
38 8 89 -0.683
23 25 136 -0.673
35 18 57 -0.277
26 17 39 1.603
35 19 45 0.586
35 19 20 -0.284
40 10 86 -0.747
33 17 43 -0.070
38 5 12 -0.695
40 9 49 -0.725
13 29 74 -0.597
38 11 15 0.378
15 33 70 -0.322
42 9 90 -0.750
17 26 144 0.097
19 30 0 0.414
35 14 87 -0.543
13 20 34 3.483
17 19 1 -0.252
39 12 121 -0.161
41 2 12 -0.394
14 31 148 -0.602
40 16 54 -0.488
37 16 133 -0.657
14 32 149 -0.586
37 16 54 -0.630
25 34 62 -0.334
8 40 145 -0.237
32 13 8 -0.399
18 22 141 0.000
40 12 88 -0.521
21 32 26 -0.081
17 27 28 1.276
10 32 143 0.178
41 15 48 -0.718
24 21 116 -0.459
28 23 98 -0.745
18 30 1 0.614
26 27 23 -0.675
20 23 139 0.164
17 21 34 1.706
13 34 67 0.884
38 5 15 -0.625
29 25 60 -0.375
28 23 76 -0.390
18 28 68 0.684
30 18 116 -0.148
22 31 63 -0.608
36 19 132 -0.717
38 8 48 -0.525
26 15 78 -0.678
35 13 10 -0.470
36 11 54 -0.678
31 24 60 -0.267
40 20 55 -0.579
29 16 22 -0.122
19 23 73 1.064
16 29 34 1.649
29 12 40 0.289
38 21 120 0.070
30 28 41 0.687
16 32 71 1.164
37 5 13 -0.695
12 36 32 2.409
41 6 90 -0.750
25 16 2 0.059
28 13 4 0.642
23 24 28 1.387
37 18 121 -0.745
25 33 39 -0.713
42 2 17 -0.657
16 31 140 0.113
35 12 80 -0.197
23 27 26 0.901
28 30 59 -0.745
25 21 99 -0.743
36 15 133 -0.750
43 7 12 -0.582
17 31 68 0.112
34 12 124 -0.750
25 32 26 0.448
19 31 140 0.021
42 13 92 -0.513
11 35 30 2.945
17 30 37 2.555
9 31 108 -0.318
39 13 10 0.906
30 14 118 -0.185
34 12 44 -0.209
29 20 22 -0.331
14 30 147 1.711
33 10 123 -0.731
7 35 35 0.338
26 23 80 -0.699
25 24 116 -0.453
33 23 57 -0.594
37 4 18 -0.503
15 35 68 0.482
37 11 53 -0.750
12 34 32 2.993
28 28 136 -0.460
28 14 116 0.569
28 21 22 0.185
21 28 79 -0.750
21 30 77 -0.594
31 23 97 -0.669
40 7 87 -0.502
17 24 27 -0.377
10 29 108 -0.309
22 33 100 -0.575
38 10 9 1.410
41 15 54 -0.596
21 33 26 0.110
15 39 75 -0.582
29 28 135 -0.745
40 13 16 -0.165
11 21 107 0.192
10 38 108 1.146
42 13 54 -0.620
33 24 80 -0.436
23 19 136 -0.750
11 40 71 0.005
19 35 148 0.685
28 33 77 0.535
14 35 147 0.055
35 11 120 -0.750
40 7 11 -0.499
42 11 92 -0.659
36 23 7 2.006
22 16 0 2.496
45 6 16 -0.597
35 16 81 -0.536
12 32 109 1.662
22 23 101 -0.474
15 30 67 0.794
37 16 87 -0.266
36 17 10 1.285
30 26 98 -0.616
36 23 58 -0.613
42 5 13 -0.364
25 28 24 1.416
24 25 24 0.520
40 14 45 0.360
43 11 91 -0.750
19 28 37 0.783
21 35 100 -0.679
15 39 140 0.532
41 4 11 -0.422
29 31 135 -0.592
33 21 19 -0.260
36 14 47 -0.504
19 26 75 1.536
14 39 142 -0.262
29 23 60 -0.379
28 27 136 -0.693
11 24 67 -0.314
26 23 97 -0.748
37 10 85 0.083
15 37 74 -0.079
23 23 5 -0.274
11 29 105 -0.322
40 10 84 -0.019
20 29 113 -0.266
29 22 97 -0.459
19 23 76 0.994
42 11 49 -0.685
41 11 124 -0.626
38 11 90 -0.683
38 11 86 -0.680
29 23 79 0.005
36 12 57 -0.559
27 19 120 -0.705
19 24 65 -0.356
43 13 46 1.741
20 25 28 2.049
7 37 71 -0.551
41 15 17 -0.442
34 21 57 -0.603
17 22 33 4.441
38 7 123 -0.730
11 36 32 2.304
8 37 102 -0.224
15 25 103 1.672
35 19 19 -0.404
8 36 146 -0.652
15 32 75 1.863
31 15 118 0.216
37 20 19 -0.298
41 13 46 -0.121
13 25 106 -0.111
38 9 85 -0.695
19 24 26 3.615
35 7 7 -0.470
31 17 10 -0.575
14 40 112 -0.230
23 21 149 -0.636
22 23 2 0.028
24 18 82 -0.669
35 10 132 -0.698
32 19 117 -0.695
33 13 96 -0.612
22 30 138 -0.572
34 15 9 0.032
24 25 4 -0.692
34 0 82 -0.668
35 17 57 -0.327
27 25 120 -0.709
34 20 93 -0.750
12 36 67 -0.371
13 30 141 0.163
32 16 6 1.408
43 9 52 -0.561
15 36 112 -0.398
5 47 108 -0.548
20 24 138 -0.452
24 20 3 -0.004
15 21 34 1.631
21 34 101 -0.449
40 14 91 -0.702
16 35 137 -0.586
36 12 82 -0.672
30 21 57 -0.627
22 36 78 -0.712
23 32 78 -0.653
18 32 65 -0.193
32 17 5 1.222
43 11 49 -0.482
20 26 2 -0.474
17 32 72 0.189
9 43 102 -0.305
22 20 27 0.876
33 24 59 -0.629
31 25 22 0.337
38 9 13 -0.653
33 19 19 -0.626
38 14 10 1.277
25 27 25 -0.715
20 29 28 0.703
24 32 77 0.018
25 26 60 -0.513
42 10 11 0.386
40 19 55 -0.434
15 31 66 -0.316
24 25 100 -0.017
34 21 133 -0.746
26 26 61 -0.280
24 20 114 0.938
13 33 104 -0.275
42 8 126 -0.750
34 21 93 -0.749
14 23 145 -0.328
33 20 131 -0.750
17 37 36 3.440
11 33 109 0.731
33 22 81 -0.744
17 24 110 0.954
40 4 16 -0.692
23 17 138 -0.750
19 36 138 -0.441
32 21 96 -0.612
14 32 67 1.058
14 25 141 -0.325
19 26 63 -0.291
38 15 56 -0.566
35 15 133 -0.676
38 3 12 -0.689
31 8 117 -0.717
40 21 55 -0.388
31 19 58 -0.738
14 34 33 0.425
40 17 91 -0.734
6 29 108 -0.620
34 15 134 -0.738
36 13 83 -0.580
13 28 107 1.612
35 8 50 -0.720
35 11 119 -0.120
32 21 21 -0.281
39 11 124 -0.747
33 19 119 -0.430
37 10 87 -0.732
15 24 73 1.195
15 27 28 1.314
27 29 77 -0.048
18 25 65 0.379
25 19 3 0.305
30 21 40 0.539
41 9 84 -0.090
16 27 34 1.986
38 3 84 -0.729
22 29 4 -0.695
39 16 85 -0.399
37 8 47 -0.741
20 18 138 -0.589
17 33 149 -0.463
38 18 57 -0.661
16 34 105 0.207
35 24 119 -0.697
41 8 51 -0.635
17 36 148 -0.461
40 11 89 -0.734
17 25 74 -0.261
34 20 119 -0.282
39 18 93 -0.744
34 22 6 0.503
34 22 20 -0.068
27 20 117 0.237
28 17 80 -0.720
42 12 14 -0.569
40 6 124 -0.721
12 39 70 1.397
39 11 125 -0.750
11 41 71 -0.554
44 15 129 -0.744
36 3 84 -0.620
21 24 63 -0.393
12 37 143 -0.048
42 16 88 -0.712
28 25 41 -0.406
40 5 16 -0.485
15 37 112 -0.316
29 21 21 -0.770
11 30 65 0.068
37 11 123 -0.736
13 39 106 -0.161
29 26 136 -0.662
19 21 110 1.914
35 10 49 -0.750
16 33 67 0.172
40 18 130 -0.732
18 19 34 0.714
35 10 46 -0.738
24 22 78 -0.649
46 8 126 -0.750
33 11 9 -0.680
16 34 143 -0.011
35 19 6 -0.053
29 16 96 -0.750
30 26 58 -0.665
35 17 19 -0.417
42 11 13 -0.695
18 31 100 -0.750
13 37 29 1.237
38 4 123 -0.707
36 16 19 -0.567
12 22 67 1.552
15 41 75 -0.698
28 26 60 -0.475
37 7 86 -0.706
15 28 145 0.353
10 24 67 -0.457
18 21 27 -0.416
43 5 46 -0.359
37 15 84 -0.443
40 6 91 -0.418
24 34 60 -0.728
22 19 27 0.345
38 15 8 0.954
26 29 62 0.066
27 25 76 -0.508
39 12 10 0.366
26 26 44 -0.691
42 1 12 -0.570
16 30 1 -0.360
23 25 1 2.010
13 32 27 -0.574
44 12 51 -0.733
38 18 80 0.155
15 37 109 -0.317
10 31 68 0.216
40 13 86 -0.176
22 25 24 0.517
16 26 73 0.051
13 35 34 0.605
42 3 17 -0.681
9 33 29 0.778
30 28 21 -0.718
31 19 80 -0.506
30 30 22 -0.281
36 7 118 -0.447
41 13 16 -0.513
34 24 132 -0.742
14 31 140 -0.061
31 19 22 0.351
36 21 6 1.981
22 32 25 0.054
38 16 7 -0.306
33 27 80 -0.447
35 23 57 -0.666
11 31 106 0.000
32 10 119 -0.742
33 9 84 -0.684
15 33 72 -0.398
19 20 73 0.156
42 11 11 -0.252
25 25 100 -0.523
24 30 0 -0.006
35 9 119 -0.031
40 9 130 -0.736
21 32 38 -0.526
27 24 42 -0.197
13 27 107 0.541
24 16 4 -0.231
23 27 100 -0.494
31 24 118 0.664
43 6 17 -0.412
40 12 17 -0.659
18 31 38 1.980
16 35 148 -0.121
38 11 45 -0.081
37 9 15 -0.695
37 17 7 -0.522
24 22 139 -0.111
17 28 141 0.426
19 28 139 -0.045
41 13 88 -0.415
27 23 42 -0.104
21 28 64 0.004
37 16 131 -0.648
18 27 65 -0.281
21 24 113 -0.203
42 13 129 -0.681
15 38 0 0.587
40 7 125 -0.729
20 32 101 -0.691
15 30 36 1.827
19 38 138 -0.522
15 31 67 0.250
12 38 35 3.230
13 30 103 0.731
28 37 60 -0.750
43 7 126 -0.736
13 34 29 1.448
10 38 32 2.507
23 27 63 -0.569
23 33 99 -0.719
31 15 120 -0.745
34 21 119 -0.686
16 36 102 -0.330
36 22 18 -0.591
4 42 108 -0.700
29 13 39 1.765
38 11 93 -0.750
31 19 44 0.344
24 24 136 -0.702
12 35 67 0.684
14 32 147 -0.126
38 12 55 -0.700
15 33 140 0.010
13 28 68 2.460
28 18 39 0.413
32 18 5 0.892
36 19 8 1.012
26 25 62 -0.408
15 37 33 3.089
22 12 78 -0.727
31 27 60 -0.595
33 11 20 -0.754
12 25 33 3.281
29 22 77 0.085
16 37 75 -0.322
20 27 137 -0.580
36 19 55 -0.435
36 8 85 -0.720
40 6 13 -0.695
12 35 104 0.751
32 22 97 -0.404
29 20 41 0.102
15 35 144 -0.484
38 11 83 -0.292
22 27 37 0.498
15 34 70 -0.295
26 24 60 -0.441
40 18 53 -0.479
19 25 27 3.278
22 20 62 -0.661
38 12 90 -0.750
18 21 31 0.642
9 38 109 0.919
45 16 51 -0.655
38 16 127 -0.650
32 17 20 -0.331
29 24 23 -0.211
39 15 83 0.130
34 9 124 -0.730
12 26 107 0.636
9 37 147 -0.561
11 32 147 -0.204
38 17 94 -0.750
35 17 82 -0.373
13 29 65 -0.243
42 13 128 -0.739
38 13 124 -0.613
10 32 145 -0.662
36 19 95 0.031
12 39 145 -0.154
29 26 134 -0.488
22 18 3 0.540
42 16 47 -0.344
39 15 48 -0.671
22 34 100 -0.457
31 23 40 2.015
16 21 28 1.565
29 26 96 -0.721
32 20 44 1.071
13 37 102 -0.654
19 21 2 1.030
23 24 114 1.802
38 2 12 -0.630
20 29 0 0.235
41 6 127 -0.728
23 29 113 0.126
41 18 88 -0.301
30 23 97 -0.728
16 21 1 -0.183
20 31 73 0.152
15 35 149 -0.534
35 11 126 -0.750
25 30 114 -0.261
38 11 84 -0.626
12 23 34 2.142
39 4 15 -0.684
14 28 67 1.917
16 28 74 -0.259
24 22 136 -0.750
29 24 42 -0.430
43 7 51 -0.561
17 29 37 4.925
39 12 123 -0.750
19 27 3 -0.672
40 12 13 -0.618
32 16 115 -0.586
42 17 128 -0.696
18 31 37 0.003
31 16 22 -0.569
10 40 105 -0.225
12 32 147 -0.247
42 11 50 -0.525
37 14 47 -0.586
38 19 83 -0.688
17 29 141 -0.530
23 25 39 -0.136
13 34 66 1.417
39 12 92 -0.641
34 16 118 -0.120
12 36 69 1.938
17 34 36 5.088
14 36 141 0.055
21 19 31 0.014
30 23 134 -0.662
29 32 60 -0.726
19 19 64 -0.059
39 11 51 -0.734
37 13 92 -0.588
27 17 118 -0.635
34 15 47 -0.541
23 32 26 0.157
13 30 70 0.904
14 43 111 -0.552
35 7 44 -0.618
15 34 142 -0.377
34 12 121 -0.682
38 18 84 -0.472
16 23 34 2.574
43 19 130 -0.509
32 21 134 -0.273
39 16 87 -0.204
35 12 9 0.843
20 28 37 -0.231
37 6 7 1.504
34 14 96 -0.596
10 29 70 0.683
21 24 76 0.052
11 36 143 0.455
39 14 17 -0.382
29 18 59 -0.693
12 34 107 -0.194
31 18 5 0.529
14 25 144 -0.465
15 31 36 1.701
19 30 1 -0.154
13 33 69 1.107
21 24 139 -0.616
17 25 112 0.274
11 32 30 0.893
13 40 142 -0.279
38 11 14 -0.117
16 31 148 1.553
13 33 143 -0.331
34 16 46 -0.384
42 6 16 0.069
15 28 33 2.730
16 23 74 0.067
36 20 19 -0.444
40 12 54 -0.677
15 26 33 3.361
38 16 90 -0.750
17 22 73 2.392
21 36 64 -0.171
25 26 100 -0.483
25 33 23 0.065
28 27 59 -0.750
16 32 37 4.625
24 36 62 -0.231
16 32 106 -0.401
37 14 8 0.622
22 29 2 -0.647
14 26 74 0.196
12 37 106 -0.140
42 17 130 -0.727
13 40 105 1.058
17 37 113 -0.649
29 27 21 -0.532
37 3 85 -0.653
36 15 7 0.276
23 18 61 -0.707
30 28 94 -0.738
5 44 108 -0.495
21 11 1 -0.300
32 23 58 -0.660
23 21 101 -0.060
12 37 147 -0.406
13 27 35 1.958
12 32 70 1.233
35 8 7 0.744
41 11 85 0.114
16 22 70 0.638
30 12 44 0.542
24 32 99 -0.723
36 3 7 -0.282
22 21 112 1.874
15 37 142 -0.311
30 14 117 -0.472
36 17 6 1.070
24 29 100 -0.547
13 36 104 -0.529
36 9 130 -0.750
42 14 83 -0.095
28 21 77 -0.562
32 3 82 -0.728
39 15 131 -0.720
21 23 139 0.227
40 8 51 -0.584
40 3 123 -0.723
41 11 86 -0.720
23 14 3 1.009
31 24 97 -0.318
14 28 144 0.235
29 24 61 0.405
24 23 5 -0.334
25 25 114 0.232
15 28 74 -0.383
31 15 116 -0.609
39 8 123 -0.694
23 25 25 -0.211
37 21 6 2.365
14 24 106 1.087
39 10 127 -0.736
17 28 104 0.049
36 11 123 -0.750
40 8 17 -0.695
19 30 64 0.656
29 13 116 -0.427
21 16 0 1.785
28 26 39 -0.090
20 25 38 3.417
15 32 68 2.390
41 14 125 -0.613
27 23 82 -0.431
11 33 32 2.338
37 3 87 -0.741
35 21 94 -0.659
15 31 142 0.595
22 29 99 -0.701
34 4 82 -0.482
19 21 3 -0.256
40 14 130 -0.724
33 23 80 -0.491
23 23 26 0.164
27 25 135 -0.675
15 31 112 -0.615
16 38 33 1.575
37 20 95 -0.718
31 19 5 1.513
36 14 121 -0.603
41 14 124 -0.748
38 16 48 -0.644
37 9 50 -0.750
27 24 44 -0.656
23 33 25 -0.174
32 14 45 -0.748
21 20 112 0.768
21 30 27 2.197
34 19 97 -0.604
21 19 0 5.196
26 27 24 2.021
42 8 15 -0.208
11 39 139 -0.750
39 5 11 -0.501
12 27 111 -0.750
34 8 44 -0.385
42 10 129 -0.672
16 27 142 -0.183
12 38 71 0.116
32 23 59 -0.223
39 6 89 -0.651
42 20 130 -0.745
31 20 94 -0.742
36 10 118 0.006
15 35 36 1.878
12 41 143 -0.149
33 19 58 -0.448
20 28 1 1.767
23 24 3 -0.532
39 10 53 -0.744
19 26 149 -0.557
19 28 112 0.969
25 21 61 -0.040
17 31 38 0.075
31 19 96 -0.750
42 14 13 -0.559
41 3 16 -0.583
24 21 25 -0.361
12 27 66 2.691
31 23 6 0.020
35 18 95 -0.164
12 42 147 -0.281
24 20 62 -0.660
10 31 29 0.623
29 26 60 -0.476
37 14 57 -0.659
29 18 23 -0.206
16 29 31 1.335
24 30 27 1.674
14 37 110 -0.533
16 37 113 -0.670
36 21 20 -0.272
38 13 53 -0.576
28 23 41 0.426
37 10 13 -0.690
22 24 38 2.306
23 23 24 0.545
32 17 121 -0.477
35 20 132 -0.723
20 23 149 -0.211
30 18 134 -0.701
41 8 124 -0.636
38 9 56 -0.651
14 25 71 3.258
28 17 40 1.178
22 7 78 -0.738
35 14 41 0.028
18 23 73 4.279
14 30 146 0.396
20 36 63 -0.470
26 25 149 -0.661
38 6 12 -0.440
24 30 62 -0.254
36 9 118 0.500
32 26 135 -0.750
19 30 113 -0.443
16 34 102 -0.643
25 19 2 -0.001
36 22 6 0.228
22 25 4 -0.528
28 19 4 0.586
29 24 60 -0.354
21 19 63 0.298
17 29 144 0.414
21 28 101 -0.250
12 29 29 -0.385
12 41 102 -0.424
23 29 63 0.524
40 14 13 -0.074
26 20 116 -0.290
11 34 72 1.171
16 30 75 -0.716
38 7 54 -0.611
32 14 44 0.484
27 9 119 -0.744
29 25 23 -0.190
11 32 32 1.720
12 39 71 0.283
14 34 29 1.306
26 26 39 0.119
30 25 21 -0.249
41 3 15 -0.682
22 37 62 -0.286
32 16 41 0.787
12 36 66 2.563
22 36 138 -0.651
14 22 29 0.215
16 27 140 0.423
25 29 23 1.053
41 15 55 0.252
20 28 101 -0.514
25 28 62 -0.341
35 20 45 0.797
41 18 125 -0.565
15 28 104 -0.162
34 17 10 -0.695
26 26 60 -0.743
27 20 114 -0.049
14 27 106 1.297
18 27 28 0.996
25 23 3 0.121
17 25 141 0.399
17 27 102 -0.714
34 12 10 -0.461
17 30 26 0.601
39 15 9 -0.195
34 15 43 0.369
26 23 59 -0.571
21 37 100 -0.578
16 28 29 -0.459
15 29 75 -0.015
41 19 125 -0.694
38 19 86 -0.710
38 11 54 -0.721
31 23 94 -0.728
37 8 87 -0.593
20 27 26 0.605
29 22 135 -0.736
18 36 1 -0.195
43 11 129 -0.703
20 31 63 -0.587
35 21 7 0.467
35 13 126 -0.740
28 24 98 -0.417
33 11 117 -0.631
19 28 26 1.641
11 33 29 0.494
23 28 0 0.173
15 34 67 0.438
28 27 77 0.652
23 33 78 -0.604
30 27 136 -0.742
19 27 0 2.372
31 20 116 -0.596
25 30 136 -0.634
11 27 107 -0.302
41 11 46 0.746
25 27 99 -0.732
19 28 100 -0.748
29 23 59 -0.705
39 11 126 -0.716
29 17 118 -0.502
26 30 77 0.051
15 33 147 -0.584
39 11 83 0.075
13 26 70 -0.209
37 13 132 -0.686
40 16 10 0.788
13 30 75 -0.482
31 25 41 0.809
15 30 68 1.983
33 22 19 -0.432
36 11 119 -0.638
13 34 69 2.328
31 12 118 -0.179
40 12 55 -0.515
13 38 72 1.981
34 23 57 -0.548
24 31 115 -0.672
16 37 0 -0.274
20 19 110 0.854
40 9 52 -0.370
39 18 92 -0.658
18 25 27 -0.400
19 24 113 0.266
12 35 30 0.912
15 34 69 1.243
25 26 149 -0.431
25 25 99 -0.745
31 21 41 0.617
11 34 107 -0.451
15 32 66 0.759
9 36 143 -0.482
37 12 122 -0.728
28 22 61 -0.011
12 33 68 1.774
21 23 25 0.688
15 28 148 0.658
41 9 92 -0.612
28 24 39 0.265
20 32 64 0.087
25 11 116 -0.692
39 9 92 -0.736
18 33 100 -0.643
41 13 123 -0.745
16 28 142 1.192
13 35 66 0.771
29 14 39 1.169
14 33 103 1.396
30 24 134 -0.583
16 37 147 -0.498
32 14 58 -0.710
35 2 82 -0.609
37 10 89 -0.750
24 38 62 -0.150
38 12 83 -0.174
42 7 46 -0.180
22 28 25 -0.221
17 31 111 -0.451
39 15 88 -0.566
30 25 98 -0.301
31 24 58 -0.707
31 13 120 -0.750
29 17 22 0.625
24 22 38 3.158
20 23 2 0.726
29 26 115 -0.745
24 38 114 -0.650
27 15 82 -0.710
40 14 122 0.114
21 19 112 0.164
31 20 40 -0.070
12 36 71 -0.020
42 9 128 -0.745
16 18 1 -0.613
37 20 132 -0.704
34 13 132 -0.742
39 5 12 -0.470
41 7 49 -0.608
20 37 101 -0.588
40 19 88 -0.602
35 15 49 -0.644
18 17 138 -0.628
38 12 11 -0.681
18 32 102 -0.624
12 35 106 1.270
38 8 16 -0.685
34 15 56 -0.750
12 39 143 -0.057
19 21 63 -0.745
13 33 68 2.292
40 7 90 -0.721
34 15 7 0.398
17 28 27 0.251
24 20 76 0.914
19 19 1 0.635
13 35 149 -0.234
19 27 37 3.061
18 35 113 -0.741
39 15 85 -0.094
38 17 8 0.444
31 19 6 0.144
13 32 110 -0.741
38 18 131 -0.743
15 33 67 2.413
30 23 115 -0.508
40 16 17 -0.439
35 19 95 -0.329
12 31 32 2.076
11 27 144 -0.002
39 13 9 0.512
43 9 17 -0.475
18 25 139 0.221
20 29 63 -0.571
19 19 31 0.925
22 20 136 -0.685
30 16 21 0.095
27 23 61 -0.235
19 31 63 -0.258
11 38 32 3.330
20 24 64 0.685
9 38 35 0.781
28 16 61 -0.466
26 14 5 0.113
18 26 37 6.577
34 20 95 -0.518
33 22 80 -0.120
31 19 40 -0.063
26 24 6 0.014
23 20 25 -0.525
38 10 12 0.170
30 25 42 0.188
23 20 136 -0.705
39 18 91 -0.629
33 14 43 0.280
39 10 45 -0.309
38 14 92 -0.691
9 28 102 0.494
33 20 6 2.076
24 32 24 -0.357
35 14 9 0.766
30 24 118 0.697
14 38 36 1.469
40 11 83 -0.068
39 9 56 -0.504
28 26 134 -0.750
13 38 139 -0.686
38 11 91 -0.743
39 16 128 -0.698
33 18 96 -0.491
26 16 117 -0.724
37 12 15 -0.695
31 15 115 -0.557
38 13 18 -0.449
15 29 111 -0.686
19 32 64 -0.148
28 18 78 0.315
23 35 77 -0.353
35 16 120 -0.684
14 37 106 -0.418
20 32 26 -0.237
34 23 19 -0.415
43 8 90 -0.741
38 15 80 -0.519
38 14 8 0.303
17 24 31 0.580
13 36 106 -0.362
24 28 1 3.263
14 35 66 1.132
39 4 12 -0.475
39 10 47 -0.411
20 31 64 0.250
35 18 82 -0.552
13 41 66 0.264
38 12 49 -0.244
20 25 73 -0.341
36 22 120 0.196
14 37 146 0.397
36 15 48 -0.710
39 16 93 -0.710
23 22 28 2.100
12 34 72 1.921
32 7 7 -0.662
10 37 30 0.447
8 35 32 1.269
33 21 95 -0.559
14 25 142 0.432
36 7 18 -0.628
12 37 66 2.355
22 26 0 0.577
14 39 35 1.633
31 18 119 -0.638
43 11 90 -0.637
40 20 54 -0.576
14 37 142 -0.159
14 32 74 -0.356
14 34 148 0.697
32 19 79 0.924
17 31 143 -0.477
36 15 45 0.188
14 36 36 1.016
35 21 132 -0.729
22 23 139 -0.618
28 18 41 -0.391
11 37 107 -0.486
41 17 125 -0.661
21 29 138 -0.611
26 25 136 -0.735
39 15 92 -0.750
14 27 103 1.201
30 16 116 -0.273
20 19 76 0.053
24 25 139 -0.374
30 27 42 0.144
23 27 39 0.282
9 38 32 0.311
23 27 25 0.285
36 15 8 0.137
33 24 6 0.385
35 8 11 -0.189
20 19 149 0.389
40 15 125 -0.668
37 12 120 -0.528
41 11 15 -0.285
42 14 46 1.719
15 36 106 -0.122
20 26 138 -0.122
27 19 23 -0.395
39 11 54 -0.477
34 15 95 -0.052
14 33 110 -0.695
38 10 15 -0.394
31 23 58 -0.667
26 24 97 -0.738
25 31 60 -0.497
18 26 112 -0.405
29 25 22 0.738
11 37 72 1.558
18 22 28 1.376
16 21 33 2.256
27 15 115 -0.318
16 28 32 0.433
37 21 56 -0.664
39 13 87 -0.152
15 34 105 -0.436
16 19 74 0.232
31 26 58 -0.591
20 22 0 3.977
17 20 31 1.577
16 25 74 -0.474
39 7 90 -0.699
38 14 122 0.283
18 31 65 -0.409
38 12 85 -0.240
10 33 32 0.969
20 22 75 1.335
21 27 37 4.834
14 37 145 0.577
39 8 84 0.102
22 34 138 -0.697
29 27 97 -0.747
32 19 59 -0.491
34 9 119 -0.490
12 40 105 0.732
15 34 34 0.614
39 10 122 -0.266
16 32 74 2.315
22 24 3 -0.347
21 12 0 2.643
20 27 38 3.643
40 11 53 -0.741
29 20 43 -0.470
16 39 69 -0.117
43 11 46 0.876
35 18 58 -0.442
13 33 30 3.921
37 15 89 -0.750
16 27 1 -0.090
33 19 134 -0.610
43 7 14 -0.348
16 24 148 1.183
40 16 18 -0.500
34 18 8 -0.118
29 24 21 -0.470
17 22 110 -0.337
42 12 88 -0.669
22 24 2 1.628
39 8 90 -0.750
15 23 140 -0.259
32 24 80 -0.428
29 16 118 -0.713
39 8 89 -0.671
30 18 40 0.153
24 15 76 0.715
12 38 30 0.501
34 12 117 -0.455
33 15 119 -0.745
28 18 42 0.262
35 6 118 -0.532
37 16 92 -0.620
37 15 127 -0.716
17 36 38 0.008
16 35 112 -0.403
18 28 139 -0.383
38 19 93 -0.749
17 33 37 0.207
33 26 58 -0.572
17 36 68 2.176
10 32 102 1.350
29 16 58 -0.652
38 13 47 -0.281
38 12 125 -0.750
14 29 31 1.292
30 22 41 0.247
27 19 97 -0.706
38 12 129 -0.734
43 10 16 -0.571
7 32 65 -0.035
21 25 138 -0.500
15 40 148 1.715
16 22 34 2.430
38 16 56 -0.234
32 23 40 -0.513
30 21 95 -0.637
38 17 85 -0.741
17 34 37 -0.007
18 23 111 -0.657
37 11 54 -0.625
14 39 112 -0.236
17 26 143 -0.643
29 26 135 -0.612
41 12 51 -0.549
42 18 91 -0.707
13 38 106 -0.104
35 15 43 0.322
41 8 47 -0.168
41 10 129 -0.750
11 32 107 -0.240
37 9 127 -0.749
17 30 144 -0.047
36 14 9 0.096
19 32 1 -0.038
17 26 73 3.048
19 22 148 -0.046
34 22 95 -0.376
15 26 146 0.181
26 25 39 0.847
18 29 31 0.712
19 19 138 -0.329
35 14 80 0.121
30 22 96 -0.750
17 26 27 0.576
39 18 88 -0.230
32 18 134 -0.432
32 19 133 -0.601
13 32 36 2.376
12 31 146 -0.358
27 30 25 0.023
19 27 76 1.568
36 23 83 -0.725
17 29 149 0.710
20 35 101 -0.605
14 22 73 -0.352
25 20 116 -0.427
14 32 110 -0.532
39 13 53 -0.451
17 31 65 -0.347
38 21 91 -0.065
26 26 62 -0.054
26 24 63 -0.424
25 19 117 -0.000
12 30 66 -0.293
27 20 44 -0.679
20 30 64 0.394
33 14 9 -0.176
41 13 128 -0.726
31 29 60 -0.147
36 24 19 -0.498
14 34 72 2.078
18 35 37 -0.142
28 16 117 -0.746
14 36 143 0.137
17 30 29 -0.273
11 26 31 1.296
36 22 130 -0.750
29 31 98 -0.419
17 25 38 1.545
39 11 53 -0.481
41 8 14 -0.695
41 9 15 -0.675
16 34 100 -0.738
36 15 10 0.453
16 39 36 2.793
15 31 146 0.699
38 11 11 -0.344
33 14 47 -0.499
20 26 1 3.664
24 18 114 1.157
17 28 103 -0.358
37 15 18 0.002
39 13 12 -0.695
30 24 135 -0.750
40 16 46 0.403
29 27 60 -0.424
35 26 94 -0.697
35 12 87 -0.442
39 14 51 -0.506
24 19 2 -0.192
33 22 134 -0.728
41 17 17 -0.451
25 26 79 -0.720
17 28 102 -0.702
14 38 74 -0.091
19 31 104 0.208
37 11 89 -0.750
15 36 103 0.624
16 38 69 -0.055
39 17 55 -0.575
21 26 38 2.283
36 23 22 -0.313
27 21 115 -0.690
15 33 69 -0.072
14 30 34 -0.453
16 27 27 0.035
16 21 147 0.833
41 20 88 -0.205
19 23 64 -0.311
39 10 131 -0.743
34 21 6 2.034
26 23 60 -0.512
19 25 148 0.496
33 5 45 -0.595
21 21 2 0.203
32 18 133 -0.433
30 20 115 -0.464
34 10 81 -0.431
11 39 106 0.885
11 32 65 -0.267
17 30 74 -0.468
30 18 22 -0.543
12 40 109 -0.068
34 16 79 0.654
18 25 73 0.857
41 19 91 -0.657
32 25 80 -0.399
37 8 12 -0.589
13 23 69 3.841
31 22 136 -0.608
17 31 112 0.573
38 16 121 -0.327
29 21 136 -0.693
29 16 117 -0.733
26 27 42 0.105
38 10 83 -0.107
37 10 9 0.578
31 23 42 -0.340
19 28 64 1.102
14 33 33 0.811
12 30 143 0.084
26 21 76 -0.279
10 31 108 -0.389
30 24 43 -0.743
37 21 133 -0.607
16 24 110 0.917
17 35 111 -0.517
40 12 91 -0.750
14 40 67 1.922
11 33 104 -0.347
15 40 113 -0.693
29 19 117 -0.732
20 29 5 0.088
29 23 136 -0.701
12 40 70 1.867
15 34 110 0.021
42 15 86 -0.732
25 10 44 -0.709
25 27 5 0.047
26 16 3 1.039
32 13 118 -0.200
12 27 35 3.381
11 36 71 -0.180
22 19 0 5.670
38 7 124 -0.685
34 17 7 1.176
40 7 124 -0.727
16 33 147 -0.320
26 21 61 -0.027
10 29 35 1.762
38 10 51 -0.738
44 11 52 -0.624
16 35 141 -0.157
36 9 10 0.078
38 17 93 -0.747
16 27 103 -0.628
30 27 41 0.813
22 29 139 -0.497
35 18 94 -0.588
4 43 108 -0.610
40 5 13 -0.581
29 22 22 0.216
28 13 116 0.620
34 15 54 -0.729
29 25 98 0.115
13 40 30 0.047
21 33 137 -0.562
17 35 140 0.209
19 38 63 -0.136
36 18 57 -0.570
14 34 112 -0.241
36 11 47 -0.689
31 16 21 -0.036
20 24 2 -0.031
12 37 32 1.677
19 29 37 0.787
18 29 76 -0.114
15 31 74 -0.233
29 24 115 -0.604
34 9 81 -0.672
19 23 31 0.534
8 35 102 -0.412
40 11 14 -0.386
12 33 66 -0.160
18 19 63 -0.516
18 27 110 0.426
39 6 11 -0.686
37 15 48 -0.736
27 25 39 0.406
31 18 77 -0.029
40 12 130 -0.736
32 27 97 -0.644
28 31 99 -0.676
41 9 129 -0.750
25 29 26 0.221
16 32 68 -0.017
37 13 89 -0.750
33 12 117 -0.498
21 13 138 -0.610
38 10 16 -0.134
12 33 36 2.298
19 24 37 0.688
40 16 86 -0.548
34 14 91 -0.750
29 30 135 -0.750
38 14 18 -0.211
33 8 117 -0.555
30 13 116 -0.449
36 14 87 -0.571
13 36 32 0.175
16 20 34 0.792
37 4 14 -0.672
14 27 27 0.759
37 10 53 -0.750
36 13 9 1.119
28 30 40 -0.500
35 12 89 -0.749
17 25 27 -0.370
17 26 28 1.592
40 15 86 0.147
35 15 82 -0.550
35 23 20 -0.034
25 21 98 -0.491
13 28 106 0.702
37 16 57 -0.548
15 30 104 -0.173
38 20 132 -0.636
24 25 0 -0.247
14 39 32 0.425
41 12 129 -0.672
11 41 72 0.683
20 30 149 -0.676
11 35 143 0.144
33 18 43 0.074
20 35 138 -0.375
34 10 8 0.167
6 35 108 -0.724
35 23 94 -0.732
14 34 106 -0.500
42 10 53 -0.736
24 26 1 2.529
12 32 29 0.994
13 39 111 -0.583
42 8 125 -0.713
19 23 110 0.207
33 5 85 -0.593
30 23 22 0.397
27 24 136 -0.458
40 10 90 -0.750
31 9 119 -0.750
35 17 133 -0.698
43 6 16 -0.209
33 10 121 -0.750
24 34 24 -0.399
35 14 58 -0.645
36 16 8 0.685
39 10 89 -0.750
18 25 113 1.297
40 13 125 -0.750
44 12 52 -0.730
29 25 97 -0.750
13 39 71 0.031
21 25 28 1.002
23 27 139 -0.661
25 24 136 -0.732
26 20 59 -0.634
23 27 149 -0.470
34 20 80 -0.402
26 31 79 -0.678
31 17 80 -0.623
22 15 1 -0.064
41 12 14 -0.504
19 30 149 -0.381
37 13 122 -0.417
35 14 126 -0.750
10 40 145 -0.388
18 29 144 -0.297
38 20 86 -0.730
39 10 88 -0.615
14 26 144 -0.196
12 24 31 2.704
34 14 10 -0.145
14 32 145 0.104
27 27 60 -0.106
18 31 64 1.230
31 25 135 -0.750
31 20 6 -0.125
30 20 118 -0.729
35 18 47 -0.472
23 24 5 -0.366
31 14 81 -0.459
20 23 0 0.375
42 10 92 -0.724
39 13 17 -0.628
37 9 47 -0.736
38 15 57 -0.620
16 35 68 0.233
28 29 135 -0.732
33 17 6 1.808
18 23 34 0.336
30 34 60 -0.647
23 25 24 -0.465
15 23 141 -0.204
36 12 50 -0.740
19 21 34 0.188
40 9 129 -0.692
28 22 118 -0.075
35 9 126 -0.750
27 19 116 -0.344
42 3 12 -0.376
22 28 2 -0.389
39 9 127 -0.750
31 18 96 -0.735
27 19 98 -0.612
33 16 119 -0.358
35 27 94 -0.750
22 25 1 1.805
40 6 127 -0.713
35 9 85 -0.609
39 16 122 -0.750
13 31 145 1.009
15 33 144 0.096
40 10 51 -0.611
25 30 100 -0.437
14 28 104 -0.076
34 7 45 -0.459
39 19 88 -0.505
20 30 27 1.789
25 31 23 1.332
30 15 40 0.405
19 23 2 0.330
18 34 101 -0.493
14 30 149 -0.711
16 29 140 -0.682
32 21 59 -0.438
38 9 53 -0.618
27 16 77 0.341
43 9 49 -0.585
20 26 75 0.505
21 33 101 -0.707
40 15 17 0.145
31 15 119 -0.701
25 15 3 1.433
29 27 43 -0.700
33 18 91 -0.750
38 10 54 -0.368
31 22 133 -0.702
25 28 4 -0.616
18 30 68 0.617
26 24 39 -0.087
14 42 147 -0.114
22 19 114 0.614
14 22 34 1.310
32 14 9 -0.597
42 16 53 -0.719
33 10 119 -0.535
38 11 9 -0.009
13 35 30 1.178
41 18 17 -0.638
24 28 63 -0.588
37 19 92 -0.743
17 31 27 -0.185
32 17 118 -0.550
27 27 41 -0.419
18 15 2 0.232
19 26 28 2.085
11 36 68 0.271
25 34 25 -0.291
17 30 149 -0.131
29 17 21 0.138
31 13 5 0.546
22 34 25 -0.178
20 17 2 1.143
15 30 140 0.430
41 12 92 -0.639
39 10 50 -0.443
12 35 107 0.632
24 23 3 0.952
24 22 63 -0.679
40 18 18 -0.761
34 12 8 0.821
32 23 6 0.484
42 7 53 -0.729
14 37 74 -0.040
27 24 117 0.298
28 20 21 0.153
26 19 5 0.938
41 7 12 -0.085
39 12 91 -0.750
38 15 9 -0.192
34 14 9 -0.527
30 19 22 0.113
12 36 105 -0.309
29 21 5 -0.682
31 18 81 -0.470
29 22 39 0.105
32 25 59 -0.584
35 12 10 -0.544
32 18 44 -0.002
41 12 47 -0.144
15 18 1 -0.620
26 19 61 -0.178
19 16 75 0.103
37 14 93 -0.707
22 25 114 1.310
12 32 105 -0.482
31 5 79 -0.348
32 9 81 -0.667
25 28 99 0.845
34 17 44 -0.750
18 27 27 1.389
34 15 121 -0.578
13 39 68 2.133
13 28 71 1.624
35 15 8 0.986
31 20 96 -0.724
36 10 10 0.271
32 14 42 0.178
18 30 2 -0.597
35 20 41 0.021
44 9 52 -0.659
11 43 147 -0.387
14 39 67 2.038
24 21 24 0.492
37 10 83 -0.599
24 33 77 0.140
34 24 57 -0.599
36 6 45 0.294
26 31 23 -0.587
25 32 77 0.689
37 7 7 -0.164
35 9 11 -0.329
26 23 24 0.964
37 1 131 -0.661
25 29 25 0.023
28 30 136 -0.588
33 10 20 -0.738
26 32 39 -0.535
14 32 111 -0.639
27 27 39 1.862
27 32 62 -0.723
39 15 11 -0.239
17 26 68 0.501
16 24 31 3.827
37 18 56 -0.676
25 24 135 -0.604
34 4 45 -0.572
11 34 145 -0.120
42 2 12 -0.672
33 7 47 -0.691
33 13 121 -0.289
27 29 39 -0.388
28 24 60 -0.707
17 32 148 -0.171
23 30 62 -0.526
32 15 117 -0.453
26 15 38 1.453
11 43 102 -0.250
38 9 48 -0.636
17 20 27 -0.515
38 14 7 -0.129
12 24 33 5.586
17 29 110 -0.113
40 13 50 -0.662
40 12 129 -0.581
19 39 63 -0.099
29 25 59 -0.638
37 12 53 -0.598
20 28 113 -0.139
13 28 32 0.702
21 31 149 -0.335
13 26 106 0.576
12 31 33 2.688
29 26 40 -0.477
11 34 110 -0.727
14 37 66 -0.001
11 34 69 0.127
35 13 46 -0.634
30 23 40 0.853
13 40 143 -0.232
31 21 44 0.640
27 29 26 0.299
22 31 26 0.141
14 33 147 -0.395
14 32 112 -0.596
35 14 8 1.140
31 15 81 -0.692
23 24 100 -0.553
30 22 98 -0.434
38 18 132 -0.715
21 29 37 4.148
31 27 95 -0.351
14 28 70 1.862
30 25 43 -0.597
20 31 101 -0.583
42 19 125 -0.515
39 10 126 -0.723
33 13 117 -0.557
38 15 89 -0.750
22 29 37 -0.230
15 26 75 -0.750
14 37 33 1.290
20 27 1 3.051
14 26 29 -0.290
32 22 57 -0.670
25 28 39 -0.716
18 24 113 1.560
17 29 147 -0.477
18 26 28 1.698
26 28 62 0.133
41 14 46 0.366
16 33 66 0.379
28 25 44 -0.698
28 22 59 -0.746
17 31 138 -0.179
29 14 5 2.085
34 21 80 0.080
23 26 99 -0.750
29 22 21 -0.461
42 15 11 -0.302
37 9 45 -0.201
39 12 83 0.257
12 33 145 0.199
18 16 73 2.021
12 38 33 0.277
28 22 60 -0.516
27 16 59 -0.738
33 22 98 -0.253
12 32 32 3.347
37 14 17 -0.717
24 22 149 -0.472
22 21 139 -0.695
31 21 97 -0.247
14 26 2 -0.504
11 32 29 2.217
38 13 15 -0.199
43 15 129 -0.711
19 22 73 0.719
27 21 26 0.787
23 30 78 -0.017
36 17 87 -0.446
36 10 121 -0.384
16 37 33 1.837
13 28 111 0.173
16 32 105 0.538
11 31 105 -0.339
13 33 70 1.781
19 20 113 -0.002
30 23 42 -0.252
16 34 140 0.285
40 3 15 -0.695
40 7 54 -0.704
37 9 119 -0.750
38 14 49 -0.724
41 11 50 -0.324
28 26 59 -0.660
40 8 49 -0.600
39 12 51 -0.608
15 29 67 -0.147
29 22 80 -0.376
16 21 31 2.630
36 14 48 -0.727
27 18 61 -0.471
24 25 63 -0.098
15 26 145 -0.323
37 20 130 -0.750
37 16 45 0.817
36 5 8 -0.434
18 19 73 2.658
38 10 87 -0.743
19 34 26 -0.440
23 22 3 -0.381
14 34 105 -0.334
17 20 34 0.978
41 9 127 -0.700
22 33 99 -0.588
43 10 49 -0.688
26 20 98 -0.574
